,time,AirFlow,Air_Flow_Diff,ClgPct,DmprPos,DschAirTemp,EffAirflowSp,EffOcc,EffSp,HtgPct,OccClgSp,OccCmd,OccHtgSp,RmSp,RmTemp,Room_Temperature_Diff,SaTmp,StbyClgSp,StbyHtgSp,UnoccClgSp,UnoccHtgSp,VAV_Temperature_Diff,oppMode
0,2025-01-27 14:30:00,63.57,,0.0,13.5,97.07,63.57,0.0,73.99,63.885,74.0,0.0,70.0,0.0,75.23,,0.0,67.0,69.0,85.0,55.0,,
1,2025-01-27 14:45:00,63.57,0.0,0.0,13.5,88.77333333333333,63.57,0.0,73.99,52.833333333333336,74.0,0.0,70.0,0.0,75.35666666666667,1.3200000000000074,0.0,67.0,69.0,85.0,55.0,,
2,2025-01-27 15:00:00,64.27333333333333,0.0,0.0,13.333333333333334,80.05,63.57,0.0,73.99,41.26333333333333,74.0,0.0,70.0,0.0,75.41000000000001,1.440000000000012,0.0,67.0,69.0,85.0,55.0,,
3,2025-01-27 15:15:00,64.27666666666666,-2.119999999999997,0.0,13.0,76.70333333333333,63.57,0.0,73.99,37.04333333333333,74.0,0.0,70.0,0.0,75.13666666666667,1.3400000000000034,0.0,67.0,69.0,85.0,55.0,,
4,2025-01-27 15:30:00,62.86333333333334,2.119999999999997,0.0,12.833333333333334,77.59333333333333,63.57,0.0,73.99,39.46,74.0,0.0,70.0,0.0,74.65666666666667,1.0799999999999983,0.0,67.0,69.0,85.0,55.0,,
5,2025-01-27 15:45:00,64.98,2.119999999999997,0.0,14.0,83.89,63.57,0.0,73.99,47.73666666666666,74.0,0.0,70.0,0.0,74.11,0.4200000000000017,0.0,67.0,69.0,85.0,55.0,,
6,2025-01-27 16:00:00,64.27666666666666,2.119999999999997,0.0,14.0,89.55666666666667,63.57,0.0,73.99,55.14000000000001,74.0,0.0,70.0,0.0,73.76,-0.0300000000000011,0.0,67.0,69.0,85.0,55.0,,
7,2025-01-27 16:15:00,64.27666666666666,2.119999999999997,0.0,12.833333333333334,95.17333333333332,63.57,0.0,73.99,62.92333333333334,74.0,0.0,70.0,0.0,73.52333333333333,-0.3199999999999932,0.0,67.0,69.0,85.0,55.0,,
8,2025-01-27 16:30:00,64.98333333333333,0.0,0.0,14.0,100.21333333333332,63.57,0.0,73.99,69.44333333333333,74.0,0.0,70.0,0.0,73.38,-0.4799999999999897,0.0,67.0,69.0,85.0,55.0,,
9,2025-01-27 16:45:00,64.98333333333333,2.119999999999997,0.0,12.833333333333334,102.88333333333333,63.57,0.0,73.99,74.13666666666667,74.0,0.0,70.0,0.0,73.36666666666666,-0.6099999999999994,0.0,67.0,69.0,85.0,55.0,,
10,2025-01-27 17:00:00,64.27666666666666,0.0,0.0,13.666666666666666,105.96333333333332,63.57,0.0,73.99,79.05333333333333,74.0,0.0,70.0,0.0,73.36666666666666,-0.6299999999999955,0.0,67.0,69.0,85.0,55.0,,
11,2025-01-27 17:15:00,65.68666666666667,2.119999999999997,0.0,12.666666666666666,107.66666666666669,63.57,0.0,73.99,83.52999999999999,74.0,0.0,70.0,0.0,73.38,-0.6099999999999994,0.0,67.0,69.0,85.0,55.0,,
12,2025-01-27 17:30:00,64.27333333333333,0.0,0.0,13.666666666666666,108.83666666666666,63.57,0.0,73.99,84.63,74.0,0.0,70.0,0.0,73.52666666666666,-0.6099999999999994,0.0,67.0,69.0,85.0,55.0,,
13,2025-01-27 17:45:00,63.57,4.229999999999997,0.0,13.5,106.715,63.57,0.0,73.99,79.50999999999999,74.0,0.0,70.0,0.0,73.88499999999999,-0.3900000000000005,0.0,67.0,69.0,85.0,55.0,,
14,2025-01-27 18:00:00,,0.0,,,,63.57,,73.99,,74.0,,70.0,0.0,,-0.1599999999999966,,67.0,69.0,85.0,55.0,,
15,2025-01-27 18:15:00,,0.0,,,,63.57,,73.99,,74.0,,70.0,0.0,,-0.1599999999999966,,67.0,69.0,85.0,55.0,,
16,2025-01-27 18:30:00,65.69,0.0,0.0,13.5,108.43,63.57,0.0,73.99,81.1,74.0,0.0,70.0,0.0,74.07,-0.1599999999999966,,67.0,69.0,85.0,55.0,,
17,2025-01-27 18:45:00,65.69,2.119999999999997,0.0,12.75,94.1,63.57,0.0,73.99,55.34,74.0,0.0,70.0,0.0,75.07,0.0799999999999983,,67.0,69.0,85.0,55.0,,
18,2025-01-27 19:00:00,,2.119999999999997,,,,63.57,,73.99,,74.0,,70.0,0.0,,1.1700000000000017,,67.0,69.0,85.0,55.0,,
19,2025-01-27 19:15:00,63.57,2.119999999999997,0.0,12.5,74.14,63.57,0.0,73.99,29.51,74.0,0.0,70.0,0.0,75.25,1.1700000000000017,,67.0,69.0,85.0,55.0,,
20,2025-01-27 19:30:00,,0.0,,,,63.57,,73.99,,74.0,,70.0,0.0,,1.2600000000000051,,67.0,69.0,85.0,55.0,,
21,2025-01-27 19:45:00,63.57,0.0,0.0,11.5,83.8,63.57,0.0,73.99,45.18,74.0,0.0,70.0,0.0,74.07,1.2600000000000051,,67.0,69.0,85.0,55.0,,
22,2025-01-27 20:00:00,,0.0,,,,63.57,,73.99,,74.0,,70.0,0.0,,0.0799999999999983,,67.0,69.0,85.0,55.0,,
23,2025-01-27 20:15:00,63.57,0.0,0.0,10.5,90.5,63.57,0.0,73.99,54.54,74.0,0.0,70.0,0.0,73.69,0.0799999999999983,,67.0,69.0,85.0,55.0,,
24,2025-01-27 20:30:00,,0.0,,,,63.57,,73.99,,74.0,,70.0,0.0,,-0.2999999999999971,,67.0,69.0,85.0,55.0,,
25,2025-01-27 20:45:00,,0.0,,,,63.57,,73.99,,74.0,,70.0,0.0,,-0.2999999999999971,,67.0,69.0,85.0,55.0,,
26,2025-01-27 21:00:00,,0.0,,,,63.57,,73.99,,74.0,,70.0,0.0,,-0.2999999999999971,,67.0,69.0,85.0,55.0,,
27,2025-01-27 21:15:00,,0.0,,,,63.57,,73.99,,74.0,,70.0,0.0,,-0.2999999999999971,,67.0,69.0,85.0,55.0,,
28,2025-01-27 21:30:00,,0.0,,,,63.57,,73.99,,74.0,,70.0,0.0,,-0.2999999999999971,,67.0,69.0,85.0,55.0,,
29,2025-01-27 21:45:00,,0.0,,,,63.57,,73.99,,74.0,,70.0,0.0,,-0.2999999999999971,,67.0,69.0,85.0,55.0,,
30,2025-01-27 22:00:00,,0.0,,,,63.57,,73.99,,74.0,,70.0,0.0,,-0.2999999999999971,,67.0,69.0,85.0,55.0,,
31,2025-01-27 22:15:00,,0.0,,,,63.57,,73.99,,74.0,,70.0,0.0,,-0.2999999999999971,,67.0,69.0,85.0,55.0,,
32,2025-01-27 22:30:00,,0.0,,,,63.57,,73.99,,74.0,,70.0,0.0,,-0.2999999999999971,,67.0,69.0,85.0,55.0,,
33,2025-01-27 22:45:00,,0.0,,,,63.57,,73.99,,74.0,,70.0,0.0,,-0.2999999999999971,,67.0,69.0,85.0,55.0,,
34,2025-01-27 23:00:00,,0.0,,,,63.57,,73.99,,74.0,,70.0,0.0,,-0.2999999999999971,,67.0,69.0,85.0,55.0,,
35,2025-01-27 23:15:00,,0.0,,,,63.57,,73.99,,74.0,,70.0,0.0,,-0.2999999999999971,,67.0,69.0,85.0,55.0,,
36,2025-01-27 23:30:00,,0.0,,,,63.57,,73.99,,74.0,,70.0,0.0,,-0.2999999999999971,,67.0,69.0,85.0,55.0,,
37,2025-01-27 23:45:00,,0.0,,,,63.57,,73.99,,74.0,,70.0,0.0,,-0.2999999999999971,,67.0,69.0,85.0,55.0,,
38,2025-01-28 00:00:00,,0.0,,,,63.57,,73.99,,74.0,,70.0,0.0,,-0.2999999999999971,,67.0,69.0,85.0,55.0,,
39,2025-01-28 00:15:00,,0.0,,,,63.57,,73.99,,74.0,,70.0,0.0,,-0.2999999999999971,,67.0,69.0,85.0,55.0,,
40,2025-01-28 14:30:00,65.69,,0.0,13.5,111.57,63.57,0.0,73.99,100.0,74.0,0.0,70.0,0.0,73.725,,,67.0,69.0,85.0,55.0,,
41,2025-01-28 14:45:00,64.27666666666666,,0.0,13.333333333333334,112.08666666666666,63.57,0.0,73.99,100.0,74.0,0.0,70.0,0.0,73.73666666666666,,,67.0,69.0,85.0,55.0,,
42,2025-01-28 15:00:00,64.98333333333333,,0.0,13.833333333333334,112.38333333333333,63.57,0.0,73.99,100.0,74.0,0.0,70.0,0.0,73.70666666666666,,,67.0,69.0,85.0,55.0,,
43,2025-01-28 15:15:00,64.27666666666666,,0.0,14.166666666666666,112.56,63.57,0.0,73.99,100.0,74.0,0.0,70.0,0.0,73.77333333333333,,,67.0,69.0,85.0,55.0,,
44,2025-01-28 15:30:00,64.27666666666666,,0.0,14.166666666666666,112.72666666666667,63.57,0.0,73.99,100.0,74.0,0.0,70.0,0.0,73.80666666666667,,,67.0,69.0,85.0,55.0,,
45,2025-01-28 15:45:00,62.86333333333334,,0.0,14.0,112.97333333333334,63.57,0.0,73.99,100.0,74.0,0.0,70.0,0.0,73.80666666666667,,,67.0,69.0,85.0,55.0,,
46,2025-01-28 16:00:00,64.27666666666666,,0.0,14.0,113.24,63.57,0.0,73.99,100.0,74.0,0.0,70.0,0.0,73.81666666666666,,,67.0,69.0,85.0,55.0,,
47,2025-01-28 16:15:00,64.27333333333333,,0.0,14.333333333333334,113.59,63.57,0.0,73.99,100.0,74.0,0.0,70.0,0.0,73.83666666666666,,,67.0,69.0,85.0,55.0,,
48,2025-01-28 16:30:00,64.98333333333333,,0.0,13.5,113.64,63.57,0.0,73.99,100.0,74.0,0.0,70.0,0.0,73.91000000000001,,,67.0,69.0,85.0,55.0,,
49,2025-01-28 16:45:00,64.27666666666666,,0.0,13.5,113.59333333333332,63.57,0.0,73.99,100.0,74.0,0.0,70.0,0.0,73.94,,,67.0,69.0,85.0,55.0,,
50,2025-01-28 17:00:00,64.98333333333333,,0.0,14.333333333333334,114.11666666666667,63.57,0.0,73.99,99.77,74.0,0.0,70.0,0.0,73.99333333333334,,,67.0,69.0,85.0,55.0,,
51,2025-01-28 17:15:00,64.98333333333333,,0.0,14.666666666666666,114.14,63.57,0.0,73.99,97.08,74.0,0.0,70.0,0.0,74.12333333333333,,,67.0,69.0,85.0,55.0,,
52,2025-01-28 17:30:00,64.98333333333333,,0.0,14.0,109.87666666666668,63.57,0.0,73.99,79.52666666666666,74.0,0.0,70.0,0.0,74.87666666666667,,,67.0,69.0,85.0,55.0,,
53,2025-01-28 17:45:00,62.86333333333334,,0.0,13.5,97.51333333333334,63.57,0.0,73.99,57.68666666666667,74.0,0.0,70.0,0.0,75.47000000000001,,,67.0,69.0,85.0,55.0,,
54,2025-01-28 18:00:00,63.57,,0.0,13.5,82.84333333333333,63.57,0.0,73.99,37.24666666666667,74.0,0.0,70.0,0.0,75.87,,,67.0,69.0,85.0,55.0,,
55,2025-01-28 18:15:00,63.56999999999999,,0.0,13.333333333333334,76.41666666666667,63.57,0.0,73.99,26.44,74.0,0.0,70.0,0.0,75.69333333333333,,,67.0,69.0,85.0,55.0,,
56,2025-01-28 18:30:00,64.27666666666666,,0.0,13.333333333333334,73.1,63.57,0.0,73.99,19.90333333333333,74.0,0.0,70.0,0.0,75.44666666666667,,,67.0,69.0,85.0,55.0,,
57,2025-01-28 18:45:00,64.98333333333333,,0.0,12.5,71.79333333333334,63.57,0.0,73.99,17.143333333333334,74.0,0.0,70.0,0.0,75.09333333333333,,,67.0,69.0,85.0,55.0,,
58,2025-01-28 19:00:00,64.27666666666666,,0.0,12.5,70.59,63.57,0.0,73.99,14.36,74.0,0.0,70.0,0.0,74.87333333333333,,,67.0,69.0,85.0,55.0,,
59,2025-01-28 19:15:00,64.27666666666666,2.119999999999997,0.0,12.0,71.82666666666667,63.57,0.0,73.99,16.97,74.0,0.0,70.0,0.0,74.49333333333333,0.7199999999999989,,67.0,69.0,85.0,55.0,,
60,2025-01-28 19:30:00,64.27333333333333,2.119999999999997,0.0,11.833333333333334,72.98666666666666,63.57,0.0,73.99,19.73,74.0,0.0,70.0,0.0,74.22000000000001,0.4200000000000017,,67.0,69.0,85.0,55.0,,
61,2025-01-28 19:45:00,64.27666666666666,4.229999999999997,0.0,11.333333333333334,73.89333333333333,63.57,0.0,73.99,21.16,74.0,0.0,70.0,0.0,74.08,0.1500000000000056,,67.0,69.0,85.0,55.0,,
62,2025-01-28 20:00:00,64.27666666666666,2.119999999999997,0.0,11.333333333333334,75.11666666666666,63.57,0.0,73.99,24.03333333333333,74.0,0.0,70.0,0.0,73.94,0.0900000000000034,,67.0,69.0,85.0,55.0,,
63,2025-01-28 20:15:00,64.98333333333333,2.119999999999997,0.0,10.5,76.70666666666666,63.57,0.0,73.99,26.766666666666666,74.0,0.0,70.0,0.0,73.84333333333333,-0.0699999999999931,,67.0,69.0,85.0,55.0,,
64,2025-01-28 20:30:00,63.57,2.119999999999997,0.0,10.166666666666666,77.30666666666667,63.57,0.0,73.99,27.78333333333333,74.0,0.0,70.0,0.0,73.83666666666666,-0.0999999999999943,,67.0,69.0,85.0,55.0,,
65,2025-01-28 20:45:00,65.69,0.0,0.0,10.0,78.07333333333332,63.57,0.0,73.99,29.27333333333333,74.0,0.0,70.0,0.0,73.82333333333334,-0.1599999999999966,,67.0,69.0,85.0,55.0,,
66,2025-01-28 21:00:00,65.69,2.119999999999997,0.0,10.0,78.59666666666668,63.57,0.0,73.99,30.496666666666663,74.0,0.0,70.0,0.0,73.83,-0.1599999999999966,,67.0,69.0,85.0,55.0,,
67,2025-01-28 21:15:00,64.27666666666666,2.119999999999997,0.0,10.333333333333334,78.97666666666667,63.57,0.0,73.99,30.850000000000005,74.0,0.0,70.0,0.0,73.87,-0.1599999999999966,,67.0,69.0,85.0,55.0,,
68,2025-01-28 21:30:00,62.86333333333334,0.0,0.0,10.5,75.40333333333334,63.57,0.0,73.99,33.50333333333334,74.0,0.0,70.0,0.0,73.79,-0.0899999999999892,,67.0,69.0,85.0,55.0,,
69,2025-01-28 21:45:00,66.39333333333333,2.119999999999997,0.0,9.5,77.58666666666666,63.57,0.0,73.99,45.23,74.0,0.0,70.0,0.0,73.37,-0.3199999999999932,,67.0,69.0,85.0,55.0,,
70,2025-01-28 22:00:00,64.98333333333333,2.119999999999997,0.0,9.333333333333334,89.69333333333333,63.57,0.0,73.99,56.64333333333334,74.0,0.0,70.0,0.0,73.08666666666666,-0.769999999999996,,67.0,69.0,85.0,55.0,,
71,2025-01-28 22:15:00,63.56999999999999,2.119999999999997,0.0,9.833333333333334,95.94,63.57,0.0,73.99,69.06333333333333,74.0,0.0,70.0,0.0,72.85333333333334,-0.9099999999999966,,67.0,69.0,85.0,55.0,,
72,2025-01-28 22:30:00,64.98333333333333,2.119999999999997,0.0,9.166666666666666,100.41333333333334,63.57,0.0,73.99,78.84666666666666,74.0,0.0,70.0,0.0,72.80333333333334,-1.2199999999999989,,67.0,69.0,85.0,55.0,,
73,2025-01-28 22:45:00,65.68666666666667,0.0,0.0,10.833333333333334,110.18666666666668,63.57,0.0,73.99,91.54,74.0,0.0,70.0,0.0,72.65333333333332,-1.1999999999999886,,67.0,69.0,85.0,55.0,,
74,2025-01-28 23:00:00,64.27666666666666,4.229999999999997,0.0,11.0,107.57666666666668,63.57,0.0,73.99,99.45666666666666,74.0,0.0,70.0,0.0,72.59666666666666,-1.3299999999999983,,67.0,69.0,85.0,55.0,,
75,2025-01-28 23:15:00,66.39333333333333,0.0,0.0,10.666666666666666,113.0,63.57,0.0,73.99,100.0,74.0,0.0,70.0,0.0,72.56666666666666,-1.4899999999999949,,67.0,69.0,85.0,55.0,,
76,2025-01-28 23:30:00,64.98333333333333,2.119999999999997,0.0,10.5,113.83333333333331,63.57,0.0,73.99,100.0,74.0,0.0,70.0,0.0,72.78333333333335,-1.3299999999999983,,67.0,69.0,85.0,55.0,,
77,2025-01-28 23:45:00,64.27666666666666,0.0,0.0,11.166666666666666,113.78666666666668,63.57,0.0,73.99,100.0,74.0,0.0,70.0,0.0,72.81333333333333,-1.1999999999999886,,67.0,69.0,85.0,55.0,,
78,2025-01-29 00:00:00,64.27666666666666,2.119999999999997,0.0,12.0,113.31,63.57,0.0,73.99,100.0,74.0,0.0,70.0,0.0,72.82666666666667,-1.1799999999999926,,67.0,69.0,85.0,55.0,,
79,2025-01-29 00:15:00,62.156666666666666,0.0,0.0,12.166666666666666,113.09333333333332,63.57,0.0,73.99,100.0,74.0,0.0,70.0,0.0,72.92666666666668,-1.1299999999999957,,67.0,69.0,85.0,55.0,,
80,2025-01-29 00:30:00,64.27666666666666,-2.119999999999997,0.0,12.5,113.26,63.57,0.0,73.99,100.0,74.0,0.0,70.0,0.0,72.93,-1.039999999999992,,67.0,69.0,85.0,55.0,,
81,2025-01-29 00:45:00,64.98,2.119999999999997,0.0,12.666666666666666,113.3,63.57,0.0,73.99,100.0,74.0,0.0,70.0,0.0,72.94333333333334,-1.059999999999988,,67.0,69.0,85.0,55.0,,
82,2025-01-29 01:00:00,64.27666666666666,0.0,0.0,12.833333333333334,113.56333333333332,63.57,0.0,73.99,100.0,74.0,0.0,70.0,0.0,73.0,-1.039999999999992,,67.0,69.0,85.0,55.0,,
83,2025-01-29 01:15:00,64.98333333333333,2.119999999999997,0.0,13.166666666666666,113.80333333333331,63.57,0.0,73.99,100.0,74.0,0.0,70.0,0.0,73.24,-0.9299999999999926,,67.0,69.0,85.0,55.0,,
84,2025-01-29 01:30:00,64.98333333333333,2.119999999999997,0.0,13.0,114.48,63.57,0.0,73.99,100.0,74.0,0.0,70.0,0.0,73.31,-0.75,,67.0,69.0,85.0,55.0,,
85,2025-01-29 01:45:00,64.98333333333333,2.119999999999997,0.0,13.333333333333334,114.32,63.57,0.0,73.99,100.0,74.0,0.0,70.0,0.0,73.36666666666666,-0.6599999999999966,,67.0,69.0,85.0,55.0,,
86,2025-01-29 02:00:00,64.98,2.119999999999997,0.0,12.333333333333334,113.97666666666667,63.57,0.0,73.99,100.0,74.0,0.0,70.0,0.0,73.41333333333334,-0.6099999999999994,,67.0,69.0,85.0,55.0,,
87,2025-01-29 02:15:00,63.57,-2.119999999999997,0.0,12.833333333333334,114.50666666666666,63.57,0.0,73.99,100.0,74.0,0.0,70.0,0.0,73.51,-0.5699999999999932,,67.0,69.0,85.0,55.0,,
88,2025-01-29 02:30:00,64.27666666666666,2.119999999999997,0.0,12.666666666666666,114.14,63.57,0.0,73.99,100.0,74.0,0.0,70.0,0.0,73.53,-0.4599999999999937,,67.0,69.0,85.0,55.0,,
89,2025-01-29 02:45:00,64.98,2.119999999999997,0.0,12.333333333333334,114.16333333333334,63.57,0.0,73.99,100.0,74.0,0.0,70.0,0.0,73.55333333333334,-0.4599999999999937,,67.0,69.0,85.0,55.0,,
90,2025-01-29 03:00:00,64.98333333333333,0.0,0.0,13.166666666666666,114.31333333333332,63.57,0.0,73.99,100.0,74.0,0.0,70.0,0.0,73.53,-0.4499999999999886,,67.0,69.0,85.0,55.0,,
91,2025-01-29 03:15:00,65.68666666666667,2.119999999999997,0.0,12.166666666666666,114.09666666666664,63.57,0.0,73.99,100.0,74.0,0.0,70.0,0.0,73.61333333333333,-0.4599999999999937,,67.0,69.0,85.0,55.0,,
92,2025-01-29 03:30:00,63.57,2.119999999999997,0.0,13.166666666666666,114.45333333333332,63.57,0.0,73.99,100.0,74.0,0.0,70.0,0.0,73.61333333333333,-0.3699999999999903,,67.0,69.0,85.0,55.0,,
93,2025-01-29 03:45:00,66.39,0.0,0.0,13.333333333333334,114.36666666666667,63.57,0.0,73.99,100.0,74.0,0.0,70.0,0.0,73.63666666666667,-0.3699999999999903,,67.0,69.0,85.0,55.0,,
94,2025-01-29 04:00:00,65.68666666666667,0.0,0.0,12.666666666666666,114.49333333333334,63.57,0.0,73.99,100.0,74.0,0.0,70.0,0.0,73.64333333333333,-0.3599999999999994,,67.0,69.0,85.0,55.0,,
95,2025-01-29 04:15:00,65.69,2.119999999999997,0.0,12.5,114.33333333333331,63.57,0.0,73.99,100.0,74.0,0.0,70.0,0.0,73.64333333333333,-0.3399999999999892,,67.0,69.0,85.0,55.0,,
96,2025-01-29 04:30:00,64.27666666666666,2.119999999999997,0.0,12.666666666666666,114.48666666666666,63.57,0.0,73.99,100.0,74.0,0.0,70.0,0.0,73.64,-0.3599999999999994,,67.0,69.0,85.0,55.0,,
97,2025-01-29 04:45:00,62.86333333333334,0.0,0.0,13.333333333333334,114.54666666666668,63.57,0.0,73.99,100.0,74.0,0.0,70.0,0.0,73.64333333333333,-0.3399999999999892,,67.0,69.0,85.0,55.0,,
98,2025-01-29 05:00:00,63.57,0.0,0.0,12.666666666666666,114.37333333333332,63.57,0.0,73.99,100.0,74.0,0.0,70.0,0.0,73.65666666666668,-0.3399999999999892,,67.0,69.0,85.0,55.0,,
99,2025-01-29 05:15:00,64.27666666666666,2.119999999999997,0.0,13.5,114.16,63.57,0.0,73.99,100.0,74.0,0.0,70.0,0.0,73.64999999999999,-0.3399999999999892,,67.0,69.0,85.0,55.0,,
100,2025-01-29 05:30:00,62.86333333333334,2.119999999999997,0.0,13.666666666666666,113.94333333333331,63.57,0.0,73.99,100.0,74.0,0.0,70.0,0.0,73.62666666666667,-0.3199999999999932,,67.0,69.0,85.0,55.0,,
101,2025-01-29 05:45:00,63.57,2.119999999999997,0.0,14.0,114.30666666666669,63.57,0.0,73.99,100.0,74.0,0.0,70.0,0.0,73.58333333333333,-0.3599999999999994,,67.0,69.0,85.0,55.0,,
102,2025-01-29 06:00:00,64.98333333333333,-2.119999999999997,0.0,14.166666666666666,114.21666666666664,63.57,0.0,73.99,100.0,74.0,0.0,70.0,0.0,73.53,-0.4599999999999937,,67.0,69.0,85.0,55.0,,
103,2025-01-29 06:15:00,64.27666666666666,0.0,0.0,14.5,114.55,63.57,0.0,73.99,100.0,74.0,0.0,70.0,0.0,73.53666666666668,-0.4599999999999937,,67.0,69.0,85.0,55.0,,
104,2025-01-29 06:30:00,64.98333333333333,0.0,0.0,14.333333333333334,114.46333333333332,63.57,0.0,73.99,100.0,74.0,0.0,70.0,0.0,73.54666666666667,-0.4599999999999937,,67.0,69.0,85.0,55.0,,
105,2025-01-29 06:45:00,64.27666666666666,2.119999999999997,0.0,13.5,114.4,63.57,0.0,73.99,100.0,74.0,0.0,70.0,0.0,73.64333333333333,-0.4099999999999966,,67.0,69.0,85.0,55.0,,
106,2025-01-29 07:00:00,63.57,0.0,0.0,13.5,114.50666666666666,63.57,0.0,73.99,100.0,74.0,0.0,70.0,0.0,73.61333333333333,-0.3399999999999892,,67.0,69.0,85.0,55.0,,
107,2025-01-29 07:15:00,62.86333333333334,0.0,0.0,14.0,114.48,63.57,0.0,73.99,100.0,74.0,0.0,70.0,0.0,73.58,-0.3699999999999903,,67.0,69.0,85.0,55.0,,
108,2025-01-29 07:30:00,64.27666666666666,-2.119999999999997,0.0,14.166666666666666,114.34666666666668,63.57,0.0,73.99,100.0,74.0,0.0,70.0,0.0,73.58,-0.4499999999999886,,67.0,69.0,85.0,55.0,,
109,2025-01-29 07:45:00,64.27666666666666,2.119999999999997,0.0,13.333333333333334,114.30666666666669,63.57,0.0,73.99,100.0,74.0,0.0,70.0,0.0,73.63666666666667,-0.4299999999999926,,67.0,69.0,85.0,55.0,,
110,2025-01-29 08:00:00,63.57,0.0,0.0,13.0,114.30333333333334,63.57,0.0,73.99,100.0,74.0,0.0,70.0,0.0,73.63,-0.3599999999999994,,67.0,69.0,85.0,55.0,,
111,2025-01-29 08:15:00,64.27666666666666,0.0,0.0,13.333333333333334,114.3,63.57,0.0,73.99,100.0,74.0,0.0,70.0,0.0,73.65,-0.3599999999999994,,67.0,69.0,85.0,55.0,,
112,2025-01-29 08:30:00,64.98333333333333,2.119999999999997,0.0,13.5,114.41666666666669,63.57,0.0,73.99,100.0,74.0,0.0,70.0,0.0,73.62333333333333,-0.3399999999999892,,67.0,69.0,85.0,55.0,,
113,2025-01-29 08:45:00,63.56999999999999,0.0,0.0,14.0,114.42666666666666,63.57,0.0,73.99,100.0,74.0,0.0,70.0,0.0,73.63666666666667,-0.3599999999999994,,67.0,69.0,85.0,55.0,,
114,2025-01-29 09:00:00,64.27666666666666,-2.119999999999997,0.0,14.5,114.42333333333332,63.57,0.0,73.99,100.0,74.0,0.0,70.0,0.0,73.64333333333333,-0.3599999999999994,,67.0,69.0,85.0,55.0,,
115,2025-01-29 09:15:00,64.27666666666666,2.119999999999997,0.0,14.666666666666666,114.44,63.57,0.0,73.99,100.0,74.0,0.0,70.0,0.0,73.64,-0.3599999999999994,,67.0,69.0,85.0,55.0,,
116,2025-01-29 09:30:00,64.98333333333333,0.0,0.0,14.833333333333334,114.65000000000002,63.57,0.0,73.99,100.0,74.0,0.0,70.0,0.0,73.67,-0.3399999999999892,,67.0,69.0,85.0,55.0,,
117,2025-01-29 09:45:00,64.27666666666666,2.119999999999997,0.0,14.5,114.72666666666667,63.57,0.0,73.99,100.0,74.0,0.0,70.0,0.0,73.80333333333333,-0.2999999999999971,,67.0,69.0,85.0,55.0,,
118,2025-01-29 10:00:00,65.68666666666667,2.119999999999997,0.0,13.5,114.41666666666669,63.57,0.0,73.99,100.0,74.0,0.0,70.0,0.0,73.81,-0.1799999999999926,,67.0,69.0,85.0,55.0,,
119,2025-01-29 10:15:00,62.86333333333334,4.229999999999997,0.0,14.333333333333334,114.45666666666666,63.57,0.0,73.99,100.0,74.0,0.0,70.0,0.0,73.81666666666666,-0.1799999999999926,,67.0,69.0,85.0,55.0,,
120,2025-01-29 10:30:00,64.27666666666666,0.0,0.0,14.666666666666666,114.32333333333334,63.57,0.0,73.99,100.0,74.0,0.0,70.0,0.0,73.81666666666666,-0.1599999999999966,,67.0,69.0,85.0,55.0,,
121,2025-01-29 10:45:00,63.57,2.119999999999997,0.0,13.333333333333334,114.15666666666668,63.57,0.0,73.99,100.0,74.0,0.0,70.0,0.0,73.81666666666666,-0.1599999999999966,,67.0,69.0,85.0,55.0,,
122,2025-01-29 11:00:00,64.98,2.119999999999997,0.0,14.166666666666666,114.04666666666668,63.57,0.0,73.99,100.0,74.0,0.0,70.0,0.0,73.81,-0.1799999999999926,,67.0,69.0,85.0,55.0,,
123,2025-01-29 11:15:00,64.98,2.119999999999997,0.0,13.5,113.77,63.57,0.0,73.99,100.0,74.0,0.0,70.0,0.0,73.81666666666666,-0.1799999999999926,,67.0,69.0,85.0,55.0,,
124,2025-01-29 11:30:00,63.57,-2.119999999999997,0.0,14.333333333333334,113.29666666666668,63.57,0.0,73.99,100.0,74.0,0.0,70.0,0.0,73.81,-0.1799999999999926,,67.0,69.0,85.0,55.0,,
125,2025-01-29 11:45:00,62.86333333333334,0.0,0.0,13.666666666666666,113.12333333333332,63.57,0.0,73.99,100.0,74.0,0.0,70.0,0.0,73.8,-0.1799999999999926,,67.0,69.0,85.0,55.0,,
126,2025-01-29 12:00:00,63.57,-2.119999999999997,0.0,14.5,113.34333333333332,63.57,0.0,73.99,100.0,74.0,0.0,70.0,0.0,73.73666666666666,-0.2099999999999937,,67.0,69.0,85.0,55.0,,
127,2025-01-29 12:15:00,63.56999999999999,2.119999999999997,0.0,13.333333333333334,112.93333333333334,63.57,0.0,73.99,100.0,74.0,0.0,70.0,0.0,73.78666666666668,-0.2099999999999937,,67.0,69.0,85.0,55.0,,
128,2025-01-29 12:30:00,64.27666666666666,-2.119999999999997,0.0,14.833333333333334,113.39666666666666,63.57,0.0,73.99,100.0,74.0,0.0,70.0,0.0,73.72333333333333,-0.2099999999999937,,67.0,69.0,85.0,55.0,,
129,2025-01-29 12:45:00,64.98333333333333,0.0,0.0,13.833333333333334,112.93333333333334,63.57,0.0,73.99,100.0,74.0,0.0,70.0,0.0,73.7,-0.25,,67.0,69.0,85.0,55.0,,
130,2025-01-29 13:00:00,64.27666666666666,2.119999999999997,0.0,13.666666666666666,113.4,63.57,0.0,73.99,100.0,74.0,0.0,70.0,0.0,73.66333333333334,-0.3199999999999932,,67.0,69.0,85.0,55.0,,
131,2025-01-29 13:15:00,62.86333333333334,0.0,0.0,14.166666666666666,113.46333333333332,63.57,0.0,73.99,100.0,74.0,0.0,70.0,0.0,73.67,-0.3399999999999892,,67.0,69.0,85.0,55.0,,
132,2025-01-29 13:30:00,65.69,0.0,0.0,14.333333333333334,113.46333333333332,63.57,0.0,73.99,100.0,74.0,0.0,70.0,0.0,73.68333333333334,-0.3199999999999932,,67.0,69.0,85.0,55.0,,
133,2025-01-29 13:45:00,63.57,2.119999999999997,0.0,13.333333333333334,113.56,63.57,0.0,73.99,100.0,74.0,0.0,70.0,0.0,73.67,-0.3199999999999932,,67.0,69.0,85.0,55.0,,
134,2025-01-29 14:00:00,62.156666666666666,0.0,0.0,14.166666666666666,113.66666666666669,63.57,0.0,73.99,100.0,74.0,0.0,70.0,0.0,73.52666666666667,-0.3399999999999892,,67.0,69.0,85.0,55.0,,
135,2025-01-29 14:15:00,64.27666666666666,-2.119999999999997,0.0,13.5,113.31333333333332,63.57,0.0,73.99,100.0,74.0,0.0,70.0,0.0,73.53,-0.4799999999999897,,67.0,69.0,85.0,55.0,,
136,2025-01-29 14:30:00,64.98333333333333,0.0,0.0,13.0,113.79666666666668,63.57,0.0,73.99,100.0,74.0,0.0,70.0,0.0,73.52333333333333,-0.4599999999999937,,67.0,69.0,85.0,55.0,,
137,2025-01-29 14:45:00,63.56999999999999,0.0,0.0,12.666666666666666,113.78666666666668,63.57,0.0,73.99,100.0,74.0,0.0,70.0,0.0,73.59666666666668,-0.4599999999999937,,67.0,69.0,85.0,55.0,,
138,2025-01-29 15:00:00,64.98,-2.119999999999997,0.0,13.0,113.71666666666664,63.57,0.0,73.99,100.0,74.0,0.0,70.0,0.0,73.69666666666666,-0.3399999999999892,,67.0,69.0,85.0,55.0,,
139,2025-01-29 15:15:00,64.27666666666666,4.229999999999997,0.0,12.5,113.78666666666668,63.57,0.0,73.99,100.0,74.0,0.0,70.0,0.0,73.79666666666667,-0.2800000000000011,,67.0,69.0,85.0,55.0,,
140,2025-01-29 15:30:00,63.57,-2.119999999999997,0.0,12.5,113.86666666666667,63.57,0.0,73.99,100.0,74.0,0.0,70.0,0.0,73.79666666666667,-0.1799999999999926,,67.0,69.0,85.0,55.0,,
141,2025-01-29 15:45:00,63.57,0.0,0.0,12.666666666666666,113.91666666666669,63.57,0.0,73.99,100.0,74.0,0.0,70.0,0.0,73.77333333333333,-0.1899999999999977,,67.0,69.0,85.0,55.0,,
142,2025-01-29 16:00:00,64.27666666666666,0.0,0.0,13.5,113.93333333333334,63.57,0.0,73.99,100.0,74.0,0.0,70.0,0.0,73.81333333333333,-0.2099999999999937,,67.0,69.0,85.0,55.0,,
143,2025-01-29 16:15:00,64.27666666666666,2.119999999999997,0.0,13.0,113.73666666666666,63.57,0.0,73.99,100.0,74.0,0.0,70.0,0.0,73.94,-0.1599999999999966,,67.0,69.0,85.0,55.0,,
144,2025-01-29 16:30:00,64.98333333333333,0.0,0.0,11.833333333333334,113.77333333333333,63.57,0.0,73.99,100.0,74.0,0.0,70.0,0.0,73.96,-0.0499999999999971,,67.0,69.0,85.0,55.0,,
145,2025-01-29 16:45:00,65.68666666666667,2.119999999999997,0.0,11.5,113.89333333333332,63.57,0.0,73.99,100.0,74.0,0.0,70.0,0.0,73.98,-0.0099999999999909,,67.0,69.0,85.0,55.0,,
146,2025-01-29 17:00:00,63.57,4.229999999999997,0.0,12.333333333333334,114.10333333333334,63.57,0.0,73.99,100.0,74.0,0.0,70.0,0.0,73.97333333333334,-0.0099999999999909,,67.0,69.0,85.0,55.0,,
147,2025-01-29 17:15:00,65.68666666666667,2.119999999999997,0.0,11.5,113.77333333333333,63.57,0.0,73.99,100.0,74.0,0.0,70.0,0.0,73.95333333333333,-0.0300000000000011,,67.0,69.0,85.0,55.0,,
148,2025-01-29 17:30:00,63.57,4.229999999999997,0.0,12.166666666666666,114.78000000000002,63.57,0.0,73.99,100.0,74.0,0.0,70.0,0.0,73.95333333333333,-0.0499999999999971,,67.0,69.0,85.0,55.0,,
149,2025-01-29 17:45:00,63.57,0.0,0.0,12.666666666666666,111.77,63.57,0.0,73.99,82.10333333333334,74.0,0.0,70.0,0.0,74.75999999999999,-0.0300000000000011,,67.0,69.0,85.0,55.0,,
150,2025-01-29 18:00:00,64.98,0.0,0.0,12.666666666666666,106.59666666666668,63.57,0.0,73.99,74.21666666666667,74.0,0.0,70.0,0.0,74.79,0.9750000000000014,,67.0,69.0,85.0,55.0,,
151,2025-01-29 18:15:00,65.68666666666667,0.0,0.0,13.166666666666666,109.64333333333332,63.57,0.0,73.99,79.86666666666666,74.0,0.0,70.0,0.0,74.33,0.5600000000000023,,67.0,69.0,85.0,55.0,,
152,2025-01-29 18:30:00,64.27666666666666,,0.0,12.0,110.0,63.57,0.0,73.99,79.35000000000001,74.0,0.0,70.0,0.0,74.24666666666667,,,67.0,69.0,85.0,55.0,,
153,2025-01-29 18:45:00,64.98,0.0,0.0,13.5,110.14,63.57,0.0,73.99,79.39,74.0,0.0,70.0,0.0,74.16666666666667,0.2400000000000091,,67.0,69.0,85.0,55.0,,
154,2025-01-29 19:00:00,64.98333333333333,,0.0,13.333333333333334,102.87,63.57,0.0,73.99,82.48,74.0,0.0,70.0,0.0,73.98666666666666,,,67.0,69.0,85.0,55.0,,
155,2025-01-29 19:15:00,64.98,2.119999999999997,0.0,12.333333333333334,105.62333333333332,63.57,0.0,73.99,92.49333333333334,74.0,0.0,70.0,0.0,73.57000000000001,-0.1799999999999926,,67.0,69.0,85.0,55.0,,
156,2025-01-29 19:30:00,64.98333333333333,0.0,0.0,12.0,107.11333333333334,63.57,0.0,73.99,100.0,74.0,0.0,70.0,0.0,73.27,-0.4699999999999917,,67.0,69.0,85.0,55.0,,
157,2025-01-29 19:45:00,64.27666666666666,,0.0,11.5,107.03333333333336,63.57,0.0,73.99,100.0,74.0,0.0,70.0,0.0,73.12666666666667,,,67.0,69.0,85.0,55.0,,
158,2025-01-29 20:00:00,64.98333333333333,,0.0,11.333333333333334,107.02666666666666,63.57,0.0,73.99,100.0,74.0,0.0,70.0,0.0,73.01666666666667,,,67.0,69.0,85.0,55.0,,
159,2025-01-29 20:15:00,64.98333333333333,,0.0,10.833333333333334,107.04,63.57,0.0,73.99,100.0,74.0,0.0,70.0,0.0,72.93666666666667,,,67.0,69.0,85.0,55.0,,
160,2025-01-29 20:30:00,66.39333333333333,2.119999999999997,0.0,10.5,106.83666666666666,63.57,0.0,73.99,100.0,74.0,0.0,70.0,0.0,72.93,-1.059999999999988,,67.0,69.0,85.0,55.0,,
161,2025-01-29 20:45:00,65.68666666666667,2.119999999999997,0.0,10.0,106.42,63.57,0.0,73.99,100.0,74.0,0.0,70.0,0.0,72.94333333333334,-1.059999999999988,,67.0,69.0,85.0,55.0,,
162,2025-01-29 21:00:00,64.98333333333333,2.119999999999997,0.0,9.5,106.43,63.57,0.0,73.99,100.0,74.0,0.0,70.0,0.0,72.95,-1.039999999999992,,67.0,69.0,85.0,55.0,,
163,2025-01-29 21:15:00,63.57,2.119999999999997,0.0,9.5,106.11333333333334,63.57,0.0,73.99,100.0,74.0,0.0,70.0,0.0,72.93666666666667,-1.039999999999992,,67.0,69.0,85.0,55.0,,
164,2025-01-29 21:30:00,63.56999999999999,,0.0,9.666666666666666,105.80666666666669,63.57,0.0,73.99,100.0,74.0,0.0,70.0,0.0,72.94333333333334,,,67.0,69.0,85.0,55.0,,
165,2025-01-29 21:45:00,63.57,,0.0,10.5,105.83333333333331,63.57,0.0,73.99,100.0,74.0,0.0,70.0,0.0,72.94333333333334,,,67.0,69.0,85.0,55.0,,
166,2025-01-29 22:00:00,64.98333333333333,,0.0,10.833333333333334,105.42666666666666,63.57,0.0,73.99,100.0,74.0,0.0,70.0,0.0,72.94333333333334,,,67.0,69.0,85.0,55.0,,
167,2025-01-29 22:15:00,65.68666666666667,,0.0,10.166666666666666,104.63,63.57,0.0,73.99,100.0,74.0,0.0,70.0,0.0,73.14999999999999,,,67.0,69.0,85.0,55.0,,
168,2025-01-29 22:30:00,65.68666666666667,,0.0,10.333333333333334,104.96666666666664,63.57,0.0,73.99,100.0,74.0,0.0,70.0,0.0,73.00333333333333,,,67.0,69.0,85.0,55.0,,
169,2025-01-29 22:45:00,66.39333333333333,,0.0,11.0,105.09666666666668,63.57,0.0,73.99,100.0,74.0,0.0,70.0,0.0,72.86333333333333,,,67.0,69.0,85.0,55.0,,
170,2025-01-29 23:00:00,63.57,,0.0,12.0,105.1,63.57,0.0,73.99,100.0,74.0,0.0,70.0,0.0,72.69666666666666,,,67.0,69.0,85.0,55.0,,
171,2025-01-29 23:15:00,63.57,,0.0,12.666666666666666,105.21,63.57,0.0,73.99,100.0,74.0,0.0,70.0,0.0,72.66,,,67.0,69.0,85.0,55.0,,
172,2025-01-29 23:30:00,64.27666666666666,,0.0,13.166666666666666,105.23,63.57,0.0,73.99,100.0,74.0,0.0,70.0,0.0,72.59666666666666,,,67.0,69.0,85.0,55.0,,
173,2025-01-29 23:45:00,65.69,,0.0,11.5,112.38333333333333,63.57,0.0,73.99,100.0,74.0,0.0,70.0,0.0,72.61666666666666,,,67.0,69.0,85.0,55.0,,
174,2025-01-30 00:00:00,64.98333333333333,,0.0,10.5,113.19333333333331,63.57,0.0,73.99,100.0,74.0,0.0,70.0,0.0,72.88666666666667,,,67.0,69.0,85.0,55.0,,
175,2025-01-30 00:15:00,64.27666666666666,,0.0,12.0,113.34666666666668,63.57,0.0,73.99,100.0,74.0,0.0,70.0,0.0,73.04,,,67.0,69.0,85.0,55.0,,
176,2025-01-30 00:30:00,64.27666666666666,,0.0,12.5,112.62333333333332,63.57,0.0,73.99,100.0,74.0,0.0,70.0,0.0,73.09,,,67.0,69.0,85.0,55.0,,
177,2025-01-30 00:45:00,64.27666666666666,,0.0,11.666666666666666,112.36333333333332,63.57,0.0,73.99,100.0,74.0,0.0,70.0,0.0,73.09,,,67.0,69.0,85.0,55.0,,
178,2025-01-30 01:00:00,64.27666666666666,,0.0,11.333333333333334,112.43333333333334,63.57,0.0,73.99,100.0,74.0,0.0,70.0,0.0,73.15666666666667,,,67.0,69.0,85.0,55.0,,
179,2025-01-30 01:15:00,64.98333333333333,,0.0,12.333333333333334,112.15333333333336,63.57,0.0,73.99,100.0,74.0,0.0,70.0,0.0,73.15666666666668,,,67.0,69.0,85.0,55.0,,
180,2025-01-30 01:30:00,64.27666666666666,,0.0,11.666666666666666,112.02,63.57,0.0,73.99,100.0,74.0,0.0,70.0,0.0,73.13,,,67.0,69.0,85.0,55.0,,
181,2025-01-30 01:45:00,66.39333333333333,,0.0,12.333333333333334,112.15,63.57,0.0,73.99,100.0,74.0,0.0,70.0,0.0,73.09666666666668,,,67.0,69.0,85.0,55.0,,
182,2025-01-30 02:00:00,65.69,,0.0,13.0,112.02333333333333,63.57,0.0,73.99,100.0,74.0,0.0,70.0,0.0,73.09,,,67.0,69.0,85.0,55.0,,
183,2025-01-30 02:15:00,64.27666666666666,,0.0,13.5,111.96,63.57,0.0,73.99,100.0,74.0,0.0,70.0,0.0,73.09,,,67.0,69.0,85.0,55.0,,
184,2025-01-30 02:30:00,63.57,,0.0,13.166666666666666,111.66666666666669,63.57,0.0,73.99,100.0,74.0,0.0,70.0,0.0,73.17,,,67.0,69.0,85.0,55.0,,
185,2025-01-30 02:45:00,62.86333333333334,,0.0,12.666666666666666,112.34333333333332,63.57,0.0,73.99,100.0,74.0,0.0,70.0,0.0,73.35666666666667,,,67.0,69.0,85.0,55.0,,
186,2025-01-30 03:00:00,63.57,-2.119999999999997,0.0,14.0,112.54,63.57,0.0,73.99,100.0,74.0,0.0,70.0,0.0,73.33666666666666,-0.6099999999999994,,67.0,69.0,85.0,55.0,,
187,2025-01-30 03:15:00,63.57,0.0,0.0,14.166666666666666,112.87333333333332,63.57,0.0,73.99,100.0,74.0,0.0,70.0,0.0,73.24,-0.7199999999999989,,67.0,69.0,85.0,55.0,,
188,2025-01-30 03:30:00,64.27666666666666,0.0,0.0,15.0,113.09666666666668,63.57,0.0,73.99,100.0,74.0,0.0,70.0,0.0,73.24,-0.75,,67.0,69.0,85.0,55.0,,
189,2025-01-30 03:45:00,63.57,0.0,0.0,14.666666666666666,112.69333333333331,63.57,0.0,73.99,100.0,74.0,0.0,70.0,0.0,73.25999999999999,-0.75,,67.0,69.0,85.0,55.0,,
190,2025-01-30 04:00:00,64.27666666666666,0.0,0.0,14.666666666666666,112.76666666666668,63.57,0.0,73.99,100.0,74.0,0.0,70.0,0.0,73.24,-0.75,,67.0,69.0,85.0,55.0,,
191,2025-01-30 04:15:00,64.27666666666666,2.119999999999997,0.0,15.0,112.44,63.57,0.0,73.99,100.0,74.0,0.0,70.0,0.0,73.24,-0.75,,67.0,69.0,85.0,55.0,,
192,2025-01-30 04:30:00,66.39333333333333,0.0,0.0,15.333333333333334,112.50666666666666,63.57,0.0,73.99,100.0,74.0,0.0,70.0,0.0,73.24,-0.75,,67.0,69.0,85.0,55.0,,
193,2025-01-30 04:45:00,64.27666666666666,2.119999999999997,0.0,14.666666666666666,112.44,63.57,0.0,73.99,100.0,74.0,0.0,70.0,0.0,73.24,-0.75,,67.0,69.0,85.0,55.0,,
194,2025-01-30 05:00:00,64.27666666666666,0.0,0.0,14.5,112.11,63.57,0.0,73.99,100.0,74.0,0.0,70.0,0.0,73.24,-0.75,,67.0,69.0,85.0,55.0,,
195,2025-01-30 05:15:00,65.68666666666667,0.0,0.0,14.5,112.09333333333332,63.57,0.0,73.99,100.0,74.0,0.0,70.0,0.0,73.24,-0.75,,67.0,69.0,85.0,55.0,,
196,2025-01-30 05:30:00,64.98,0.0,0.0,15.0,112.19333333333331,63.57,0.0,73.99,100.0,74.0,0.0,70.0,0.0,73.23333333333333,-0.75,,67.0,69.0,85.0,55.0,,
197,2025-01-30 05:45:00,64.27666666666666,4.229999999999997,0.0,15.0,112.19333333333331,63.57,0.0,73.99,100.0,74.0,0.0,70.0,0.0,73.23333333333333,-0.75,,67.0,69.0,85.0,55.0,,
198,2025-01-30 06:00:00,63.57,0.0,0.0,14.5,112.11666666666667,63.57,0.0,73.99,100.0,74.0,0.0,70.0,0.0,73.24,-0.75,,67.0,69.0,85.0,55.0,,
199,2025-01-30 06:15:00,64.98333333333333,0.0,0.0,14.333333333333334,111.71,63.57,0.0,73.99,100.0,74.0,0.0,70.0,0.0,73.24,-0.75,,67.0,69.0,85.0,55.0,,
200,2025-01-30 06:30:00,64.27666666666666,2.119999999999997,0.0,14.333333333333334,111.8,63.57,0.0,73.99,100.0,74.0,0.0,70.0,0.0,73.24,-0.75,,67.0,69.0,85.0,55.0,,
201,2025-01-30 06:45:00,63.57,2.119999999999997,0.0,14.0,111.83,63.57,0.0,73.99,100.0,74.0,0.0,70.0,0.0,73.24,-0.75,,67.0,69.0,85.0,55.0,,
202,2025-01-30 07:00:00,64.27666666666666,0.0,0.0,15.5,112.35,63.57,0.0,73.99,100.0,74.0,0.0,70.0,0.0,73.23333333333333,-0.75,,67.0,69.0,85.0,55.0,,
203,2025-01-30 07:15:00,64.27666666666666,0.0,0.0,14.833333333333334,112.16,63.57,0.0,73.99,100.0,74.0,0.0,70.0,0.0,73.24666666666667,-0.75,,67.0,69.0,85.0,55.0,,
204,2025-01-30 07:30:00,62.86333333333334,0.0,0.0,14.833333333333334,112.14666666666666,63.57,0.0,73.99,100.0,74.0,0.0,70.0,0.0,73.24666666666667,-0.7299999999999898,,67.0,69.0,85.0,55.0,,
205,2025-01-30 07:45:00,64.27666666666666,0.0,0.0,15.333333333333334,111.7,63.57,0.0,73.99,100.0,74.0,0.0,70.0,0.0,73.27,-0.75,,67.0,69.0,85.0,55.0,,
206,2025-01-30 08:00:00,65.69,2.119999999999997,0.0,14.333333333333334,111.75,63.57,0.0,73.99,100.0,74.0,0.0,70.0,0.0,73.24,-0.75,,67.0,69.0,85.0,55.0,,
207,2025-01-30 08:15:00,64.27666666666666,2.119999999999997,0.0,14.166666666666666,111.83333333333331,63.57,0.0,73.99,100.0,74.0,0.0,70.0,0.0,73.24,-0.75,,67.0,69.0,85.0,55.0,,
208,2025-01-30 08:30:00,64.27666666666666,0.0,0.0,14.833333333333334,111.82,63.57,0.0,73.99,100.0,74.0,0.0,70.0,0.0,73.25333333333333,-0.75,,67.0,69.0,85.0,55.0,,
209,2025-01-30 08:45:00,64.98333333333333,0.0,0.0,14.333333333333334,111.51,63.57,0.0,73.99,100.0,74.0,0.0,70.0,0.0,73.24666666666667,-0.75,,67.0,69.0,85.0,55.0,,
210,2025-01-30 09:00:00,64.98333333333333,0.0,0.0,14.833333333333334,110.83,63.57,0.0,73.99,100.0,74.0,0.0,70.0,0.0,73.24,-0.75,,67.0,69.0,85.0,55.0,,
211,2025-01-30 09:15:00,64.98333333333333,0.0,0.0,12.833333333333334,109.45666666666666,63.57,0.0,73.99,100.0,74.0,0.0,70.0,0.0,72.94666666666667,-0.75,,67.0,69.0,85.0,55.0,,
212,2025-01-30 09:30:00,63.57,2.119999999999997,0.0,12.0,109.58,63.57,0.0,73.99,100.0,74.0,0.0,70.0,0.0,72.61333333333333,-1.1799999999999926,,67.0,69.0,85.0,55.0,,
213,2025-01-30 09:45:00,64.27666666666666,-2.119999999999997,0.0,12.333333333333334,109.64666666666666,63.57,0.0,73.99,100.0,74.0,0.0,70.0,0.0,72.44333333333333,-1.4699999999999989,,67.0,69.0,85.0,55.0,,
214,2025-01-30 10:00:00,66.39333333333333,0.0,0.0,11.666666666666666,109.34,63.57,0.0,73.99,100.0,74.0,0.0,70.0,0.0,72.28333333333335,-1.6199999999999903,,67.0,69.0,85.0,55.0,,
215,2025-01-30 10:15:00,64.98333333333333,2.119999999999997,0.0,13.333333333333334,109.40333333333332,63.57,0.0,73.99,100.0,74.0,0.0,70.0,0.0,72.23,-1.759999999999991,,67.0,69.0,85.0,55.0,,
216,2025-01-30 10:30:00,64.98333333333333,2.119999999999997,0.0,13.5,109.36333333333334,63.57,0.0,73.99,100.0,74.0,0.0,70.0,0.0,72.3,-1.759999999999991,,67.0,69.0,85.0,55.0,,
217,2025-01-30 10:45:00,65.69,0.0,0.0,13.5,109.45666666666666,63.57,0.0,73.99,100.0,74.0,0.0,70.0,0.0,72.31333333333333,-1.6899999999999975,,67.0,69.0,85.0,55.0,,
218,2025-01-30 11:00:00,64.98333333333333,2.119999999999997,0.0,13.5,109.58666666666666,63.57,0.0,73.99,100.0,74.0,0.0,70.0,0.0,72.34,-1.6499999999999917,,67.0,69.0,85.0,55.0,,
219,2025-01-30 11:15:00,65.69,0.0,0.0,13.666666666666666,109.65333333333332,63.57,0.0,73.99,100.0,74.0,0.0,70.0,0.0,72.36,-1.6499999999999917,,67.0,69.0,85.0,55.0,,
220,2025-01-30 11:30:00,64.98333333333333,2.119999999999997,0.0,13.833333333333334,109.16,63.57,0.0,73.99,100.0,74.0,0.0,70.0,0.0,72.36666666666667,-1.6299999999999957,,67.0,69.0,85.0,55.0,,
221,2025-01-30 11:45:00,64.27666666666666,2.119999999999997,0.0,13.5,109.25666666666666,63.57,0.0,73.99,100.0,74.0,0.0,70.0,0.0,72.48666666666666,-1.6199999999999903,,67.0,69.0,85.0,55.0,,
222,2025-01-30 12:00:00,63.57,0.0,0.0,13.166666666666666,109.54,63.57,0.0,73.99,100.0,74.0,0.0,70.0,0.0,72.50666666666666,-1.4699999999999989,,67.0,69.0,85.0,55.0,,
223,2025-01-30 12:15:00,64.27666666666666,0.0,0.0,13.166666666666666,109.99,63.57,0.0,73.99,100.0,74.0,0.0,70.0,0.0,72.52999999999999,-1.4699999999999989,,67.0,69.0,85.0,55.0,,
224,2025-01-30 12:30:00,65.68666666666667,2.119999999999997,0.0,13.666666666666666,110.20666666666666,63.57,0.0,73.99,100.0,74.0,0.0,70.0,0.0,72.60333333333334,-1.4399999999999975,,67.0,69.0,85.0,55.0,,
225,2025-01-30 12:45:00,62.86333333333332,6.350000000000001,0.0,13.0,110.37666666666668,63.57,0.0,73.99,100.0,74.0,0.0,70.0,0.0,72.60666666666667,-1.3599999999999994,,67.0,69.0,85.0,55.0,,
226,2025-01-30 13:00:00,64.98,-4.240000000000002,0.0,14.0,110.35333333333334,63.57,0.0,73.99,100.0,74.0,0.0,70.0,0.0,72.69666666666666,-1.3299999999999983,,67.0,69.0,85.0,55.0,,
227,2025-01-30 13:15:00,64.98333333333333,2.119999999999997,0.0,12.833333333333334,110.41666666666669,63.57,0.0,73.99,100.0,74.0,0.0,70.0,0.0,72.87666666666667,-1.2199999999999989,,67.0,69.0,85.0,55.0,,
228,2025-01-30 13:30:00,62.86333333333334,2.119999999999997,0.0,13.833333333333334,110.60666666666668,63.57,0.0,73.99,100.0,74.0,0.0,70.0,0.0,73.05666666666667,-1.0799999999999983,,67.0,69.0,85.0,55.0,,
229,2025-01-30 13:45:00,65.69,0.0,0.0,14.0,110.71,63.57,0.0,73.99,98.0,74.0,0.0,70.0,0.0,74.02333333333333,-0.6799999999999926,,67.0,69.0,85.0,55.0,,
230,2025-01-30 14:00:00,64.27666666666666,2.119999999999997,0.0,13.5,106.30333333333334,63.57,0.0,73.99,81.35666666666667,74.0,0.0,70.0,0.0,74.76666666666667,0.2900000000000062,,67.0,69.0,85.0,55.0,,
231,2025-01-30 14:15:00,65.69,0.0,0.0,12.833333333333334,94.98666666666668,63.57,0.0,73.99,59.083333333333336,74.0,0.0,70.0,0.0,75.44666666666667,1.0300000000000011,,67.0,69.0,85.0,55.0,,
232,2025-01-30 14:30:00,65.68666666666667,2.119999999999997,0.0,12.5,79.30666666666667,63.57,0.0,73.99,36.36,74.0,0.0,70.0,0.0,75.94,1.6099999999999994,,67.0,69.0,85.0,55.0,,
233,2025-01-30 14:45:00,64.27666666666666,2.119999999999997,0.0,12.5,80.85666666666667,63.57,0.0,73.99,44.84,74.0,0.0,70.0,0.0,74.92999999999999,1.9100000000000108,,67.0,69.0,85.0,55.0,,
234,2025-01-30 15:00:00,64.98333333333333,0.0,0.0,12.5,96.14666666666666,63.57,0.0,73.99,64.76666666666667,74.0,0.0,70.0,0.0,73.81333333333333,0.4200000000000017,,67.0,69.0,85.0,55.0,,
235,2025-01-30 15:15:00,64.27666666666666,0.0,0.0,12.0,103.29,63.57,0.0,73.99,75.43666666666667,74.0,0.0,70.0,0.0,73.42999999999999,-0.3199999999999932,,67.0,69.0,85.0,55.0,,
236,2025-01-30 15:30:00,64.27666666666666,0.0,0.0,11.5,106.99,63.57,0.0,73.99,81.97666666666667,74.0,0.0,70.0,0.0,73.33666666666666,-0.6099999999999994,,67.0,69.0,85.0,55.0,,
237,2025-01-30 15:45:00,64.98333333333333,0.0,0.0,12.0,110.32333333333334,63.57,0.0,73.99,89.64,74.0,0.0,70.0,0.0,73.22,-0.6999999999999886,,67.0,69.0,85.0,55.0,,
238,2025-01-30 16:00:00,62.86333333333334,0.0,0.0,11.666666666666666,112.19333333333331,63.57,0.0,73.99,97.13,74.0,0.0,70.0,0.0,73.13333333333334,-0.789999999999992,,67.0,69.0,85.0,55.0,,
239,2025-01-30 16:15:00,64.27666666666666,-2.119999999999997,0.0,11.5,112.4,63.57,0.0,73.99,100.0,74.0,0.0,70.0,0.0,73.22,-0.8099999999999881,,67.0,69.0,85.0,55.0,,
240,2025-01-30 16:30:00,65.69,-2.119999999999997,0.0,12.333333333333334,112.34333333333332,63.57,0.0,73.99,100.0,74.0,0.0,70.0,0.0,73.23666666666666,-0.769999999999996,,67.0,69.0,85.0,55.0,,
241,2025-01-30 16:45:00,64.98333333333333,2.119999999999997,0.0,11.833333333333334,111.72666666666667,63.57,0.0,73.99,93.36666666666667,74.0,0.0,70.0,0.0,74.05333333333333,-0.7199999999999989,,67.0,69.0,85.0,55.0,,
242,2025-01-30 17:00:00,64.27666666666666,2.119999999999997,0.0,11.0,106.99,63.57,0.0,73.99,78.69666666666666,74.0,0.0,70.0,0.0,74.66,0.5400000000000063,,67.0,69.0,85.0,55.0,,
243,2025-01-30 17:15:00,64.98333333333333,0.0,0.0,12.166666666666666,96.42333333333332,63.57,0.0,73.99,58.66,74.0,0.0,70.0,0.0,75.29,0.9200000000000016,,67.0,69.0,85.0,55.0,,
244,2025-01-30 17:30:00,64.98333333333333,2.119999999999997,0.0,12.0,84.87666666666667,63.57,0.0,73.99,43.25666666666667,74.0,0.0,70.0,0.0,75.52333333333333,1.460000000000008,,67.0,69.0,85.0,55.0,,0.0
245,2025-01-30 17:45:00,64.98333333333333,0.0,0.0,12.166666666666666,91.46666666666664,63.57,0.0,73.99,55.03666666666667,74.0,0.0,70.0,0.0,74.52666666666666,1.440000000000012,,67.0,69.0,85.0,55.0,,0.0
246,2025-01-30 18:00:00,64.27666666666666,2.119999999999997,0.0,11.0,92.48,63.57,0.0,73.99,53.830000000000005,74.0,0.0,70.0,0.0,74.43666666666667,0.3599999999999994,,67.0,69.0,85.0,55.0,,0.0
247,2025-01-30 18:15:00,64.98,2.119999999999997,0.0,10.666666666666666,93.36,63.57,0.0,73.99,57.48333333333333,74.0,0.0,70.0,0.0,74.09333333333335,0.5799999999999983,,67.0,69.0,85.0,55.0,,0.0
248,2025-01-30 18:30:00,64.98333333333333,0.0,0.0,10.5,99.77333333333333,63.57,0.0,73.99,66.16666666666667,74.0,0.0,70.0,0.0,73.71666666666665,-0.0899999999999892,,67.0,69.0,85.0,55.0,,0.0
249,2025-01-30 18:45:00,64.27666666666666,0.0,0.0,10.5,104.09666666666668,63.57,0.0,73.99,72.85333333333334,74.0,0.0,70.0,0.0,73.52333333333333,-0.3599999999999994,,67.0,69.0,85.0,55.0,,0.0
250,2025-01-30 19:00:00,65.68666666666667,2.119999999999997,0.0,10.5,106.84333333333332,63.57,0.0,73.99,79.25666666666666,74.0,0.0,70.0,0.0,73.41333333333334,-0.4799999999999897,,67.0,69.0,85.0,55.0,,0.0
251,2025-01-30 19:15:00,64.98333333333333,0.0,0.0,11.166666666666666,109.33666666666666,63.57,0.0,73.99,85.25333333333333,74.0,0.0,70.0,0.0,73.33,-0.6099999999999994,,67.0,69.0,85.0,55.0,,0.0
252,2025-01-30 19:30:00,64.27666666666666,2.119999999999997,0.0,12.0,111.48666666666666,63.57,0.0,73.99,91.74333333333334,74.0,0.0,70.0,0.0,73.27,-0.6799999999999926,,67.0,69.0,85.0,55.0,,0.0
253,2025-01-30 19:45:00,65.68333333333334,0.0,0.0,11.5,111.92333333333332,63.57,0.0,73.99,97.61333333333334,74.0,0.0,70.0,0.0,73.25,-0.6599999999999966,,67.0,69.0,85.0,55.0,,0.0
254,2025-01-30 20:00:00,64.98333333333333,4.229999999999997,0.0,11.666666666666666,111.86333333333334,63.57,0.0,73.99,100.0,74.0,0.0,70.0,0.0,73.22666666666667,-0.75,,67.0,69.0,85.0,55.0,,0.0
255,2025-01-30 20:15:00,63.57,0.0,0.0,12.0,111.66,63.57,0.0,73.99,100.0,74.0,0.0,70.0,0.0,73.23333333333333,-0.769999999999996,,67.0,69.0,85.0,55.0,,0.0
256,2025-01-30 20:30:00,64.98333333333333,0.0,0.0,12.166666666666666,111.64333333333332,63.57,0.0,73.99,100.0,74.0,0.0,70.0,0.0,73.21333333333332,-0.769999999999996,,67.0,69.0,85.0,55.0,,0.0
257,2025-01-30 20:45:00,64.98333333333333,2.119999999999997,0.0,12.333333333333334,111.36333333333334,63.57,0.0,73.99,100.0,74.0,0.0,70.0,0.0,73.12666666666667,-0.789999999999992,,67.0,69.0,85.0,55.0,,0.0
258,2025-01-30 21:00:00,65.68666666666667,2.119999999999997,0.0,11.333333333333334,111.33333333333331,63.57,0.0,73.99,100.0,74.0,0.0,70.0,0.0,73.09333333333333,-0.8099999999999881,,67.0,69.0,85.0,55.0,,0.0
259,2025-01-30 21:15:00,64.27666666666666,2.119999999999997,0.0,11.0,111.53000000000002,63.57,0.0,73.99,100.0,74.0,0.0,70.0,0.0,73.08,-0.9099999999999966,,67.0,69.0,85.0,55.0,,0.0
260,2025-01-30 21:30:00,61.45000000000001,2.119999999999997,0.0,11.333333333333334,111.52,63.57,0.0,73.99,100.0,74.0,0.0,70.0,0.0,73.14333333333333,-0.9299999999999926,,67.0,69.0,85.0,55.0,,0.0
261,2025-01-30 21:45:00,66.39333333333333,0.0,0.0,12.166666666666666,110.91666666666669,63.57,0.0,73.99,92.86666666666667,74.0,0.0,70.0,0.0,74.31,-0.1049999999999897,,67.0,69.0,85.0,55.0,,0.0
262,2025-01-30 22:00:00,64.98333333333333,4.229999999999997,0.0,11.166666666666666,108.6,63.57,0.0,73.99,90.3,74.0,0.0,70.0,0.0,74.25,0.6500000000000057,,67.0,69.0,85.0,55.0,,0.0
263,2025-01-30 22:15:00,63.57,0.0,0.0,11.166666666666666,111.29,63.57,0.0,73.99,100.0,74.0,0.0,70.0,0.0,73.47,-0.1799999999999926,,67.0,69.0,85.0,55.0,,0.0
264,2025-01-30 22:30:00,65.68666666666667,0.0,0.0,11.5,111.67333333333332,63.57,0.0,73.99,100.0,74.0,0.0,70.0,0.0,73.29333333333334,-0.6099999999999994,,67.0,69.0,85.0,55.0,,0.0
265,2025-01-30 22:45:00,64.98333333333333,4.229999999999997,0.0,12.166666666666666,111.88,63.57,0.0,73.99,100.0,74.0,0.0,70.0,0.0,73.19666666666667,-0.75,,67.0,69.0,85.0,55.0,,0.0
266,2025-01-30 23:00:00,64.98333333333333,0.0,0.0,12.5,111.80666666666666,63.57,0.0,73.99,100.0,74.0,0.0,70.0,0.0,73.09,-0.8399999999999892,,67.0,69.0,85.0,55.0,,0.0
267,2025-01-30 23:15:00,64.27666666666666,0.0,0.0,12.5,111.76333333333334,63.57,0.0,73.99,100.0,74.0,0.0,70.0,0.0,73.03,-0.8999999999999915,,67.0,69.0,85.0,55.0,,0.0
268,2025-01-30 23:30:00,64.27666666666666,0.0,0.0,12.5,111.78333333333336,63.57,0.0,73.99,100.0,74.0,0.0,70.0,0.0,73.08,-1.039999999999992,,67.0,69.0,85.0,55.0,,0.0
269,2025-01-30 23:45:00,64.27666666666666,0.0,0.0,12.333333333333334,111.62,63.57,0.0,73.99,100.0,74.0,0.0,70.0,0.0,73.13,-0.8999999999999915,,67.0,69.0,85.0,55.0,,0.0
270,2025-01-31 00:00:00,65.69,2.119999999999997,0.0,12.0,111.49333333333334,63.57,0.0,73.99,100.0,74.0,0.0,70.0,0.0,73.12,-0.8799999999999955,,67.0,69.0,85.0,55.0,,0.0
271,2025-01-31 00:15:00,64.98333333333333,2.119999999999997,0.0,11.5,111.65,63.57,0.0,73.99,100.0,74.0,0.0,70.0,0.0,73.11666666666667,-0.8099999999999881,,67.0,69.0,85.0,55.0,,0.0
272,2025-01-31 00:30:00,64.98333333333333,2.119999999999997,0.0,11.166666666666666,112.04,63.57,0.0,73.99,100.0,74.0,0.0,70.0,0.0,73.08666666666666,-0.8999999999999915,,67.0,69.0,85.0,55.0,,0.0
273,2025-01-31 00:45:00,63.57,2.119999999999997,0.0,11.5,112.88333333333333,63.57,0.0,73.99,100.0,74.0,0.0,70.0,0.0,73.09,-0.9099999999999966,,67.0,69.0,85.0,55.0,,0.0
274,2025-01-31 01:00:00,64.98,0.0,0.0,12.666666666666666,112.84,63.57,0.0,73.99,100.0,74.0,0.0,70.0,0.0,73.09,-0.8999999999999915,,67.0,69.0,85.0,55.0,,0.0
275,2025-01-31 01:15:00,65.69,0.0,0.0,11.833333333333334,112.64,63.57,0.0,73.99,100.0,74.0,0.0,70.0,0.0,73.09,-0.8999999999999915,,67.0,69.0,85.0,55.0,,0.0
276,2025-01-31 01:30:00,64.98333333333333,2.119999999999997,0.0,11.333333333333334,112.76666666666668,63.57,0.0,73.99,100.0,74.0,0.0,70.0,0.0,73.09,-0.8999999999999915,,67.0,69.0,85.0,55.0,,0.0
277,2025-01-31 01:45:00,63.57,2.119999999999997,0.0,11.5,113.18666666666668,63.57,0.0,73.99,100.0,74.0,0.0,70.0,0.0,73.09,-0.8999999999999915,,67.0,69.0,85.0,55.0,,0.0
278,2025-01-31 02:00:00,63.57,2.119999999999997,0.0,12.166666666666666,113.01666666666668,63.57,0.0,73.99,100.0,74.0,0.0,70.0,0.0,73.09,-0.8999999999999915,,67.0,69.0,85.0,55.0,,0.0
279,2025-01-31 02:15:00,63.57,0.0,0.0,12.666666666666666,113.4,63.57,0.0,73.99,100.0,74.0,0.0,70.0,0.0,73.09,-0.8999999999999915,,67.0,69.0,85.0,55.0,,0.0
280,2025-01-31 02:30:00,66.39333333333333,2.119999999999997,0.0,12.0,113.15,63.57,0.0,73.99,100.0,74.0,0.0,70.0,0.0,73.09,-0.8999999999999915,,67.0,69.0,85.0,55.0,,0.0
281,2025-01-31 02:45:00,64.98333333333333,2.119999999999997,0.0,11.5,113.34333333333332,63.57,0.0,73.99,100.0,74.0,0.0,70.0,0.0,73.09666666666668,-0.8999999999999915,,67.0,69.0,85.0,55.0,,0.0
282,2025-01-31 03:00:00,62.86333333333334,2.119999999999997,0.0,11.5,113.60666666666668,63.57,0.0,73.99,100.0,74.0,0.0,70.0,0.0,73.11,-0.8999999999999915,,67.0,69.0,85.0,55.0,,0.0
283,2025-01-31 03:15:00,65.68666666666667,-2.119999999999997,0.0,11.666666666666666,113.73666666666666,63.57,0.0,73.99,100.0,74.0,0.0,70.0,0.0,73.20666666666666,-0.8399999999999892,,67.0,69.0,85.0,55.0,,0.0
284,2025-01-31 03:30:00,64.27666666666666,0.0,0.0,12.5,113.98333333333332,63.57,0.0,73.99,100.0,74.0,0.0,70.0,0.0,73.22,-0.769999999999996,,67.0,69.0,85.0,55.0,,0.0
285,2025-01-31 03:45:00,65.69,0.0,0.0,12.666666666666666,113.61666666666667,63.57,0.0,73.99,100.0,74.0,0.0,70.0,0.0,73.24,-0.75,,67.0,69.0,85.0,55.0,,0.0
286,2025-01-31 04:00:00,65.68666666666667,2.119999999999997,0.0,12.0,113.63,63.57,0.0,73.99,100.0,74.0,0.0,70.0,0.0,73.24,-0.75,,67.0,69.0,85.0,55.0,,0.0
287,2025-01-31 04:15:00,64.27666666666666,4.229999999999997,0.0,11.333333333333334,114.0,63.57,0.0,73.99,100.0,74.0,0.0,70.0,0.0,73.24,-0.75,,67.0,69.0,85.0,55.0,,0.0
288,2025-01-31 04:30:00,64.27666666666666,0.0,0.0,11.333333333333334,114.19333333333331,63.57,0.0,73.99,100.0,74.0,0.0,70.0,0.0,73.24666666666667,-0.75,,67.0,69.0,85.0,55.0,,0.0
289,2025-01-31 04:45:00,64.98333333333333,0.0,0.0,12.0,114.18666666666668,63.57,0.0,73.99,100.0,74.0,0.0,70.0,0.0,73.24,-0.75,,67.0,69.0,85.0,55.0,,0.0
290,2025-01-31 05:00:00,64.98333333333333,2.119999999999997,0.0,12.5,113.98333333333332,63.57,0.0,73.99,100.0,74.0,0.0,70.0,0.0,73.24,-0.75,,67.0,69.0,85.0,55.0,,0.0
291,2025-01-31 05:15:00,64.98333333333333,2.119999999999997,0.0,12.666666666666666,113.86333333333334,63.57,0.0,73.99,100.0,74.0,0.0,70.0,0.0,73.24,-0.75,,67.0,69.0,85.0,55.0,,0.0
292,2025-01-31 05:30:00,64.98,2.119999999999997,0.0,12.5,113.93666666666668,63.57,0.0,73.99,100.0,74.0,0.0,70.0,0.0,73.23333333333333,-0.75,,67.0,69.0,85.0,55.0,,0.0
293,2025-01-31 05:45:00,64.27666666666666,0.0,0.0,12.5,114.41333333333334,63.57,0.0,73.99,100.0,74.0,0.0,70.0,0.0,73.24,-0.769999999999996,,67.0,69.0,85.0,55.0,,0.0
294,2025-01-31 06:00:00,64.27666666666666,0.0,0.0,12.666666666666666,114.27333333333333,63.57,0.0,73.99,100.0,74.0,0.0,70.0,0.0,73.24,-0.75,,67.0,69.0,85.0,55.0,,0.0
295,2025-01-31 06:15:00,64.98333333333333,2.119999999999997,0.0,11.666666666666666,114.11666666666667,63.57,0.0,73.99,100.0,74.0,0.0,70.0,0.0,73.24,-0.75,,67.0,69.0,85.0,55.0,,0.0
296,2025-01-31 06:30:00,64.27666666666666,2.119999999999997,0.0,12.5,114.87333333333332,63.57,0.0,73.99,100.0,74.0,0.0,70.0,0.0,73.24,-0.75,,67.0,69.0,85.0,55.0,,0.0
297,2025-01-31 06:45:00,65.69,0.0,0.0,12.666666666666666,114.90333333333332,63.57,0.0,73.99,100.0,74.0,0.0,70.0,0.0,73.31,-0.75,,67.0,69.0,85.0,55.0,,0.0
298,2025-01-31 07:00:00,62.156666666666666,2.119999999999997,0.0,11.5,114.97333333333334,63.57,0.0,73.99,100.0,74.0,0.0,70.0,0.0,73.36666666666666,-0.6400000000000006,,67.0,69.0,85.0,55.0,,0.0
299,2025-01-31 07:15:00,63.57,-4.240000000000002,0.0,11.666666666666666,115.54,63.57,0.0,73.99,100.0,74.0,0.0,70.0,0.0,73.38,-0.6099999999999994,,67.0,69.0,85.0,55.0,,0.0
300,2025-01-31 07:30:00,64.27666666666666,2.119999999999997,0.0,12.333333333333334,115.43666666666668,63.57,0.0,73.99,100.0,74.0,0.0,70.0,0.0,73.43666666666667,-0.6099999999999994,,67.0,69.0,85.0,55.0,,0.0
301,2025-01-31 07:45:00,65.68666666666667,2.119999999999997,0.0,12.5,115.60333333333334,63.57,0.0,73.99,100.0,74.0,0.0,70.0,0.0,73.50333333333333,-0.519999999999996,,67.0,69.0,85.0,55.0,,0.0
302,2025-01-31 08:00:00,65.68666666666667,4.229999999999997,0.0,11.166666666666666,115.24666666666668,63.57,0.0,73.99,100.0,74.0,0.0,70.0,0.0,73.51666666666667,-0.4799999999999897,,67.0,69.0,85.0,55.0,,0.0
303,2025-01-31 08:15:00,64.27666666666666,0.0,0.0,11.0,115.13,63.57,0.0,73.99,100.0,74.0,0.0,70.0,0.0,73.51,-0.4599999999999937,,67.0,69.0,85.0,55.0,,0.0
304,2025-01-31 08:30:00,64.98333333333333,-2.119999999999997,0.0,11.0,115.17333333333332,63.57,0.0,73.99,100.0,74.0,0.0,70.0,0.0,73.49666666666667,-0.4799999999999897,,67.0,69.0,85.0,55.0,,0.0
305,2025-01-31 08:45:00,63.57,2.119999999999997,0.0,11.0,114.79333333333334,63.57,0.0,73.99,100.0,74.0,0.0,70.0,0.0,73.50333333333333,-0.4799999999999897,,67.0,69.0,85.0,55.0,,0.0
306,2025-01-31 09:00:00,62.156666666666666,0.0,0.0,10.833333333333334,114.34,63.57,0.0,73.99,100.0,74.0,0.0,70.0,0.0,73.48,-0.5,,67.0,69.0,85.0,55.0,,0.0
307,2025-01-31 09:15:00,64.98333333333333,0.0,0.0,10.666666666666666,113.91333333333334,63.57,0.0,73.99,100.0,74.0,0.0,70.0,0.0,73.38,-0.5699999999999932,,67.0,69.0,85.0,55.0,,0.0
308,2025-01-31 09:30:00,63.57,0.0,0.0,11.0,114.43333333333334,63.57,0.0,73.99,100.0,74.0,0.0,70.0,0.0,73.36666666666666,-0.6099999999999994,,67.0,69.0,85.0,55.0,,0.0
309,2025-01-31 09:45:00,63.57,0.0,0.0,11.666666666666666,114.64333333333332,63.57,0.0,73.99,100.0,74.0,0.0,70.0,0.0,73.36,-0.6299999999999955,,67.0,69.0,85.0,55.0,,0.0
310,2025-01-31 10:00:00,65.68666666666667,2.119999999999997,0.0,12.166666666666666,114.30666666666669,63.57,0.0,73.99,100.0,74.0,0.0,70.0,0.0,73.35,-0.6299999999999955,,67.0,69.0,85.0,55.0,,0.0
311,2025-01-31 10:15:00,64.27666666666666,4.229999999999997,0.0,12.333333333333334,114.19,63.57,0.0,73.99,100.0,74.0,0.0,70.0,0.0,73.33,-0.6400000000000006,,67.0,69.0,85.0,55.0,,0.0
312,2025-01-31 10:30:00,64.98333333333333,2.119999999999997,0.0,12.333333333333334,114.10333333333334,63.57,0.0,73.99,100.0,74.0,0.0,70.0,0.0,73.25666666666666,-0.6599999999999966,,67.0,69.0,85.0,55.0,,0.0
313,2025-01-31 10:45:00,65.69,0.0,0.0,12.333333333333334,114.36333333333334,63.57,0.0,73.99,100.0,74.0,0.0,70.0,0.0,73.23333333333333,-0.75,,67.0,69.0,85.0,55.0,,0.0
314,2025-01-31 11:00:00,64.27666666666666,2.119999999999997,0.0,12.0,114.3,63.57,0.0,73.99,100.0,74.0,0.0,70.0,0.0,73.20666666666666,-0.769999999999996,,67.0,69.0,85.0,55.0,,0.0
315,2025-01-31 11:15:00,64.98333333333333,2.119999999999997,0.0,12.0,114.29666666666668,63.57,0.0,73.99,100.0,74.0,0.0,70.0,0.0,73.24,-0.769999999999996,,67.0,69.0,85.0,55.0,,0.0
316,2025-01-31 11:30:00,65.68666666666667,0.0,0.0,12.0,114.13,63.57,0.0,73.99,100.0,74.0,0.0,70.0,0.0,73.24,-0.75,,67.0,69.0,85.0,55.0,,0.0
317,2025-01-31 11:45:00,63.57,2.119999999999997,0.0,11.833333333333334,113.67666666666666,63.57,0.0,73.99,100.0,74.0,0.0,70.0,0.0,73.24,-0.75,,67.0,69.0,85.0,55.0,,0.0
318,2025-01-31 12:00:00,65.68666666666667,0.0,0.0,11.166666666666666,113.76,63.57,0.0,73.99,100.0,74.0,0.0,70.0,0.0,73.24,-0.75,,67.0,69.0,85.0,55.0,,0.0
319,2025-01-31 12:15:00,64.27666666666666,2.119999999999997,0.0,11.0,114.05,63.57,0.0,73.99,100.0,74.0,0.0,70.0,0.0,73.26333333333334,-0.75,,67.0,69.0,85.0,55.0,,0.0
320,2025-01-31 12:30:00,64.98333333333333,2.119999999999997,0.0,11.0,114.64333333333332,63.57,0.0,73.99,100.0,74.0,0.0,70.0,0.0,73.32333333333334,-0.7199999999999989,,67.0,69.0,85.0,55.0,,0.0
321,2025-01-31 12:45:00,62.86333333333334,2.119999999999997,0.0,10.833333333333334,115.58333333333331,63.57,0.0,73.99,100.0,74.0,0.0,70.0,0.0,73.35666666666667,-0.6599999999999966,,67.0,69.0,85.0,55.0,,0.0
322,2025-01-31 13:00:00,63.57,-2.119999999999997,0.0,11.0,115.77333333333333,63.57,0.0,73.99,100.0,74.0,0.0,70.0,0.0,73.37333333333333,-0.6299999999999955,,67.0,69.0,85.0,55.0,,0.0
323,2025-01-31 13:15:00,62.86333333333334,0.0,0.0,12.0,109.44333333333331,63.57,0.0,73.99,100.0,74.0,0.0,70.0,0.0,73.32666666666667,-0.6099999999999994,,67.0,69.0,85.0,55.0,,0.0
324,2025-01-31 13:30:00,65.69,-2.119999999999997,0.0,11.333333333333334,112.88,63.57,0.0,73.99,100.0,74.0,0.0,70.0,0.0,73.62333333333333,-0.769999999999996,,67.0,69.0,85.0,55.0,,0.0
325,2025-01-31 13:45:00,64.98333333333333,2.119999999999997,0.0,13.0,109.06333333333332,63.57,0.0,73.99,86.25666666666666,74.0,0.0,70.0,0.0,74.60000000000001,0.0200000000000102,,67.0,69.0,85.0,55.0,,0.0
326,2025-01-31 14:00:00,64.27666666666666,2.119999999999997,0.0,10.666666666666666,100.41333333333334,63.57,0.0,73.99,69.92999999999999,74.0,0.0,70.0,0.0,75.06333333333333,0.8500000000000085,,67.0,69.0,85.0,55.0,,0.0
327,2025-01-31 14:15:00,64.27333333333333,0.0,0.0,12.333333333333334,101.38,63.57,0.0,73.99,71.31666666666666,74.0,0.0,70.0,0.0,74.64666666666666,1.1600000000000108,,67.0,69.0,85.0,55.0,,0.0
328,2025-01-31 14:30:00,64.27666666666666,4.229999999999997,0.0,10.666666666666666,102.90666666666668,63.57,0.0,73.99,81.56,74.0,0.0,70.0,0.0,74.03333333333333,0.2700000000000102,,67.0,69.0,85.0,55.0,,0.0
329,2025-01-31 14:45:00,64.27666666666666,2.119999999999997,0.0,12.0,105.56,63.57,0.0,73.99,89.0,74.0,0.0,70.0,0.0,73.70666666666666,-0.1799999999999926,,67.0,69.0,85.0,55.0,,0.0
330,2025-01-31 15:00:00,63.57,2.119999999999997,0.0,12.0,103.22666666666667,63.57,0.0,73.99,78.32333333333334,74.0,0.0,70.0,0.0,74.29333333333334,-0.3900000000000005,,67.0,69.0,85.0,55.0,,0.0
331,2025-01-31 15:15:00,65.68666666666667,0.0,0.0,12.0,96.13,63.57,0.0,73.99,67.63333333333334,74.0,0.0,70.0,0.0,74.60000000000001,0.6500000000000057,,67.0,69.0,85.0,55.0,,0.0
332,2025-01-31 15:30:00,65.69,4.229999999999997,0.0,11.0,96.22333333333334,63.57,0.0,73.99,68.76666666666667,74.0,0.0,70.0,0.0,74.35000000000001,0.4200000000000017,,67.0,69.0,85.0,55.0,,0.0
333,2025-01-31 15:45:00,64.98333333333333,2.119999999999997,0.0,10.5,105.18,63.57,0.0,73.99,86.95,74.0,0.0,70.0,0.0,73.50666666666666,-0.0300000000000011,,67.0,69.0,85.0,55.0,,0.0
334,2025-01-31 16:00:00,64.98333333333333,2.119999999999997,0.0,10.5,109.16,63.57,0.0,73.99,96.73666666666666,74.0,0.0,70.0,0.0,73.22,-0.6099999999999994,,67.0,69.0,85.0,55.0,,0.0
335,2025-01-31 16:15:00,64.27666666666666,2.119999999999997,0.0,10.666666666666666,109.50666666666666,63.57,0.0,73.99,100.0,74.0,0.0,70.0,0.0,73.06333333333333,-0.8799999999999955,,67.0,69.0,85.0,55.0,,0.0
336,2025-01-31 16:30:00,65.69,0.0,0.0,10.5,109.32333333333334,63.57,0.0,73.99,99.45666666666666,74.0,0.0,70.0,0.0,73.58999999999999,-0.9499999999999886,,67.0,69.0,85.0,55.0,,0.0
337,2025-01-31 16:45:00,65.69,2.119999999999997,0.0,10.5,108.72666666666667,63.57,0.0,73.99,92.22666666666667,74.0,0.0,70.0,0.0,74.14333333333333,-0.1799999999999926,,67.0,69.0,85.0,55.0,,0.0
338,2025-01-31 17:00:00,62.86333333333334,2.119999999999997,0.0,11.5,109.20333333333332,63.57,0.0,73.99,98.64666666666666,74.0,0.0,70.0,0.0,73.7,0.2700000000000102,,67.0,69.0,85.0,55.0,,0.0
339,2025-01-31 17:15:00,64.98333333333333,-2.119999999999997,0.0,10.5,109.48333333333332,63.57,0.0,73.99,100.0,74.0,0.0,70.0,0.0,73.43,-0.4599999999999937,,67.0,69.0,85.0,55.0,,0.0
340,2025-01-31 17:30:00,64.98333333333333,2.119999999999997,0.0,10.333333333333334,109.37,63.57,0.0,73.99,100.0,74.0,0.0,70.0,0.0,73.05,,,67.0,69.0,85.0,55.0,42.36,0.0
341,2025-01-31 17:45:00,63.56999999999999,0.0,0.0,10.5,109.66666666666669,63.57,0.0,73.99,100.0,74.0,0.0,70.0,0.0,72.88000000000001,,,67.0,69.0,85.0,55.0,50.42,0.0
342,2025-01-31 18:00:00,64.27666666666666,-2.119999999999997,0.0,11.0,109.86333333333332,63.57,0.0,73.99,100.0,74.0,0.0,70.0,0.0,73.26666666666667,,,67.0,69.0,85.0,55.0,50.55,0.0
343,2025-01-31 18:15:00,64.27666666666666,0.0,0.0,11.0,110.34,63.57,0.0,73.99,100.0,74.0,0.0,70.0,0.0,73.74,,,67.0,69.0,85.0,55.0,50.41,0.0
344,2025-01-31 18:30:00,61.45000000000001,0.0,0.0,11.333333333333334,110.32666666666668,63.57,0.0,73.99,100.0,74.0,0.0,70.0,0.0,73.08666666666666,,,67.0,69.0,85.0,55.0,50.59,0.0
345,2025-01-31 18:45:00,64.98,-2.119999999999997,0.0,11.166666666666666,109.55,63.57,0.0,73.99,100.0,74.0,0.0,70.0,0.0,72.89999999999999,,,67.0,69.0,85.0,55.0,50.5,0.0
346,2025-01-31 19:00:00,64.27666666666666,0.0,0.0,10.0,109.73666666666666,63.57,0.0,73.99,100.0,74.0,0.0,70.0,0.0,72.73333333333333,,,67.0,69.0,85.0,55.0,49.89,0.0
347,2025-01-31 19:15:00,63.57,0.0,0.0,10.166666666666666,110.1,63.57,0.0,73.99,100.0,74.0,0.0,70.0,0.0,72.64333333333333,,,67.0,69.0,85.0,55.0,49.79,0.0
348,2025-01-31 19:30:00,64.27666666666666,0.0,0.0,11.166666666666666,110.08,63.57,0.0,73.99,100.0,74.0,0.0,70.0,0.0,72.54333333333334,,,67.0,69.0,85.0,55.0,50.42,0.0
349,2025-01-31 19:45:00,66.39333333333333,2.119999999999997,0.0,10.5,109.37333333333332,63.57,0.0,73.99,100.0,74.0,0.0,70.0,0.0,72.50666666666666,,,67.0,69.0,85.0,55.0,49.86,0.0
350,2025-01-31 20:00:00,63.56999999999999,2.119999999999997,0.0,9.666666666666666,109.1,63.57,0.0,73.99,100.0,74.0,0.0,70.0,0.0,72.49333333333334,,,67.0,69.0,85.0,55.0,49.99,0.0
351,2025-01-31 20:15:00,64.27666666666666,-2.119999999999997,0.0,9.333333333333334,109.26666666666668,63.57,0.0,73.99,100.0,74.0,0.0,70.0,0.0,72.5,,,67.0,69.0,85.0,55.0,49.36,0.0
352,2025-01-31 20:30:00,64.98333333333333,0.0,0.0,9.0,108.93666666666668,63.57,0.0,73.99,100.0,74.0,0.0,70.0,0.0,72.56,,,67.0,69.0,85.0,55.0,49.73,0.0
353,2025-01-31 20:45:00,64.98333333333333,2.119999999999997,0.0,9.0,108.77666666666669,63.57,0.0,73.99,100.0,74.0,0.0,70.0,0.0,72.66666666666667,,,67.0,69.0,85.0,55.0,49.79,0.0
354,2025-01-31 21:00:00,65.69,2.119999999999997,0.0,9.0,108.34333333333332,63.57,0.0,73.99,100.0,74.0,0.0,70.0,0.0,72.68333333333334,,,67.0,69.0,85.0,55.0,49.620000000000005,0.0
355,2025-01-31 21:15:00,63.57,2.119999999999997,0.0,9.166666666666666,108.75666666666666,63.57,0.0,73.99,100.0,74.0,0.0,70.0,0.0,72.66,,,67.0,69.0,85.0,55.0,49.650000000000006,0.0
356,2025-01-31 21:30:00,67.09666666666666,0.0,0.0,9.166666666666666,108.07333333333334,63.57,0.0,73.99,100.0,74.0,0.0,70.0,0.0,72.66,,,67.0,69.0,85.0,55.0,49.72,0.0
357,2025-01-31 21:45:00,65.69,4.229999999999997,0.0,9.0,107.92666666666666,63.57,0.0,73.99,100.0,74.0,0.0,70.0,0.0,72.66,,,67.0,69.0,85.0,55.0,49.43000000000001,0.0
358,2025-01-31 22:00:00,65.68666666666667,2.119999999999997,0.0,9.0,107.96333333333332,63.57,0.0,73.99,100.0,74.0,0.0,70.0,0.0,72.66,,,67.0,69.0,85.0,55.0,49.02,0.0
359,2025-01-31 22:15:00,64.27666666666666,2.119999999999997,0.0,9.0,107.61333333333334,63.57,0.0,73.99,100.0,74.0,0.0,70.0,0.0,72.60666666666667,,,67.0,69.0,85.0,55.0,49.46999999999999,0.0
360,2025-01-31 22:30:00,64.98333333333333,-2.119999999999997,0.0,10.0,112.76,63.57,0.0,73.99,100.0,74.0,0.0,70.0,0.0,72.64999999999999,,,67.0,69.0,85.0,55.0,50.1,0.0
361,2025-01-31 22:45:00,63.57,0.0,0.0,10.5,109.27333333333333,63.57,0.0,73.99,100.0,74.0,0.0,70.0,0.0,72.77666666666666,,,67.0,69.0,85.0,55.0,50.51,0.0
362,2025-01-31 23:00:00,64.98333333333333,0.0,0.0,9.166666666666666,112.01666666666668,63.57,0.0,73.99,100.0,74.0,0.0,70.0,0.0,72.90666666666667,,,67.0,69.0,85.0,55.0,47.60000000000001,0.0
363,2025-01-31 23:15:00,65.68666666666667,0.0,0.0,11.0,109.88666666666668,63.57,0.0,73.99,100.0,74.0,0.0,70.0,0.0,72.81666666666666,,,67.0,69.0,85.0,55.0,50.13999999999999,0.0
364,2025-01-31 23:30:00,65.68666666666667,4.229999999999997,0.0,9.5,110.49666666666668,63.57,0.0,73.99,99.98,74.0,0.0,70.0,0.0,73.68,,,67.0,69.0,85.0,55.0,47.400000000000006,0.0
365,2025-01-31 23:45:00,64.27666666666666,0.0,0.0,11.166666666666666,109.20666666666666,63.57,0.0,73.99,88.96999999999998,74.0,0.0,70.0,0.0,74.45666666666666,,,67.0,69.0,85.0,55.0,50.60999999999999,0.0
366,2025-02-01 00:00:00,64.27666666666666,2.119999999999997,0.0,9.666666666666666,100.75666666666666,63.57,0.0,73.99,72.04333333333334,74.0,0.0,70.0,0.0,75.03666666666668,,,67.0,69.0,85.0,55.0,44.73,0.0
367,2025-02-01 00:15:00,64.27666666666666,0.0,0.0,10.5,95.20666666666666,63.57,0.0,73.99,56.53666666666667,74.0,0.0,70.0,0.0,75.34333333333335,,,67.0,69.0,85.0,55.0,38.97,0.0
368,2025-02-01 00:30:00,64.27333333333333,0.0,0.0,10.833333333333334,80.28,63.57,0.0,73.99,40.89666666666667,74.0,0.0,70.0,0.0,75.58,,,67.0,69.0,85.0,55.0,27.42,0.0
369,2025-02-01 00:45:00,64.98333333333333,4.229999999999997,0.0,9.5,73.73666666666666,63.57,0.0,73.99,28.826666666666668,74.0,0.0,70.0,0.0,75.57666666666667,,,67.0,69.0,85.0,55.0,14.540000000000006,0.0
370,2025-02-01 01:00:00,65.68666666666667,0.0,0.0,10.833333333333334,74.29,63.57,0.0,73.99,28.77333333333333,74.0,0.0,70.0,0.0,75.07666666666667,,,67.0,69.0,85.0,55.0,11.35,0.0
371,2025-02-01 01:15:00,65.68666666666667,2.119999999999997,0.0,9.333333333333334,76.60666666666667,63.57,0.0,73.99,34.10666666666666,74.0,0.0,70.0,0.0,74.53333333333335,,,67.0,69.0,85.0,55.0,10.430000000000009,0.0
372,2025-02-01 01:30:00,64.98333333333333,0.0,0.0,11.333333333333334,82.89999999999999,63.57,0.0,73.99,43.28333333333333,74.0,0.0,70.0,0.0,73.96666666666665,,,67.0,69.0,85.0,55.0,16.229999999999997,0.0
373,2025-02-01 01:45:00,64.27666666666666,2.119999999999997,0.0,9.333333333333334,87.22666666666667,63.57,0.0,73.99,48.17666666666667,74.0,0.0,70.0,0.0,73.76,,,67.0,69.0,85.0,55.0,20.14,0.0
374,2025-02-01 02:00:00,62.86333333333334,0.0,0.0,11.333333333333334,92.28000000000002,63.57,0.0,73.99,57.29333333333333,74.0,0.0,70.0,0.0,73.45333333333333,,,67.0,69.0,85.0,55.0,27.289999999999992,0.0
375,2025-02-01 02:15:00,64.27666666666666,0.0,0.0,10.0,100.26333333333332,63.57,0.0,73.99,63.20333333333334,74.0,0.0,70.0,0.0,73.38,,,67.0,69.0,85.0,55.0,31.55000000000001,0.0
376,2025-02-01 02:30:00,62.86333333333334,0.0,0.0,10.0,104.12,63.57,0.0,73.99,67.44666666666666,74.0,0.0,70.0,0.0,73.39333333333333,,,67.0,69.0,85.0,55.0,35.91999999999999,0.0
377,2025-02-01 02:45:00,64.27666666666666,0.0,0.0,11.0,105.73333333333332,63.57,0.0,73.99,69.85666666666667,74.0,0.0,70.0,0.0,73.47,,,67.0,69.0,85.0,55.0,39.49,0.0
378,2025-02-01 03:00:00,64.98,0.0,0.0,11.5,107.16666666666669,63.57,0.0,73.99,73.10000000000001,74.0,0.0,70.0,0.0,73.50333333333333,,,67.0,69.0,85.0,55.0,40.80999999999999,0.0
379,2025-02-01 03:15:00,64.27666666666666,4.229999999999997,0.0,12.0,108.39666666666666,63.57,0.0,73.99,76.34666666666666,74.0,0.0,70.0,0.0,73.53,,,67.0,69.0,85.0,55.0,42.58,0.0
380,2025-02-01 03:30:00,64.27666666666666,0.0,0.0,11.5,109.7,63.57,0.0,73.99,79.75666666666666,74.0,0.0,70.0,0.0,73.53,,,67.0,69.0,85.0,55.0,44.17,0.0
381,2025-02-01 03:45:00,64.27666666666666,0.0,0.0,11.5,110.41333333333334,63.57,0.0,73.99,81.38666666666667,74.0,0.0,70.0,0.0,73.61999999999999,,,67.0,69.0,85.0,55.0,45.58999999999999,0.0
382,2025-02-01 04:00:00,64.98333333333333,2.119999999999997,0.0,11.666666666666666,111.18333333333334,63.57,0.0,73.99,83.82666666666667,74.0,0.0,70.0,0.0,73.62333333333333,,,67.0,69.0,85.0,55.0,46.08,0.0
383,2025-02-01 04:15:00,64.27666666666666,2.119999999999997,0.0,12.0,111.97333333333334,63.57,0.0,73.99,85.95666666666666,74.0,0.0,70.0,0.0,73.65,,,67.0,69.0,85.0,55.0,47.25,0.0
384,2025-02-01 04:30:00,62.86333333333334,0.0,0.0,12.0,113.03000000000002,63.57,0.0,73.99,88.29666666666667,74.0,0.0,70.0,0.0,73.66333333333334,,,67.0,69.0,85.0,55.0,47.88,0.0
385,2025-02-01 04:45:00,64.27666666666666,0.0,0.0,12.0,114.00666666666666,63.57,0.0,73.99,90.65333333333332,74.0,0.0,70.0,0.0,73.67,,,67.0,69.0,85.0,55.0,48.91,0.0
386,2025-02-01 05:00:00,64.27666666666666,0.0,0.0,12.0,114.65,63.57,0.0,73.99,92.93,74.0,0.0,70.0,0.0,73.67666666666666,,,67.0,69.0,85.0,55.0,50.10000000000001,0.0
387,2025-02-01 05:15:00,64.98333333333333,2.119999999999997,0.0,12.0,114.87,63.57,0.0,73.99,95.14333333333332,74.0,0.0,70.0,0.0,73.68333333333334,,,67.0,69.0,85.0,55.0,50.23,0.0
388,2025-02-01 05:30:00,62.86333333333334,2.119999999999997,0.0,12.333333333333334,114.88,63.57,0.0,73.99,97.45666666666666,74.0,0.0,70.0,0.0,73.69,,,67.0,69.0,85.0,55.0,50.6,0.0
389,2025-02-01 05:45:00,64.98333333333333,0.0,0.0,12.5,114.96333333333332,63.57,0.0,73.99,99.59666666666668,74.0,0.0,70.0,0.0,73.68333333333334,,,67.0,69.0,85.0,55.0,50.69000000000001,0.0
390,2025-02-01 06:00:00,64.27666666666666,0.0,0.0,12.333333333333334,115.11,63.57,0.0,73.99,100.0,74.0,0.0,70.0,0.0,73.67666666666666,,,67.0,69.0,85.0,55.0,50.46,0.0
391,2025-02-01 06:15:00,65.68666666666667,2.119999999999997,0.0,12.5,114.81333333333332,63.57,0.0,73.99,100.0,74.0,0.0,70.0,0.0,73.68333333333334,,,67.0,69.0,85.0,55.0,51.51,0.0
392,2025-02-01 06:30:00,63.57,0.0,0.0,12.5,114.25,63.57,0.0,73.99,100.0,74.0,0.0,70.0,0.0,73.67,,,67.0,69.0,85.0,55.0,50.94,0.0
393,2025-02-01 06:45:00,63.56999999999999,-2.119999999999997,0.0,13.0,113.71666666666664,63.57,0.0,73.99,100.0,74.0,0.0,70.0,0.0,73.65666666666667,,,67.0,69.0,85.0,55.0,51.64,0.0
394,2025-02-01 07:00:00,64.27666666666666,-2.119999999999997,0.0,13.0,113.74,63.57,0.0,73.99,100.0,74.0,0.0,70.0,0.0,73.53,,,67.0,69.0,85.0,55.0,52.03,0.0
395,2025-02-01 07:15:00,,0.0,,,,63.57,,73.99,,74.0,,70.0,0.0,,,,67.0,69.0,85.0,55.0,52.31,0.0
396,2025-02-01 07:30:00,,0.0,,,,63.57,,73.99,,74.0,,70.0,0.0,,,,67.0,69.0,85.0,55.0,52.31,0.0
397,2025-02-01 07:45:00,,0.0,,,,63.57,,73.99,,74.0,,70.0,0.0,,,,67.0,69.0,85.0,55.0,52.31,0.0
398,2025-02-01 08:00:00,,0.0,,,,63.57,,73.99,,74.0,,70.0,0.0,,,,67.0,69.0,85.0,55.0,52.31,0.0
399,2025-02-01 08:15:00,,0.0,,,,63.57,,73.99,,74.0,,70.0,0.0,,,,67.0,69.0,85.0,55.0,52.31,0.0
400,2025-02-01 08:30:00,,0.0,,,,63.57,,73.99,,74.0,,70.0,0.0,,,,67.0,69.0,85.0,55.0,52.31,0.0
401,2025-02-01 08:45:00,,0.0,,,,63.57,,73.99,,74.0,,70.0,0.0,,,,67.0,69.0,85.0,55.0,52.31,0.0
402,2025-02-01 09:00:00,,0.0,,,,63.57,,73.99,,74.0,,70.0,0.0,,,,67.0,69.0,85.0,55.0,52.31,0.0
403,2025-02-01 09:15:00,,0.0,,,,63.57,,73.99,,74.0,,70.0,0.0,,,,67.0,69.0,85.0,55.0,52.31,0.0
404,2025-02-01 09:30:00,,0.0,,,,63.57,,73.99,,74.0,,70.0,0.0,,,,67.0,69.0,85.0,55.0,52.31,0.0
405,2025-02-01 09:45:00,,0.0,,,,63.57,,73.99,,74.0,,70.0,0.0,,,,67.0,69.0,85.0,55.0,52.31,0.0
406,2025-02-01 10:00:00,,0.0,,,,63.57,,73.99,,74.0,,70.0,0.0,,,,67.0,69.0,85.0,55.0,52.31,0.0
407,2025-02-01 10:15:00,,0.0,,,,63.57,,73.99,,74.0,,70.0,0.0,,,,67.0,69.0,85.0,55.0,52.31,0.0
408,2025-02-01 10:30:00,,0.0,,,,63.57,,73.99,,74.0,,70.0,0.0,,,,67.0,69.0,85.0,55.0,52.31,0.0
409,2025-02-01 10:45:00,,0.0,,,,63.57,,73.99,,74.0,,70.0,0.0,,,,67.0,69.0,85.0,55.0,52.31,0.0
410,2025-02-01 11:00:00,,0.0,,,,63.57,,73.99,,74.0,,70.0,0.0,,,,67.0,69.0,85.0,55.0,52.31,0.0
411,2025-02-01 11:15:00,,,,,,63.57,,73.99,,74.0,,70.0,0.0,,,,67.0,69.0,85.0,55.0,,0.0
412,2025-02-01 11:30:00,,,,,,63.57,,73.99,,74.0,,70.0,0.0,,,,67.0,69.0,85.0,55.0,,0.0
413,2025-02-01 11:45:00,,,,,,63.57,,73.99,,74.0,,70.0,0.0,,,,67.0,69.0,85.0,55.0,,0.0
414,2025-02-01 12:00:00,,,,,,63.57,,73.99,,74.0,,70.0,0.0,,,,67.0,69.0,85.0,55.0,,0.0
415,2025-02-01 12:15:00,,,,,,63.57,,73.99,,74.0,,70.0,0.0,,,,67.0,69.0,85.0,55.0,,0.0
416,2025-02-01 12:30:00,,,,,,63.57,,73.99,,74.0,,70.0,0.0,,,,67.0,69.0,85.0,55.0,,0.0
417,2025-02-01 12:45:00,,,,,,63.57,,73.99,,74.0,,70.0,0.0,,,,67.0,69.0,85.0,55.0,,0.0
418,2025-02-01 13:00:00,,,,,,63.57,,73.99,,74.0,,70.0,0.0,,,,67.0,69.0,85.0,55.0,,0.0
419,2025-02-01 13:15:00,,,,,,63.57,,73.99,,74.0,,70.0,0.0,,,,67.0,69.0,85.0,55.0,,0.0
420,2025-02-01 13:30:00,,,,,,63.57,,73.99,,74.0,,70.0,0.0,,,,67.0,69.0,85.0,55.0,,0.0
421,2025-02-01 13:45:00,,,,,,63.57,,73.99,,74.0,,70.0,0.0,,,,67.0,69.0,85.0,55.0,,0.0
422,2025-02-01 14:00:00,,,,,,63.57,,73.99,,74.0,,70.0,0.0,,,,67.0,69.0,85.0,55.0,,0.0
423,2025-02-01 14:15:00,,,,,,63.57,,73.99,,74.0,,70.0,0.0,,,,67.0,69.0,85.0,55.0,,0.0
424,2025-02-01 14:30:00,,,,,,63.57,,73.99,,74.0,,70.0,0.0,,,,67.0,69.0,85.0,55.0,,0.0
425,2025-02-01 14:45:00,,,,,,63.57,,73.99,,74.0,,70.0,0.0,,,,67.0,69.0,85.0,55.0,,0.0
426,2025-02-01 15:00:00,,,,,,63.57,,73.99,,74.0,,70.0,0.0,,,,67.0,69.0,85.0,55.0,,0.0
427,2025-02-01 15:15:00,,,,,,63.57,,73.99,,74.0,,70.0,0.0,,,,67.0,69.0,85.0,55.0,,0.0
428,2025-02-01 15:30:00,,,,,,63.57,,73.99,,74.0,,70.0,0.0,,,,67.0,69.0,85.0,55.0,,0.0
429,2025-02-01 15:45:00,,,,,,63.57,,73.99,,74.0,,70.0,0.0,,,,67.0,69.0,85.0,55.0,,0.0
430,2025-02-01 16:00:00,,,,,,63.57,,73.99,,74.0,,70.0,0.0,,,,67.0,69.0,85.0,55.0,,0.0
431,2025-02-01 16:15:00,,,,,,63.57,,73.99,,74.0,,70.0,0.0,,,,67.0,69.0,85.0,55.0,,0.0
432,2025-02-01 16:30:00,,,,,,63.57,,73.99,,74.0,,70.0,0.0,,,,67.0,69.0,85.0,55.0,,0.0
433,2025-02-01 16:45:00,,,,,,63.57,,73.99,,74.0,,70.0,0.0,,,,67.0,69.0,85.0,55.0,,0.0
434,2025-02-01 17:00:00,,,,,,63.57,,73.99,,74.0,,70.0,0.0,,,,67.0,69.0,85.0,55.0,,0.0
435,2025-02-01 17:15:00,,,,,,63.57,,73.99,,74.0,,70.0,0.0,,,,67.0,69.0,85.0,55.0,,0.0
436,2025-02-01 17:30:00,,,,,,63.57,,73.99,,74.0,,70.0,0.0,,,,67.0,69.0,85.0,55.0,,0.0
437,2025-02-01 17:45:00,,,,,,63.57,,73.99,,74.0,,70.0,0.0,,,,67.0,69.0,85.0,55.0,,0.0
438,2025-02-01 18:00:00,,,,,,63.57,,73.99,,74.0,,70.0,0.0,,,,67.0,69.0,85.0,55.0,,0.0
439,2025-02-01 18:15:00,,,,,,63.57,,73.99,,74.0,,70.0,0.0,,,,67.0,69.0,85.0,55.0,,0.0
440,2025-02-01 18:30:00,,,,,,63.57,,73.99,,74.0,,70.0,0.0,,,,67.0,69.0,85.0,55.0,,0.0
441,2025-02-01 18:45:00,,,,,,63.57,,73.99,,74.0,,70.0,0.0,,,,67.0,69.0,85.0,55.0,,0.0
442,2025-02-01 19:00:00,,,,,,63.57,,73.99,,74.0,,70.0,0.0,,,,67.0,69.0,85.0,55.0,,0.0
443,2025-02-01 19:15:00,,,,,,63.57,,73.99,,74.0,,70.0,0.0,,,,67.0,69.0,85.0,55.0,,0.0
444,2025-02-01 19:30:00,,,,,,63.57,,73.99,,74.0,,70.0,0.0,,,,67.0,69.0,85.0,55.0,,0.0
445,2025-02-01 19:45:00,,,,,,63.57,,73.99,,74.0,,70.0,0.0,,,,67.0,69.0,85.0,55.0,,0.0
446,2025-02-01 20:00:00,,,,,,63.57,,73.99,,74.0,,70.0,0.0,,,,67.0,69.0,85.0,55.0,,0.0
447,2025-02-01 20:15:00,,,,,,63.57,,73.99,,74.0,,70.0,0.0,,,,67.0,69.0,85.0,55.0,,0.0
448,2025-02-01 20:30:00,,,,,,63.57,,73.99,,74.0,,70.0,0.0,,,,67.0,69.0,85.0,55.0,,0.0
449,2025-02-01 20:45:00,,,,,,63.57,,73.99,,74.0,,70.0,0.0,,,,67.0,69.0,85.0,55.0,,0.0
450,2025-02-01 21:00:00,,,,,,63.57,,73.99,,74.0,,70.0,0.0,,,,67.0,69.0,85.0,55.0,,0.0
451,2025-02-01 21:15:00,,,,,,63.57,,73.99,,74.0,,70.0,0.0,,,,67.0,69.0,85.0,55.0,,0.0
452,2025-02-01 21:30:00,,,,,,63.57,,73.99,,74.0,,70.0,0.0,,,,67.0,69.0,85.0,55.0,,0.0
453,2025-02-01 21:45:00,,,,,,63.57,,73.99,,74.0,,70.0,0.0,,,,67.0,69.0,85.0,55.0,,0.0
454,2025-02-01 22:00:00,,,,,,63.57,,73.99,,74.0,,70.0,0.0,,,,67.0,69.0,85.0,55.0,,0.0
455,2025-02-01 22:15:00,,,,,,63.57,,73.99,,74.0,,70.0,0.0,,,,67.0,69.0,85.0,55.0,,0.0
456,2025-02-01 22:30:00,,,,,,63.57,,73.99,,74.0,,70.0,0.0,,,,67.0,69.0,85.0,55.0,,0.0
457,2025-02-01 22:45:00,,,,,,63.57,,73.99,,74.0,,70.0,0.0,,,,67.0,69.0,85.0,55.0,,0.0
458,2025-02-01 23:00:00,,,,,,63.57,,73.99,,74.0,,70.0,0.0,,,,67.0,69.0,85.0,55.0,,0.0
459,2025-02-01 23:15:00,,,,,,63.57,,73.99,,74.0,,70.0,0.0,,,,67.0,69.0,85.0,55.0,,0.0
460,2025-02-01 23:30:00,,,,,,63.57,,73.99,,74.0,,70.0,0.0,,,,67.0,69.0,85.0,55.0,,0.0
461,2025-02-01 23:45:00,,,,,,63.57,,73.99,,74.0,,70.0,0.0,,,,67.0,69.0,85.0,55.0,,0.0
462,2025-02-02 00:00:00,,,,,,63.57,,73.99,,74.0,,70.0,0.0,,,,67.0,69.0,85.0,55.0,,0.0
463,2025-02-02 00:15:00,,,,,,63.57,,73.99,,74.0,,70.0,0.0,,,,67.0,69.0,85.0,55.0,,0.0
464,2025-02-02 00:30:00,,,,,,63.57,,73.99,,74.0,,70.0,0.0,,,,67.0,69.0,85.0,55.0,,0.0
465,2025-02-02 00:45:00,,,,,,63.57,,73.99,,74.0,,70.0,0.0,,,,67.0,69.0,85.0,55.0,,0.0
466,2025-02-02 01:00:00,,,,,,63.57,,73.99,,74.0,,70.0,0.0,,,,67.0,69.0,85.0,55.0,,0.0
467,2025-02-02 01:15:00,,,,,,63.57,,73.99,,74.0,,70.0,0.0,,,,67.0,69.0,85.0,55.0,,0.0
468,2025-02-02 01:30:00,,,,,,63.57,,73.99,,74.0,,70.0,0.0,,,,67.0,69.0,85.0,55.0,,0.0
469,2025-02-02 01:45:00,,,,,,63.57,,73.99,,74.0,,70.0,0.0,,,,67.0,69.0,85.0,55.0,,0.0
470,2025-02-02 02:00:00,,,,,,63.57,,73.99,,74.0,,70.0,0.0,,,,67.0,69.0,85.0,55.0,,0.0
471,2025-02-02 02:15:00,,,,,,63.57,,73.99,,74.0,,70.0,0.0,,,,67.0,69.0,85.0,55.0,,0.0
472,2025-02-02 02:30:00,,,,,,63.57,,73.99,,74.0,,70.0,0.0,,,,67.0,69.0,85.0,55.0,,0.0
473,2025-02-02 02:45:00,,,,,,63.57,,73.99,,74.0,,70.0,0.0,,,,67.0,69.0,85.0,55.0,,0.0
474,2025-02-02 03:00:00,,,,,,63.57,,73.99,,74.0,,70.0,0.0,,,,67.0,69.0,85.0,55.0,,0.0
475,2025-02-02 03:15:00,,,,,,63.57,,73.99,,74.0,,70.0,0.0,,,,67.0,69.0,85.0,55.0,,0.0
476,2025-02-02 03:30:00,,,,,,63.57,,73.99,,74.0,,70.0,0.0,,,,67.0,69.0,85.0,55.0,,0.0
477,2025-02-02 03:45:00,,,,,,63.57,,73.99,,74.0,,70.0,0.0,,,,67.0,69.0,85.0,55.0,,0.0
478,2025-02-02 04:00:00,,,,,,63.57,,73.99,,74.0,,70.0,0.0,,,,67.0,69.0,85.0,55.0,,0.0
479,2025-02-02 04:15:00,,,,,,63.57,,73.99,,74.0,,70.0,0.0,,,,67.0,69.0,85.0,55.0,,0.0
480,2025-02-02 04:30:00,,,,,,63.57,,73.99,,74.0,,70.0,0.0,,,,67.0,69.0,85.0,55.0,,0.0
481,2025-02-02 04:45:00,,,,,,63.57,,73.99,,74.0,,70.0,0.0,,,,67.0,69.0,85.0,55.0,,0.0
482,2025-02-02 05:00:00,,,,,,63.57,,73.99,,74.0,,70.0,0.0,,,,67.0,69.0,85.0,55.0,,0.0
483,2025-02-02 05:15:00,,,,,,63.57,,73.99,,74.0,,70.0,0.0,,,,67.0,69.0,85.0,55.0,,0.0
484,2025-02-02 05:30:00,,,,,,63.57,,73.99,,74.0,,70.0,0.0,,,,67.0,69.0,85.0,55.0,,0.0
485,2025-02-02 05:45:00,,,,,,63.57,,73.99,,74.0,,70.0,0.0,,,,67.0,69.0,85.0,55.0,,0.0
486,2025-02-02 06:00:00,,,,,,63.57,,73.99,,74.0,,70.0,0.0,,,,67.0,69.0,85.0,55.0,,0.0
487,2025-02-02 06:15:00,,,,,,63.57,,73.99,,74.0,,70.0,0.0,,,,67.0,69.0,85.0,55.0,,0.0
488,2025-02-02 06:30:00,,,,,,63.57,,73.99,,74.0,,70.0,0.0,,,,67.0,69.0,85.0,55.0,,0.0
489,2025-02-02 06:45:00,,,,,,63.57,,73.99,,74.0,,70.0,0.0,,,,67.0,69.0,85.0,55.0,,0.0
490,2025-02-02 07:00:00,,,,,,63.57,,73.99,,74.0,,70.0,0.0,,,,67.0,69.0,85.0,55.0,,0.0
491,2025-02-02 07:15:00,,,,,,63.57,,73.99,,74.0,,70.0,0.0,,,,67.0,69.0,85.0,55.0,,0.0
492,2025-02-02 07:30:00,,,,,,63.57,,73.99,,74.0,,70.0,0.0,,,,67.0,69.0,85.0,55.0,,0.0
493,2025-02-02 07:45:00,,,,,,63.57,,73.99,,74.0,,70.0,0.0,,,,67.0,69.0,85.0,55.0,,0.0
494,2025-02-02 08:00:00,,,,,,63.57,,73.99,,74.0,,70.0,0.0,,,,67.0,69.0,85.0,55.0,,0.0
495,2025-02-02 08:15:00,,,,,,63.57,,73.99,,74.0,,70.0,0.0,,,,67.0,69.0,85.0,55.0,,0.0
496,2025-02-02 08:30:00,,,,,,63.57,,73.99,,74.0,,70.0,0.0,,,,67.0,69.0,85.0,55.0,,0.0
497,2025-02-02 08:45:00,,,,,,63.57,,73.99,,74.0,,70.0,0.0,,,,67.0,69.0,85.0,55.0,,0.0
498,2025-02-02 09:00:00,,,,,,63.57,,73.99,,74.0,,70.0,0.0,,,,67.0,69.0,85.0,55.0,,0.0
499,2025-02-02 09:15:00,,,,,,63.57,,73.99,,74.0,,70.0,0.0,,,,67.0,69.0,85.0,55.0,,0.0
500,2025-02-02 09:30:00,,,,,,63.57,,73.99,,74.0,,70.0,0.0,,,,67.0,69.0,85.0,55.0,,0.0
501,2025-02-02 09:45:00,,,,,,63.57,,73.99,,74.0,,70.0,0.0,,,,67.0,69.0,85.0,55.0,,0.0
502,2025-02-02 10:00:00,,,,,,63.57,,73.99,,74.0,,70.0,0.0,,,,67.0,69.0,85.0,55.0,,0.0
503,2025-02-02 10:15:00,,,,,,63.57,,73.99,,74.0,,70.0,0.0,,,,67.0,69.0,85.0,55.0,,0.0
504,2025-02-02 10:30:00,,,,,,63.57,,73.99,,74.0,,70.0,0.0,,,,67.0,69.0,85.0,55.0,,0.0
505,2025-02-02 10:45:00,,,,,,63.57,,73.99,,74.0,,70.0,0.0,,,,67.0,69.0,85.0,55.0,,0.0
506,2025-02-02 11:00:00,,,,,,63.57,,73.99,,74.0,,70.0,0.0,,,,67.0,69.0,85.0,55.0,,0.0
507,2025-02-02 11:15:00,,,,,,63.57,,73.99,,74.0,,70.0,0.0,,,,67.0,69.0,85.0,55.0,,0.0
508,2025-02-02 11:30:00,,,,,,63.57,,73.99,,74.0,,70.0,0.0,,,,67.0,69.0,85.0,55.0,,0.0
509,2025-02-02 11:45:00,,,,,,63.57,,73.99,,74.0,,70.0,0.0,,,,67.0,69.0,85.0,55.0,,0.0
510,2025-02-02 12:00:00,,,,,,63.57,,73.99,,74.0,,70.0,0.0,,,,67.0,69.0,85.0,55.0,,0.0
511,2025-02-02 12:15:00,,,,,,63.57,,73.99,,74.0,,70.0,0.0,,,,67.0,69.0,85.0,55.0,,0.0
512,2025-02-02 12:30:00,,,,,,63.57,,73.99,,74.0,,70.0,0.0,,,,67.0,69.0,85.0,55.0,,0.0
513,2025-02-02 12:45:00,,,,,,63.57,,73.99,,74.0,,70.0,0.0,,,,67.0,69.0,85.0,55.0,,0.0
514,2025-02-02 13:00:00,,,,,,63.57,,73.99,,74.0,,70.0,0.0,,,,67.0,69.0,85.0,55.0,,0.0
515,2025-02-02 13:15:00,,,,,,63.57,,73.99,,74.0,,70.0,0.0,,,,67.0,69.0,85.0,55.0,,0.0
516,2025-02-02 13:30:00,,,,,,63.57,,73.99,,74.0,,70.0,0.0,,,,67.0,69.0,85.0,55.0,,0.0
517,2025-02-02 13:45:00,,,,,,63.57,,73.99,,74.0,,70.0,0.0,,,,67.0,69.0,85.0,55.0,,0.0
518,2025-02-02 14:00:00,,,,,,63.57,,73.99,,74.0,,70.0,0.0,,,,67.0,69.0,85.0,55.0,,0.0
519,2025-02-02 14:15:00,,,,,,63.57,,73.99,,74.0,,70.0,0.0,,,,67.0,69.0,85.0,55.0,,0.0
520,2025-02-02 14:30:00,,,,,,63.57,,73.99,,74.0,,70.0,0.0,,,,67.0,69.0,85.0,55.0,,0.0
521,2025-02-02 14:45:00,,,,,,63.57,,73.99,,74.0,,70.0,0.0,,,,67.0,69.0,85.0,55.0,,0.0
522,2025-02-02 15:00:00,,,,,,63.57,,73.99,,74.0,,70.0,0.0,,,,67.0,69.0,85.0,55.0,,0.0
523,2025-02-02 15:15:00,,,,,,63.57,,73.99,,74.0,,70.0,0.0,,,,67.0,69.0,85.0,55.0,,0.0
524,2025-02-02 15:30:00,,,,,,63.57,,73.99,,74.0,,70.0,0.0,,,,67.0,69.0,85.0,55.0,,0.0
525,2025-02-02 15:45:00,,,,,,63.57,,73.99,,74.0,,70.0,0.0,,,,67.0,69.0,85.0,55.0,,0.0
526,2025-02-02 16:00:00,,,,,,63.57,,73.99,,74.0,,70.0,0.0,,,,67.0,69.0,85.0,55.0,,0.0
527,2025-02-02 16:15:00,,,,,,63.57,,73.99,,74.0,,70.0,0.0,,,,67.0,69.0,85.0,55.0,,0.0
528,2025-02-02 16:30:00,,,,,,63.57,,73.99,,74.0,,70.0,0.0,,,,67.0,69.0,85.0,55.0,,0.0
529,2025-02-02 16:45:00,,,,,,63.57,,73.99,,74.0,,70.0,0.0,,,,67.0,69.0,85.0,55.0,,0.0
530,2025-02-02 17:00:00,,,,,,63.57,,73.99,,74.0,,70.0,0.0,,,,67.0,69.0,85.0,55.0,,0.0
531,2025-02-02 17:15:00,,,,,,63.57,,73.99,,74.0,,70.0,0.0,,,,67.0,69.0,85.0,55.0,,0.0
532,2025-02-02 17:30:00,,,,,,63.57,,73.99,,74.0,,70.0,0.0,,,,67.0,69.0,85.0,55.0,,0.0
533,2025-02-02 17:45:00,,,,,,63.57,,73.99,,74.0,,70.0,0.0,,,,67.0,69.0,85.0,55.0,,0.0
534,2025-02-02 18:00:00,,,,,,63.57,,73.99,,74.0,,70.0,0.0,,,,67.0,69.0,85.0,55.0,,0.0
535,2025-02-02 18:15:00,,,,,,63.57,,73.99,,74.0,,70.0,0.0,,,,67.0,69.0,85.0,55.0,,0.0
536,2025-02-02 18:30:00,,,,,,63.57,,73.99,,74.0,,70.0,0.0,,,,67.0,69.0,85.0,55.0,,0.0
537,2025-02-02 18:45:00,,,,,,63.57,,73.99,,74.0,,70.0,0.0,,,,67.0,69.0,85.0,55.0,,0.0
538,2025-02-02 19:00:00,,,,,,63.57,,73.99,,74.0,,70.0,0.0,,,,67.0,69.0,85.0,55.0,,0.0
539,2025-02-02 19:15:00,,,,,,63.57,,73.99,,74.0,,70.0,0.0,,,,67.0,69.0,85.0,55.0,,0.0
540,2025-02-02 19:30:00,,,,,,63.57,,73.99,,74.0,,70.0,0.0,,,,67.0,69.0,85.0,55.0,,0.0
541,2025-02-02 19:45:00,,,,,,63.57,,73.99,,74.0,,70.0,0.0,,,,67.0,69.0,85.0,55.0,,0.0
542,2025-02-02 20:00:00,,,,,,63.57,,73.99,,74.0,,70.0,0.0,,,,67.0,69.0,85.0,55.0,,0.0
543,2025-02-02 20:15:00,,,,,,63.57,,73.99,,74.0,,70.0,0.0,,,,67.0,69.0,85.0,55.0,,0.0
544,2025-02-02 20:30:00,,,,,,63.57,,73.99,,74.0,,70.0,0.0,,,,67.0,69.0,85.0,55.0,,0.0
545,2025-02-02 20:45:00,,,,,,63.57,,73.99,,74.0,,70.0,0.0,,,,67.0,69.0,85.0,55.0,,0.0
546,2025-02-02 21:00:00,,,,,,63.57,,73.99,,74.0,,70.0,0.0,,,,67.0,69.0,85.0,55.0,,0.0
547,2025-02-02 21:15:00,,,,,,63.57,,73.99,,74.0,,70.0,0.0,,,,67.0,69.0,85.0,55.0,,0.0
548,2025-02-02 21:30:00,,,,,,63.57,,73.99,,74.0,,70.0,0.0,,,,67.0,69.0,85.0,55.0,,0.0
549,2025-02-02 21:45:00,,,,,,63.57,,73.99,,74.0,,70.0,0.0,,,,67.0,69.0,85.0,55.0,,0.0
550,2025-02-02 22:00:00,,,,,,63.57,,73.99,,74.0,,70.0,0.0,,,,67.0,69.0,85.0,55.0,,0.0
551,2025-02-02 22:15:00,,,,,,63.57,,73.99,,74.0,,70.0,0.0,,,,67.0,69.0,85.0,55.0,,0.0
552,2025-02-02 22:30:00,,,,,,63.57,,73.99,,74.0,,70.0,0.0,,,,67.0,69.0,85.0,55.0,,0.0
553,2025-02-02 22:45:00,,,,,,63.57,,73.99,,74.0,,70.0,0.0,,,,67.0,69.0,85.0,55.0,,0.0
554,2025-02-02 23:00:00,,,,,,63.57,,73.99,,74.0,,70.0,0.0,,,,67.0,69.0,85.0,55.0,,0.0
555,2025-02-02 23:15:00,,,,,,63.57,,73.99,,74.0,,70.0,0.0,,,,67.0,69.0,85.0,55.0,,0.0
556,2025-02-02 23:30:00,,,,,,63.57,,73.99,,74.0,,70.0,0.0,,,,67.0,69.0,85.0,55.0,,0.0
557,2025-02-02 23:45:00,,,,,,63.57,,73.99,,74.0,,70.0,0.0,,,,67.0,69.0,85.0,55.0,,0.0
558,2025-02-03 00:00:00,,,,,,63.57,,73.99,,74.0,,70.0,0.0,,,,67.0,69.0,85.0,55.0,,0.0
559,2025-02-03 00:15:00,,,,,,63.57,,73.99,,74.0,,70.0,0.0,,,,67.0,69.0,85.0,55.0,,0.0
560,2025-02-03 00:30:00,,,,,,63.57,,73.99,,74.0,,70.0,0.0,,,,67.0,69.0,85.0,55.0,,0.0
561,2025-02-03 00:45:00,,,,,,63.57,,73.99,,74.0,,70.0,0.0,,,,67.0,69.0,85.0,55.0,,0.0
562,2025-02-03 01:00:00,,,,,,63.57,,73.99,,74.0,,70.0,0.0,,,,67.0,69.0,85.0,55.0,,0.0
563,2025-02-03 01:15:00,,,,,,63.57,,73.99,,74.0,,70.0,0.0,,,,67.0,69.0,85.0,55.0,,0.0
564,2025-02-03 01:30:00,,,,,,63.57,,73.99,,74.0,,70.0,0.0,,,,67.0,69.0,85.0,55.0,,0.0
565,2025-02-03 01:45:00,,,,,,63.57,,73.99,,74.0,,70.0,0.0,,,,67.0,69.0,85.0,55.0,,0.0
566,2025-02-03 02:00:00,,,,,,63.57,,73.99,,74.0,,70.0,0.0,,,,67.0,69.0,85.0,55.0,,0.0
567,2025-02-03 02:15:00,,,,,,63.57,,73.99,,74.0,,70.0,0.0,,,,67.0,69.0,85.0,55.0,,0.0
568,2025-02-03 02:30:00,,,,,,63.57,,73.99,,74.0,,70.0,0.0,,,,67.0,69.0,85.0,55.0,,0.0
569,2025-02-03 02:45:00,,,,,,63.57,,73.99,,74.0,,70.0,0.0,,,,67.0,69.0,85.0,55.0,,0.0
570,2025-02-03 03:00:00,,,,,,63.57,,73.99,,74.0,,70.0,0.0,,,,67.0,69.0,85.0,55.0,,0.0
571,2025-02-03 03:15:00,,,,,,63.57,,73.99,,74.0,,70.0,0.0,,,,67.0,69.0,85.0,55.0,,0.0
572,2025-02-03 03:30:00,,,,,,63.57,,73.99,,74.0,,70.0,0.0,,,,67.0,69.0,85.0,55.0,,0.0
573,2025-02-03 03:45:00,,,,,,63.57,,73.99,,74.0,,70.0,0.0,,,,67.0,69.0,85.0,55.0,,0.0
574,2025-02-03 04:00:00,,,,,,63.57,,73.99,,74.0,,70.0,0.0,,,,67.0,69.0,85.0,55.0,,0.0
575,2025-02-03 04:15:00,,,,,,63.57,,73.99,,74.0,,70.0,0.0,,,,67.0,69.0,85.0,55.0,,0.0
576,2025-02-03 04:30:00,,,,,,63.57,,73.99,,74.0,,70.0,0.0,,,,67.0,69.0,85.0,55.0,,0.0
577,2025-02-03 04:45:00,,,,,,63.57,,73.99,,74.0,,70.0,0.0,,,,67.0,69.0,85.0,55.0,,0.0
578,2025-02-03 05:00:00,,,,,,63.57,,73.99,,74.0,,70.0,0.0,,,,67.0,69.0,85.0,55.0,,0.0
579,2025-02-03 05:15:00,,,,,,63.57,,73.99,,74.0,,70.0,0.0,,,,67.0,69.0,85.0,55.0,,0.0
580,2025-02-03 05:30:00,,,,,,63.57,,73.99,,74.0,,70.0,0.0,,,,67.0,69.0,85.0,55.0,,0.0
581,2025-02-03 05:45:00,,,,,,63.57,,73.99,,74.0,,70.0,0.0,,,,67.0,69.0,85.0,55.0,,0.0
582,2025-02-03 06:00:00,,,,,,63.57,,73.99,,74.0,,70.0,0.0,,,,67.0,69.0,85.0,55.0,,0.0
583,2025-02-03 06:15:00,,,,,,63.57,,73.99,,74.0,,70.0,0.0,,,,67.0,69.0,85.0,55.0,,0.0
584,2025-02-03 06:30:00,,,,,,63.57,,73.99,,74.0,,70.0,0.0,,,,67.0,69.0,85.0,55.0,,0.0
585,2025-02-03 06:45:00,,,,,,63.57,,73.99,,74.0,,70.0,0.0,,,,67.0,69.0,85.0,55.0,,0.0
586,2025-02-03 07:00:00,,,,,,63.57,,73.99,,74.0,,70.0,0.0,,,,67.0,69.0,85.0,55.0,,0.0
587,2025-02-03 07:15:00,,,,,,63.57,,73.99,,74.0,,70.0,0.0,,,,67.0,69.0,85.0,55.0,,0.0
588,2025-02-03 07:30:00,,,,,,63.57,,73.99,,74.0,,70.0,0.0,,,,67.0,69.0,85.0,55.0,,0.0
589,2025-02-03 07:45:00,,,,,,63.57,,73.99,,74.0,,70.0,0.0,,,,67.0,69.0,85.0,55.0,,0.0
590,2025-02-03 08:00:00,,,,,,63.57,,73.99,,74.0,,70.0,0.0,,,,67.0,69.0,85.0,55.0,,0.0
591,2025-02-03 08:15:00,,,,,,63.57,,73.99,,74.0,,70.0,0.0,,,,67.0,69.0,85.0,55.0,,0.0
592,2025-02-03 08:30:00,,,,,,63.57,,73.99,,74.0,,70.0,0.0,,,,67.0,69.0,85.0,55.0,,0.0
593,2025-02-03 08:45:00,,,,,,63.57,,73.99,,74.0,,70.0,0.0,,,,67.0,69.0,85.0,55.0,,0.0
594,2025-02-03 09:00:00,,,,,,63.57,,73.99,,74.0,,70.0,0.0,,,,67.0,69.0,85.0,55.0,,0.0
595,2025-02-03 09:15:00,,,,,,63.57,,73.99,,74.0,,70.0,0.0,,,,67.0,69.0,85.0,55.0,,0.0
596,2025-02-03 09:30:00,,,,,,63.57,,73.99,,74.0,,70.0,0.0,,,,67.0,69.0,85.0,55.0,,0.0
597,2025-02-03 09:45:00,,,,,,63.57,,73.99,,74.0,,70.0,0.0,,,,67.0,69.0,85.0,55.0,,0.0
598,2025-02-03 10:00:00,,,,,,63.57,,73.99,,74.0,,70.0,0.0,,,,67.0,69.0,85.0,55.0,,0.0
599,2025-02-03 10:15:00,,,,,,63.57,,73.99,,74.0,,70.0,0.0,,,,67.0,69.0,85.0,55.0,,0.0
600,2025-02-03 10:30:00,,,,,,63.57,,73.99,,74.0,,70.0,0.0,,,,67.0,69.0,85.0,55.0,,0.0
601,2025-02-03 10:45:00,,,,,,63.57,,73.99,,74.0,,70.0,0.0,,,,67.0,69.0,85.0,55.0,,0.0
602,2025-02-03 11:00:00,,,,,,63.57,,73.99,,74.0,,70.0,0.0,,,,67.0,69.0,85.0,55.0,,0.0
603,2025-02-03 11:15:00,,,,,,63.57,,73.99,,74.0,,70.0,0.0,,,,67.0,69.0,85.0,55.0,,0.0
604,2025-02-03 11:30:00,,,,,,63.57,,73.99,,74.0,,70.0,0.0,,,,67.0,69.0,85.0,55.0,,0.0
605,2025-02-03 11:45:00,,,,,,63.57,,73.99,,74.0,,70.0,0.0,,,,67.0,69.0,85.0,55.0,,0.0
606,2025-02-03 12:00:00,,,,,,63.57,,73.99,,74.0,,70.0,0.0,,,,67.0,69.0,85.0,55.0,,0.0
607,2025-02-03 12:15:00,,,,,,63.57,,73.99,,74.0,,70.0,0.0,,,,67.0,69.0,85.0,55.0,,0.0
608,2025-02-03 12:30:00,,,,,,63.57,,73.99,,74.0,,70.0,0.0,,,,67.0,69.0,85.0,55.0,,0.0
609,2025-02-03 12:45:00,,,,,,63.57,,73.99,,74.0,,70.0,0.0,,,,67.0,69.0,85.0,55.0,,0.0
610,2025-02-03 13:00:00,,,,,,63.57,,73.99,,74.0,,70.0,0.0,,,,67.0,69.0,85.0,55.0,,0.0
611,2025-02-03 13:15:00,,,,,,63.57,,73.99,,74.0,,70.0,0.0,,,,67.0,69.0,85.0,55.0,,0.0
612,2025-02-03 13:30:00,,,,,,63.57,,73.99,,74.0,,70.0,0.0,,,,67.0,69.0,85.0,55.0,,0.0
613,2025-02-03 13:45:00,,,,,,63.57,,73.99,,74.0,,70.0,0.0,,,,67.0,69.0,85.0,55.0,,0.0
614,2025-02-03 14:00:00,,,,,,63.57,,73.99,,74.0,,70.0,0.0,,,,67.0,69.0,85.0,55.0,,0.0
615,2025-02-03 14:15:00,,,,,,63.57,,73.99,,74.0,,70.0,0.0,,,,67.0,69.0,85.0,55.0,,0.0
616,2025-02-03 14:30:00,,,,,,63.57,,73.99,,74.0,,70.0,0.0,,,,67.0,69.0,85.0,55.0,,0.0
617,2025-02-03 14:45:00,,,,,,63.57,,73.99,,74.0,,70.0,0.0,,,,67.0,69.0,85.0,55.0,,0.0
618,2025-02-03 15:00:00,,,,,,63.57,,73.99,,74.0,,70.0,0.0,,,,67.0,69.0,85.0,55.0,,0.0
619,2025-02-03 15:15:00,,,,,,63.57,,73.99,,74.0,,70.0,0.0,,,,67.0,69.0,85.0,55.0,,0.0
620,2025-02-03 15:45:00,,,,,,63.57,,73.99,,74.0,,70.0,0.0,,,,67.0,69.0,85.0,55.0,,0.0
621,2025-02-03 21:15:00,66.745,,0.0,7.0,108.52,63.57,0.0,73.99,100.0,74.0,0.0,70.0,0.0,73.725,,,67.0,69.0,85.0,55.0,,
622,2025-02-03 21:30:00,64.27666666666666,2.119999999999997,0.0,6.666666666666667,108.64333333333332,63.57,0.0,73.99,100.0,74.0,0.0,70.0,0.0,73.67666666666666,,,67.0,69.0,85.0,55.0,46.49,0.0
623,2025-02-03 21:45:00,66.39333333333333,2.119999999999997,0.0,6.833333333333333,108.08,63.57,0.0,73.99,100.0,74.0,0.0,70.0,0.0,73.59333333333333,,,67.0,69.0,85.0,55.0,46.7,0.0
624,2025-02-03 22:00:00,65.69,2.119999999999997,0.0,7.333333333333333,107.99,63.57,0.0,73.99,100.0,74.0,0.0,70.0,0.0,73.44333333333333,,,67.0,69.0,85.0,55.0,46.42999999999999,0.0
625,2025-02-03 22:15:00,64.98333333333333,2.119999999999997,0.0,6.666666666666667,107.39666666666666,63.57,0.0,73.99,100.0,74.0,0.0,70.0,0.0,73.20333333333333,,,67.0,69.0,85.0,55.0,47.06999999999999,0.0
626,2025-02-03 22:30:00,63.57,2.119999999999997,0.0,6.5,107.42333333333332,63.57,0.0,73.99,100.0,74.0,0.0,70.0,0.0,73.07666666666667,,,67.0,69.0,85.0,55.0,46.22,0.0
627,2025-02-03 22:45:00,64.27666666666666,0.0,0.0,7.666666666666667,107.69666666666669,63.57,0.0,73.99,100.0,74.0,0.0,70.0,0.0,72.92,,,67.0,69.0,85.0,55.0,46.48,0.0
628,2025-02-03 23:00:00,64.98,-2.119999999999997,0.0,8.333333333333334,107.9,63.57,0.0,73.99,100.0,74.0,0.0,70.0,0.0,72.79666666666667,,,67.0,69.0,85.0,55.0,46.86000000000001,0.0
629,2025-02-03 23:15:00,65.68666666666667,4.229999999999997,0.0,8.0,107.73666666666666,63.57,0.0,73.99,100.0,74.0,0.0,70.0,0.0,72.66,,,67.0,69.0,85.0,55.0,47.19,0.0
630,2025-02-03 23:30:00,65.69,2.119999999999997,0.0,9.0,108.21666666666664,63.57,0.0,73.99,100.0,74.0,0.0,70.0,0.0,72.64333333333333,,,67.0,69.0,85.0,55.0,47.330000000000005,0.0
631,2025-02-03 23:45:00,63.57,2.119999999999997,0.0,9.333333333333334,108.60333333333334,63.57,0.0,73.99,100.0,74.0,0.0,70.0,0.0,72.50666666666666,,,67.0,69.0,85.0,55.0,47.5,0.0
632,2025-02-04 00:00:00,63.57,0.0,0.0,9.666666666666666,108.87,63.57,0.0,73.99,100.0,74.0,0.0,70.0,0.0,72.46333333333332,,,67.0,69.0,85.0,55.0,47.900000000000006,0.0
633,2025-02-04 00:15:00,67.09666666666666,0.0,0.0,10.0,108.91333333333334,63.57,0.0,73.99,100.0,74.0,0.0,70.0,0.0,72.5,,,67.0,69.0,85.0,55.0,48.24,0.0
634,2025-02-04 00:30:00,64.98333333333333,2.119999999999997,0.0,10.0,109.01333333333334,63.57,0.0,73.99,100.0,74.0,0.0,70.0,0.0,72.5,,,67.0,69.0,85.0,55.0,48.06999999999999,0.0
635,2025-02-04 00:45:00,67.09666666666666,2.119999999999997,0.0,10.0,108.79333333333334,63.57,0.0,73.99,100.0,74.0,0.0,70.0,0.0,72.50333333333333,,,67.0,69.0,85.0,55.0,48.53000000000001,0.0
636,2025-02-04 01:00:00,64.27666666666666,4.229999999999997,0.0,9.0,108.66,63.57,0.0,73.99,100.0,74.0,0.0,70.0,0.0,72.74000000000001,,,67.0,69.0,85.0,55.0,48.31,0.0
637,2025-02-04 01:15:00,64.98,0.0,0.0,9.833333333333334,109.19,63.57,0.0,73.99,100.0,74.0,0.0,70.0,0.0,72.80333333333334,,,67.0,69.0,85.0,55.0,48.45,0.0
638,2025-02-04 01:30:00,63.56999999999999,4.229999999999997,0.0,10.5,109.36333333333334,63.57,0.0,73.99,100.0,74.0,0.0,70.0,0.0,72.77666666666667,,,67.0,69.0,85.0,55.0,48.75,0.0
639,2025-02-04 01:45:00,65.69,-2.119999999999997,0.0,10.166666666666666,109.34666666666664,63.57,0.0,73.99,100.0,74.0,0.0,70.0,0.0,72.78333333333335,,,67.0,69.0,85.0,55.0,49.09,0.0
640,2025-02-04 02:00:00,63.57,2.119999999999997,0.0,9.666666666666666,109.58,63.57,0.0,73.99,100.0,74.0,0.0,70.0,0.0,72.81,,,67.0,69.0,85.0,55.0,48.8,0.0
641,2025-02-04 02:15:00,64.27666666666666,0.0,0.0,9.5,109.57333333333334,63.57,0.0,73.99,100.0,74.0,0.0,70.0,0.0,72.81,,,67.0,69.0,85.0,55.0,49.10000000000001,0.0
642,2025-02-04 02:30:00,65.68666666666667,0.0,0.0,9.333333333333334,109.82666666666668,63.57,0.0,73.99,100.0,74.0,0.0,70.0,0.0,72.89333333333333,,,67.0,69.0,85.0,55.0,49.06,0.0
643,2025-02-04 02:45:00,64.27666666666666,0.0,0.0,9.333333333333334,110.27,63.57,0.0,73.99,100.0,74.0,0.0,70.0,0.0,72.87666666666667,,,67.0,69.0,85.0,55.0,49.49,0.0
644,2025-02-04 03:00:00,63.57,0.0,0.0,9.5,110.40333333333336,63.57,0.0,73.99,100.0,74.0,0.0,70.0,0.0,72.97333333333334,,,67.0,69.0,85.0,55.0,49.830000000000005,0.0
645,2025-02-04 03:15:00,63.57,0.0,0.0,9.666666666666666,110.34333333333336,63.57,0.0,73.99,100.0,74.0,0.0,70.0,0.0,72.99333333333334,,,67.0,69.0,85.0,55.0,49.84,0.0
646,2025-02-04 03:30:00,64.27666666666666,0.0,0.0,10.666666666666666,110.24666666666668,63.57,0.0,73.99,100.0,74.0,0.0,70.0,0.0,72.97666666666667,,,67.0,69.0,85.0,55.0,49.830000000000005,0.0
647,2025-02-04 03:45:00,64.98333333333333,0.0,0.0,10.166666666666666,110.0,63.57,0.0,73.99,100.0,74.0,0.0,70.0,0.0,72.99333333333333,,,67.0,69.0,85.0,55.0,49.73,0.0
648,2025-02-04 04:00:00,65.68666666666667,0.0,0.0,10.0,110.23333333333336,63.57,0.0,73.99,100.0,74.0,0.0,70.0,0.0,73.0,,,67.0,69.0,85.0,55.0,49.78999999999999,0.0
649,2025-02-04 04:15:00,64.98333333333333,2.119999999999997,0.0,10.0,109.85,63.57,0.0,73.99,100.0,74.0,0.0,70.0,0.0,72.97666666666667,,,67.0,69.0,85.0,55.0,50.00000000000001,0.0
650,2025-02-04 04:30:00,64.27666666666666,2.119999999999997,0.0,9.833333333333334,109.67666666666668,63.57,0.0,73.99,100.0,74.0,0.0,70.0,0.0,72.95,,,67.0,69.0,85.0,55.0,49.89000000000001,0.0
651,2025-02-04 04:45:00,65.68666666666667,0.0,0.0,9.333333333333334,109.48333333333332,63.57,0.0,73.99,100.0,74.0,0.0,70.0,0.0,72.95,,,67.0,69.0,85.0,55.0,50.02,0.0
652,2025-02-04 05:00:00,64.98333333333333,0.0,0.0,9.333333333333334,109.63333333333333,63.57,0.0,73.99,100.0,74.0,0.0,70.0,0.0,72.92333333333333,,,67.0,69.0,85.0,55.0,50.36000000000001,0.0
653,2025-02-04 05:15:00,64.27666666666666,2.119999999999997,0.0,10.166666666666666,110.07333333333334,63.57,0.0,73.99,100.0,74.0,0.0,70.0,0.0,72.81,,,67.0,69.0,85.0,55.0,50.620000000000005,0.0
654,2025-02-04 05:30:00,64.27666666666666,0.0,0.0,10.5,109.74666666666668,63.57,0.0,73.99,100.0,74.0,0.0,70.0,0.0,72.89333333333333,,,67.0,69.0,85.0,55.0,50.91,0.0
655,2025-02-04 05:45:00,62.86333333333334,0.0,0.0,10.5,109.8,63.57,0.0,73.99,100.0,74.0,0.0,70.0,0.0,72.81,,,67.0,69.0,85.0,55.0,50.620000000000005,0.0
656,2025-02-04 06:00:00,65.69,0.0,0.0,11.0,109.64,63.57,0.0,73.99,100.0,74.0,0.0,70.0,0.0,72.82666666666667,,,67.0,69.0,85.0,55.0,51.01,0.0
657,2025-02-04 06:15:00,64.27666666666666,2.119999999999997,0.0,10.833333333333334,110.09666666666664,63.57,0.0,73.99,100.0,74.0,0.0,70.0,0.0,72.81333333333333,,,67.0,69.0,85.0,55.0,51.2,0.0
658,2025-02-04 06:30:00,62.86333333333334,2.119999999999997,0.0,11.0,110.02333333333333,63.57,0.0,73.99,100.0,74.0,0.0,70.0,0.0,72.88000000000001,,,67.0,69.0,85.0,55.0,51.17,0.0
659,2025-02-04 06:45:00,64.27333333333333,0.0,0.0,10.166666666666666,109.97666666666667,63.57,0.0,73.99,100.0,74.0,0.0,70.0,0.0,72.81,,,67.0,69.0,85.0,55.0,51.19,0.0
660,2025-02-04 07:00:00,64.98333333333333,0.0,0.0,9.5,109.93333333333334,63.57,0.0,73.99,100.0,74.0,0.0,70.0,0.0,72.84333333333333,,,67.0,69.0,85.0,55.0,51.11,0.0
661,2025-02-04 07:15:00,64.27666666666666,2.119999999999997,0.0,9.666666666666666,110.03333333333336,63.57,0.0,73.99,100.0,74.0,0.0,70.0,0.0,72.84333333333333,,,67.0,69.0,85.0,55.0,51.2,0.0
662,2025-02-04 07:30:00,64.27666666666666,-2.119999999999997,0.0,10.0,110.12666666666668,63.57,0.0,73.99,100.0,74.0,0.0,70.0,0.0,72.82333333333334,,,67.0,69.0,85.0,55.0,51.46,0.0
663,2025-02-04 07:45:00,64.27666666666666,0.0,0.0,10.0,109.83666666666666,63.57,0.0,73.99,100.0,74.0,0.0,70.0,0.0,72.85666666666667,,,67.0,69.0,85.0,55.0,51.53,0.0
664,2025-02-04 08:00:00,64.27666666666666,0.0,0.0,10.0,109.89,63.57,0.0,73.99,100.0,74.0,0.0,70.0,0.0,72.83333333333333,,,67.0,69.0,85.0,55.0,51.35999999999999,0.0
665,2025-02-04 08:15:00,63.57,2.119999999999997,0.0,10.666666666666666,110.29666666666668,63.57,0.0,73.99,100.0,74.0,0.0,70.0,0.0,72.81,,,67.0,69.0,85.0,55.0,51.48,0.0
666,2025-02-04 08:30:00,65.69,0.0,0.0,10.666666666666666,109.82666666666668,63.57,0.0,73.99,100.0,74.0,0.0,70.0,0.0,72.79666666666667,,,67.0,69.0,85.0,55.0,51.620000000000005,0.0
667,2025-02-04 08:45:00,64.98333333333333,2.119999999999997,0.0,10.0,109.70666666666666,63.57,0.0,73.99,100.0,74.0,0.0,70.0,0.0,72.79,,,67.0,69.0,85.0,55.0,50.95,0.0
668,2025-02-04 09:00:00,64.98333333333333,0.0,0.0,9.833333333333334,109.62666666666668,63.57,0.0,73.99,100.0,74.0,0.0,70.0,0.0,72.71333333333334,,,67.0,69.0,85.0,55.0,51.31,0.0
669,2025-02-04 09:15:00,62.86333333333334,2.119999999999997,0.0,9.833333333333334,109.94333333333331,63.57,0.0,73.99,100.0,74.0,0.0,70.0,0.0,72.64666666666666,,,67.0,69.0,85.0,55.0,51.2,0.0
670,2025-02-04 09:30:00,64.98333333333333,-2.119999999999997,0.0,10.0,109.6,63.57,0.0,73.99,100.0,74.0,0.0,70.0,0.0,72.58666666666666,,,67.0,69.0,85.0,55.0,51.73,0.0
671,2025-02-04 09:45:00,64.98333333333333,2.119999999999997,0.0,9.5,109.42666666666666,63.57,0.0,73.99,100.0,74.0,0.0,70.0,0.0,72.55,,,67.0,69.0,85.0,55.0,51.34,0.0
672,2025-02-04 10:00:00,64.27666666666666,2.119999999999997,0.0,9.833333333333334,112.58,63.57,0.0,73.99,100.0,74.0,0.0,70.0,0.0,72.53666666666668,,,67.0,69.0,85.0,55.0,51.44,0.0
673,2025-02-04 10:15:00,64.27666666666666,0.0,0.0,8.833333333333334,115.44666666666666,63.57,0.0,73.99,100.0,74.0,0.0,70.0,0.0,72.81333333333333,,,67.0,69.0,85.0,55.0,49.92999999999999,0.0
674,2025-02-04 10:30:00,63.57,0.0,0.0,8.5,115.21999999999998,63.57,0.0,73.99,100.0,74.0,0.0,70.0,0.0,73.04,,,67.0,69.0,85.0,55.0,50.39999999999999,0.0
675,2025-02-04 10:45:00,64.98333333333333,0.0,0.0,9.333333333333334,115.28333333333336,63.57,0.0,73.99,100.0,74.0,0.0,70.0,0.0,73.09,,,67.0,69.0,85.0,55.0,50.53,0.0
676,2025-02-04 11:00:00,65.69,2.119999999999997,0.0,9.833333333333334,113.98333333333332,63.57,0.0,73.99,100.0,74.0,0.0,70.0,0.0,73.14666666666666,,,67.0,69.0,85.0,55.0,50.510000000000005,0.0
677,2025-02-04 11:15:00,64.98333333333333,2.119999999999997,0.0,9.5,113.46666666666664,63.57,0.0,73.99,100.0,74.0,0.0,70.0,0.0,73.21333333333332,,,67.0,69.0,85.0,55.0,49.14,0.0
678,2025-02-04 11:30:00,65.69,2.119999999999997,0.0,9.666666666666666,112.93,63.57,0.0,73.99,100.0,74.0,0.0,70.0,0.0,73.2,,,67.0,69.0,85.0,55.0,49.49,0.0
679,2025-02-04 11:45:00,64.98,2.119999999999997,0.0,10.0,112.96999999999998,63.57,0.0,73.99,100.0,74.0,0.0,70.0,0.0,73.13333333333334,,,67.0,69.0,85.0,55.0,49.09,0.0
680,2025-02-04 12:00:00,64.27666666666666,0.0,0.0,10.0,113.02,63.57,0.0,73.99,100.0,74.0,0.0,70.0,0.0,73.09,,,67.0,69.0,85.0,55.0,49.38,0.0
681,2025-02-04 12:15:00,63.57,2.119999999999997,0.0,9.666666666666666,112.72666666666667,63.57,0.0,73.99,100.0,74.0,0.0,70.0,0.0,73.07333333333334,,,67.0,69.0,85.0,55.0,49.39,0.0
682,2025-02-04 12:30:00,65.68666666666667,0.0,0.0,10.0,112.76,63.57,0.0,73.99,100.0,74.0,0.0,70.0,0.0,72.95,,,67.0,69.0,85.0,55.0,49.38999999999999,0.0
683,2025-02-04 12:45:00,64.27666666666666,4.229999999999997,0.0,10.0,112.29666666666668,63.57,0.0,73.99,100.0,74.0,0.0,70.0,0.0,72.86,,,67.0,69.0,85.0,55.0,49.8,0.0
684,2025-02-04 13:00:00,64.27666666666666,-2.119999999999997,0.0,10.0,112.40333333333332,63.57,0.0,73.99,100.0,74.0,0.0,70.0,0.0,72.81,,,67.0,69.0,85.0,55.0,49.5,0.0
685,2025-02-04 13:15:00,65.69,0.0,0.0,10.5,112.21666666666664,63.57,0.0,73.99,100.0,74.0,0.0,70.0,0.0,72.81,,,67.0,69.0,85.0,55.0,50.03,0.0
686,2025-02-04 13:30:00,66.39333333333333,2.119999999999997,0.0,10.5,112.31,63.57,0.0,73.99,100.0,74.0,0.0,70.0,0.0,72.74,,,67.0,69.0,85.0,55.0,49.74,0.0
687,2025-02-04 13:45:00,64.98333333333333,4.229999999999997,0.0,10.5,112.02333333333333,63.57,0.0,73.99,100.0,74.0,0.0,70.0,0.0,72.66,,,67.0,69.0,85.0,55.0,50.190000000000005,0.0
688,2025-02-04 14:00:00,64.98,2.119999999999997,0.0,10.5,111.61666666666667,63.57,0.0,73.99,100.0,74.0,0.0,70.0,0.0,72.78,,,67.0,69.0,85.0,55.0,49.96,0.0
689,2025-02-04 14:15:00,64.27666666666666,0.0,0.0,10.833333333333334,111.77666666666666,63.57,0.0,73.99,100.0,74.0,0.0,70.0,0.0,73.06666666666666,,,67.0,69.0,85.0,55.0,49.97,0.0
690,2025-02-04 14:30:00,63.57,2.119999999999997,0.0,9.666666666666666,111.25333333333332,63.57,0.0,73.99,100.0,74.0,0.0,70.0,0.0,73.41333333333334,,,67.0,69.0,85.0,55.0,50.28,0.0
691,2025-02-04 14:45:00,64.27666666666666,0.0,0.0,9.833333333333334,111.56,63.57,0.0,73.99,100.0,74.0,0.0,70.0,0.0,73.42333333333333,,,67.0,69.0,85.0,55.0,50.14,0.0
692,2025-02-04 15:00:00,64.98333333333333,0.0,0.0,10.666666666666666,111.37,63.57,0.0,73.99,100.0,74.0,0.0,70.0,0.0,73.27,,,67.0,69.0,85.0,55.0,50.370000000000005,0.0
693,2025-02-04 15:15:00,63.57,2.119999999999997,0.0,11.0,111.38,63.57,0.0,73.99,100.0,74.0,0.0,70.0,0.0,73.09,,,67.0,69.0,85.0,55.0,50.370000000000005,0.0
694,2025-02-04 15:30:00,65.69,0.0,0.0,10.666666666666666,111.23,63.57,0.0,73.99,100.0,74.0,0.0,70.0,0.0,73.11333333333333,,,67.0,69.0,85.0,55.0,50.82000000000001,0.0
695,2025-02-04 15:45:00,64.27666666666666,2.119999999999997,0.0,10.0,111.32333333333334,63.57,0.0,73.99,100.0,74.0,0.0,70.0,0.0,72.92,,,67.0,69.0,85.0,55.0,50.38999999999999,0.0
696,2025-02-04 16:00:00,62.156666666666666,0.0,0.0,10.333333333333334,111.77333333333333,63.57,0.0,73.99,100.0,74.0,0.0,70.0,0.0,72.95,,,67.0,69.0,85.0,55.0,50.58,0.0
697,2025-02-04 16:15:00,64.27666666666666,-2.119999999999997,0.0,11.666666666666666,112.04,63.57,0.0,73.99,100.0,74.0,0.0,70.0,0.0,73.05333333333334,,,67.0,69.0,85.0,55.0,50.75000000000001,0.0
698,2025-02-04 16:30:00,63.57,0.0,0.0,12.0,112.17,63.57,0.0,73.99,100.0,74.0,0.0,70.0,0.0,73.04333333333334,,,67.0,69.0,85.0,55.0,50.87,0.0
699,2025-02-04 16:45:00,65.68666666666667,0.0,0.0,12.0,112.17333333333332,63.57,0.0,73.99,100.0,74.0,0.0,70.0,0.0,73.08,,,67.0,69.0,85.0,55.0,50.91,0.0
700,2025-02-04 17:00:00,64.98333333333333,0.0,0.0,10.333333333333334,111.89333333333332,63.57,0.0,73.99,100.0,74.0,0.0,70.0,0.0,73.09,,,67.0,69.0,85.0,55.0,50.38,0.0
701,2025-02-04 17:15:00,63.57,0.0,0.0,10.5,112.28000000000002,63.57,0.0,73.99,100.0,74.0,0.0,70.0,0.0,73.18333333333334,,,67.0,69.0,85.0,55.0,50.49,0.0
702,2025-02-04 17:30:00,64.27666666666666,0.0,0.0,10.166666666666666,112.18666666666668,63.57,0.0,73.99,100.0,74.0,0.0,70.0,0.0,73.20666666666666,,,67.0,69.0,85.0,55.0,50.2,0.0
703,2025-02-04 17:45:00,64.98333333333333,2.119999999999997,0.0,10.0,112.65666666666668,63.57,0.0,73.99,100.0,74.0,0.0,70.0,0.0,73.37666666666667,,,67.0,69.0,85.0,55.0,50.21,0.0
704,2025-02-04 18:00:00,64.98,2.119999999999997,0.0,10.0,112.6,63.57,0.0,73.99,100.0,74.0,0.0,70.0,0.0,73.57333333333334,,,67.0,69.0,85.0,55.0,50.34,0.0
705,2025-02-04 18:15:00,65.69,2.119999999999997,0.0,10.0,112.45,63.57,0.0,73.99,100.0,74.0,0.0,70.0,0.0,73.51,,,67.0,69.0,85.0,55.0,49.78,0.0
706,2025-02-04 18:30:00,64.98333333333333,2.119999999999997,0.0,9.5,111.97333333333334,63.57,0.0,73.99,100.0,74.0,0.0,70.0,0.0,73.52,,,67.0,69.0,85.0,55.0,49.61000000000001,0.0
707,2025-02-04 18:45:00,64.27666666666666,2.119999999999997,0.0,9.5,112.09333333333332,63.57,0.0,73.99,100.0,74.0,0.0,70.0,0.0,73.55,,,67.0,69.0,85.0,55.0,49.21999999999999,0.0
708,2025-02-04 19:00:00,64.98,0.0,0.0,9.0,112.23666666666668,63.57,0.0,73.99,100.0,74.0,0.0,70.0,0.0,73.50333333333333,,,67.0,69.0,85.0,55.0,49.14,0.0
709,2025-02-04 19:15:00,64.27666666666666,0.0,0.0,9.166666666666666,112.45,63.57,0.0,73.99,100.0,74.0,0.0,70.0,0.0,73.48333333333333,,,67.0,69.0,85.0,55.0,49.17,0.0
710,2025-02-04 19:30:00,64.27666666666666,0.0,0.0,9.5,111.93666666666668,63.57,0.0,73.99,100.0,74.0,0.0,70.0,0.0,73.44333333333333,,,67.0,69.0,85.0,55.0,49.36999999999999,0.0
711,2025-02-04 19:45:00,64.27666666666666,2.119999999999997,0.0,9.333333333333334,112.07333333333334,63.57,0.0,73.99,100.0,74.0,0.0,70.0,0.0,73.37333333333333,,,67.0,69.0,85.0,55.0,48.85000000000001,0.0
712,2025-02-04 20:00:00,65.69,2.119999999999997,0.0,9.166666666666666,112.70333333333332,63.57,0.0,73.99,100.0,74.0,0.0,70.0,0.0,73.38,,,67.0,69.0,85.0,55.0,48.68,0.0
713,2025-02-04 20:15:00,66.39333333333333,2.119999999999997,0.0,8.333333333333334,112.65666666666668,63.57,0.0,73.99,100.0,74.0,0.0,70.0,0.0,73.44666666666667,,,67.0,69.0,85.0,55.0,48.510000000000005,0.0
714,2025-02-04 20:30:00,64.98333333333333,4.229999999999997,0.0,8.0,112.25333333333332,63.57,0.0,73.99,100.0,74.0,0.0,70.0,0.0,73.51,,,67.0,69.0,85.0,55.0,48.36,0.0
715,2025-02-04 20:45:00,64.98333333333333,2.119999999999997,0.0,8.0,112.12333333333332,63.57,0.0,73.99,100.0,74.0,0.0,70.0,0.0,73.48333333333333,,,67.0,69.0,85.0,55.0,47.96000000000001,0.0
716,2025-02-04 21:00:00,63.57,0.0,0.0,7.833333333333333,111.8,63.57,0.0,73.99,100.0,74.0,0.0,70.0,0.0,73.51,,,67.0,69.0,85.0,55.0,47.650000000000006,0.0
717,2025-02-04 21:15:00,65.68666666666667,0.0,0.0,7.5,111.83,63.57,0.0,73.99,100.0,74.0,0.0,70.0,0.0,73.53,,,67.0,69.0,85.0,55.0,47.50999999999999,0.0
718,2025-02-04 21:30:00,64.27666666666666,0.0,0.0,7.5,111.72,63.57,0.0,73.99,100.0,74.0,0.0,70.0,0.0,73.52333333333333,,,67.0,69.0,85.0,55.0,47.28999999999999,0.0
719,2025-02-04 21:45:00,64.27666666666666,0.0,0.0,7.666666666666667,111.69,63.57,0.0,73.99,100.0,74.0,0.0,70.0,0.0,73.63333333333334,,,67.0,69.0,85.0,55.0,47.28999999999999,0.0
720,2025-02-04 22:00:00,64.98,0.0,0.0,8.333333333333334,111.74,63.57,0.0,73.99,100.0,74.0,0.0,70.0,0.0,73.56333333333333,,,67.0,69.0,85.0,55.0,47.44,0.0
721,2025-02-04 22:15:00,64.98,4.229999999999997,0.0,8.0,111.39666666666666,63.57,0.0,73.99,100.0,74.0,0.0,70.0,0.0,73.49,,,67.0,69.0,85.0,55.0,47.31999999999999,0.0
722,2025-02-04 22:30:00,64.98333333333333,0.0,0.0,8.166666666666666,111.66666666666669,63.57,0.0,73.99,100.0,74.0,0.0,70.0,0.0,73.36666666666666,,,67.0,69.0,85.0,55.0,47.16,0.0
723,2025-02-04 22:45:00,67.09666666666666,2.119999999999997,0.0,8.833333333333334,111.17666666666668,63.57,0.0,73.99,100.0,74.0,0.0,70.0,0.0,73.27333333333333,,,67.0,69.0,85.0,55.0,47.60000000000001,0.0
724,2025-02-04 23:00:00,64.27666666666666,2.119999999999997,0.0,7.833333333333333,110.75,63.57,0.0,73.99,100.0,74.0,0.0,70.0,0.0,73.13333333333334,,,67.0,69.0,85.0,55.0,47.24,0.0
725,2025-02-04 23:15:00,66.39333333333333,0.0,0.0,9.0,110.86666666666667,63.57,0.0,73.99,100.0,74.0,0.0,70.0,0.0,72.97333333333334,,,67.0,69.0,85.0,55.0,46.97,0.0
726,2025-02-04 23:30:00,66.39333333333333,2.119999999999997,0.0,9.5,110.82666666666668,63.57,0.0,73.99,100.0,74.0,0.0,70.0,0.0,72.95,,,67.0,69.0,85.0,55.0,47.24000000000001,0.0
727,2025-02-04 23:45:00,62.86333333333334,6.350000000000001,0.0,9.166666666666666,110.93666666666668,63.57,0.0,73.99,100.0,74.0,0.0,70.0,0.0,72.92333333333333,,,67.0,69.0,85.0,55.0,47.15,0.0
728,2025-02-05 00:00:00,63.57,-2.119999999999997,0.0,10.333333333333334,111.34666666666668,63.57,0.0,73.99,100.0,74.0,0.0,70.0,0.0,72.86,,,67.0,69.0,85.0,55.0,48.36,0.0
729,2025-02-05 00:15:00,62.86333333333332,-2.119999999999997,0.0,11.166666666666666,111.6,63.57,0.0,73.99,100.0,74.0,0.0,70.0,0.0,72.83,,,67.0,69.0,85.0,55.0,48.85000000000001,0.0
730,2025-02-05 00:30:00,62.86333333333334,-4.240000000000002,0.0,11.833333333333334,112.02666666666669,63.57,0.0,73.99,100.0,74.0,0.0,70.0,0.0,72.90666666666667,,,67.0,69.0,85.0,55.0,49.38,0.0
731,2025-02-05 00:45:00,66.39333333333333,0.0,0.0,11.833333333333334,111.82666666666668,63.57,0.0,73.99,100.0,74.0,0.0,70.0,0.0,73.10666666666667,,,67.0,69.0,85.0,55.0,49.66,0.0
732,2025-02-05 01:00:00,65.68666666666667,2.119999999999997,0.0,11.833333333333334,111.93,63.57,0.0,73.99,100.0,74.0,0.0,70.0,0.0,73.34666666666666,,,67.0,69.0,85.0,55.0,49.720000000000006,0.0
733,2025-02-05 01:15:00,63.57,2.119999999999997,0.0,10.833333333333334,112.12,63.57,0.0,73.99,100.0,74.0,0.0,70.0,0.0,73.27666666666666,,,67.0,69.0,85.0,55.0,49.7,0.0
734,2025-02-05 01:30:00,64.98333333333333,2.119999999999997,0.0,12.166666666666666,112.44,63.57,0.0,73.99,100.0,74.0,0.0,70.0,0.0,73.15333333333334,,,67.0,69.0,85.0,55.0,50.09,0.0
735,2025-02-05 01:45:00,65.68333333333334,0.0,0.0,12.5,112.71,63.57,0.0,73.99,100.0,74.0,0.0,70.0,0.0,73.09,,,67.0,69.0,85.0,55.0,50.45,0.0
736,2025-02-05 02:00:00,64.27666666666666,-2.119999999999997,0.0,13.0,112.89333333333332,63.57,0.0,73.99,100.0,74.0,0.0,70.0,0.0,73.08333333333333,,,67.0,69.0,85.0,55.0,50.9,0.0
737,2025-02-05 02:15:00,64.98333333333333,0.0,0.0,12.833333333333334,113.01666666666668,63.57,0.0,73.99,100.0,74.0,0.0,70.0,0.0,73.07333333333334,,,67.0,69.0,85.0,55.0,51.13999999999999,0.0
738,2025-02-05 02:30:00,64.27666666666666,0.0,0.0,13.166666666666666,113.55333333333331,63.57,0.0,73.99,100.0,74.0,0.0,70.0,0.0,73.06666666666666,,,67.0,69.0,85.0,55.0,51.47,0.0
739,2025-02-05 02:45:00,63.57,2.119999999999997,0.0,13.5,113.66333333333334,63.57,0.0,73.99,100.0,74.0,0.0,70.0,0.0,73.08,,,67.0,69.0,85.0,55.0,52.17999999999999,0.0
740,2025-02-05 03:00:00,65.69,0.0,0.0,13.833333333333334,113.72333333333334,63.57,0.0,73.99,100.0,74.0,0.0,70.0,0.0,73.09,,,67.0,69.0,85.0,55.0,51.95,0.0
741,2025-02-05 03:15:00,64.27666666666666,2.119999999999997,0.0,12.5,113.69,63.57,0.0,73.99,100.0,74.0,0.0,70.0,0.0,73.14999999999999,,,67.0,69.0,85.0,55.0,52.17999999999999,0.0
742,2025-02-05 03:30:00,64.98333333333333,2.119999999999997,0.0,13.333333333333334,113.97333333333331,63.57,0.0,73.99,100.0,74.0,0.0,70.0,0.0,73.14666666666666,,,67.0,69.0,85.0,55.0,52.32000000000001,0.0
743,2025-02-05 03:45:00,64.27666666666666,2.119999999999997,0.0,13.5,113.71,63.57,0.0,73.99,100.0,74.0,0.0,70.0,0.0,73.19333333333334,,,67.0,69.0,85.0,55.0,52.28999999999999,0.0
744,2025-02-05 04:00:00,63.57,2.119999999999997,0.0,13.333333333333334,113.93333333333334,63.57,0.0,73.99,100.0,74.0,0.0,70.0,0.0,73.2,,,67.0,69.0,85.0,55.0,52.11,0.0
745,2025-02-05 04:15:00,66.39333333333333,0.0,0.0,13.833333333333334,113.60666666666668,63.57,0.0,73.99,100.0,74.0,0.0,70.0,0.0,73.17666666666668,,,67.0,69.0,85.0,55.0,52.42,0.0
746,2025-02-05 04:30:00,64.27666666666666,2.119999999999997,0.0,12.0,113.73,63.57,0.0,73.99,100.0,74.0,0.0,70.0,0.0,73.19333333333334,,,67.0,69.0,85.0,55.0,52.02,0.0
747,2025-02-05 04:45:00,63.57,-2.119999999999997,0.0,13.166666666666666,113.87,63.57,0.0,73.99,100.0,74.0,0.0,70.0,0.0,73.19,,,67.0,69.0,85.0,55.0,52.33,0.0
748,2025-02-05 05:00:00,64.27666666666666,0.0,0.0,13.5,113.61,63.57,0.0,73.99,100.0,74.0,0.0,70.0,0.0,73.14333333333333,,,67.0,69.0,85.0,55.0,52.71999999999999,0.0
749,2025-02-05 05:15:00,64.27666666666666,2.119999999999997,0.0,12.166666666666666,113.52,63.57,0.0,73.99,100.0,74.0,0.0,70.0,0.0,73.20666666666666,,,67.0,69.0,85.0,55.0,52.09,0.0
750,2025-02-05 05:30:00,64.27333333333333,-2.119999999999997,0.0,12.5,113.76666666666668,63.57,0.0,73.99,100.0,74.0,0.0,70.0,0.0,73.18666666666667,,,67.0,69.0,85.0,55.0,52.45,0.0
751,2025-02-05 05:45:00,64.98333333333333,0.0,0.0,13.166666666666666,113.93666666666668,63.57,0.0,73.99,100.0,74.0,0.0,70.0,0.0,73.20666666666666,,,67.0,69.0,85.0,55.0,52.26,0.0
752,2025-02-05 06:00:00,67.09666666666666,0.0,0.0,13.666666666666666,113.74666666666668,63.57,0.0,73.99,100.0,74.0,0.0,70.0,0.0,73.23333333333333,,,67.0,69.0,85.0,55.0,52.49000000000001,0.0
753,2025-02-05 06:15:00,63.57,4.229999999999997,0.0,12.5,113.66333333333334,63.57,0.0,73.99,100.0,74.0,0.0,70.0,0.0,73.23333333333333,,,67.0,69.0,85.0,55.0,52.14999999999999,0.0
754,2025-02-05 06:30:00,63.57,0.0,0.0,12.333333333333334,113.71,63.57,0.0,73.99,100.0,74.0,0.0,70.0,0.0,73.24,,,67.0,69.0,85.0,55.0,52.99,0.0
755,2025-02-05 06:45:00,64.98333333333333,0.0,0.0,13.166666666666666,113.85333333333334,63.57,0.0,73.99,100.0,74.0,0.0,70.0,0.0,73.24,,,67.0,69.0,85.0,55.0,52.43,0.0
756,2025-02-05 07:00:00,64.27333333333333,2.119999999999997,0.0,12.5,113.86333333333334,63.57,0.0,73.99,100.0,74.0,0.0,70.0,0.0,73.24,,,67.0,69.0,85.0,55.0,52.62,0.0
757,2025-02-05 07:15:00,62.86333333333334,-2.119999999999997,0.0,13.0,113.67666666666666,63.57,0.0,73.99,100.0,74.0,0.0,70.0,0.0,73.24,,,67.0,69.0,85.0,55.0,53.120000000000005,0.0
758,2025-02-05 07:30:00,67.09666666666666,0.0,0.0,13.666666666666666,113.84,63.57,0.0,73.99,100.0,74.0,0.0,70.0,0.0,73.24,,,67.0,69.0,85.0,55.0,52.53,0.0
759,2025-02-05 07:45:00,63.57,4.229999999999997,0.0,12.833333333333334,113.91,63.57,0.0,73.99,100.0,74.0,0.0,70.0,0.0,73.25333333333333,,,67.0,69.0,85.0,55.0,52.23,0.0
760,2025-02-05 08:00:00,62.86333333333334,0.0,0.0,13.0,114.07,63.57,0.0,73.99,100.0,74.0,0.0,70.0,0.0,73.31,,,67.0,69.0,85.0,55.0,52.87,0.0
761,2025-02-05 08:15:00,65.68666666666667,-2.119999999999997,0.0,13.666666666666666,113.69,63.57,0.0,73.99,100.0,74.0,0.0,70.0,0.0,73.32333333333334,,,67.0,69.0,85.0,55.0,53.28999999999999,0.0
762,2025-02-05 08:30:00,63.57,4.229999999999997,0.0,12.5,113.71,63.57,0.0,73.99,100.0,74.0,0.0,70.0,0.0,73.35,,,67.0,69.0,85.0,55.0,52.03000000000001,0.0
763,2025-02-05 08:45:00,64.98333333333333,0.0,0.0,13.666666666666666,113.81666666666666,63.57,0.0,73.99,100.0,74.0,0.0,70.0,0.0,73.31666666666666,,,67.0,69.0,85.0,55.0,52.33,0.0
764,2025-02-05 09:00:00,65.68666666666667,2.119999999999997,0.0,12.5,113.58333333333331,63.57,0.0,73.99,100.0,74.0,0.0,70.0,0.0,73.33666666666666,,,67.0,69.0,85.0,55.0,52.32,0.0
765,2025-02-05 09:15:00,65.68666666666667,0.0,0.0,13.166666666666666,113.75666666666666,63.57,0.0,73.99,100.0,74.0,0.0,70.0,0.0,73.25333333333333,,,67.0,69.0,85.0,55.0,52.82,0.0
766,2025-02-05 09:30:00,64.27666666666666,0.0,0.0,13.0,113.50666666666666,63.57,0.0,73.99,100.0,74.0,0.0,70.0,0.0,73.33,,,67.0,69.0,85.0,55.0,52.78999999999999,0.0
767,2025-02-05 09:45:00,62.156666666666666,0.0,0.0,12.5,113.74333333333334,63.57,0.0,73.99,100.0,74.0,0.0,70.0,0.0,73.30333333333334,,,67.0,69.0,85.0,55.0,52.2,0.0
768,2025-02-05 10:00:00,62.86333333333334,-2.119999999999997,0.0,13.5,113.55,63.57,0.0,73.99,100.0,74.0,0.0,70.0,0.0,73.28333333333335,,,67.0,69.0,85.0,55.0,52.89,0.0
769,2025-02-05 10:15:00,65.69,-2.119999999999997,0.0,13.333333333333334,113.35333333333334,63.57,0.0,73.99,100.0,74.0,0.0,70.0,0.0,73.31666666666666,,,67.0,69.0,85.0,55.0,52.57,0.0
770,2025-02-05 10:30:00,64.27333333333333,2.119999999999997,0.0,12.5,113.56333333333332,63.57,0.0,73.99,100.0,74.0,0.0,70.0,0.0,73.31666666666666,,,67.0,69.0,85.0,55.0,52.040000000000006,0.0
771,2025-02-05 10:45:00,63.57,-2.119999999999997,0.0,12.833333333333334,113.25666666666666,63.57,0.0,73.99,100.0,74.0,0.0,70.0,0.0,73.33999999999999,,,67.0,69.0,85.0,55.0,52.540000000000006,0.0
772,2025-02-05 11:00:00,63.57,0.0,0.0,12.0,112.47666666666667,63.57,0.0,73.99,100.0,74.0,0.0,70.0,0.0,73.35,,,67.0,69.0,85.0,55.0,51.96,0.0
773,2025-02-05 11:15:00,64.98333333333333,0.0,0.0,12.166666666666666,112.54333333333334,63.57,0.0,73.99,100.0,74.0,0.0,70.0,0.0,73.28666666666668,,,67.0,69.0,85.0,55.0,51.19,0.0
774,2025-02-05 11:30:00,64.98,2.119999999999997,0.0,13.666666666666666,112.76666666666668,63.57,0.0,73.99,100.0,74.0,0.0,70.0,0.0,73.24,,,67.0,69.0,85.0,55.0,51.36,0.0
775,2025-02-05 11:45:00,64.98333333333333,0.0,0.0,13.0,112.32333333333334,63.57,0.0,73.99,100.0,74.0,0.0,70.0,0.0,73.32333333333334,,,67.0,69.0,85.0,55.0,51.60999999999999,0.0
776,2025-02-05 12:00:00,64.27666666666666,2.119999999999997,0.0,12.5,112.91666666666669,63.57,0.0,73.99,100.0,74.0,0.0,70.0,0.0,73.34333333333332,,,67.0,69.0,85.0,55.0,51.42,0.0
777,2025-02-05 12:15:00,64.27666666666666,0.0,0.0,13.333333333333334,112.61,63.57,0.0,73.99,100.0,74.0,0.0,70.0,0.0,73.35666666666667,,,67.0,69.0,85.0,55.0,51.81999999999999,0.0
778,2025-02-05 12:30:00,62.86333333333334,0.0,0.0,13.5,112.61666666666667,63.57,0.0,73.99,100.0,74.0,0.0,70.0,0.0,73.31,,,67.0,69.0,85.0,55.0,51.89999999999999,0.0
779,2025-02-05 12:45:00,64.98333333333333,0.0,0.0,13.5,112.34666666666664,63.57,0.0,73.99,100.0,74.0,0.0,70.0,0.0,73.24,,,67.0,69.0,85.0,55.0,52.010000000000005,0.0
780,2025-02-05 13:00:00,62.86333333333334,2.119999999999997,0.0,12.5,112.66333333333334,63.57,0.0,73.99,100.0,74.0,0.0,70.0,0.0,73.24,,,67.0,69.0,85.0,55.0,51.63,0.0
781,2025-02-05 13:15:00,67.80333333333333,-2.119999999999997,0.0,13.5,112.68333333333332,63.57,0.0,73.99,100.0,74.0,0.0,70.0,0.0,73.23333333333333,,,67.0,69.0,85.0,55.0,52.35999999999999,0.0
782,2025-02-05 13:30:00,65.69,6.350000000000001,0.0,12.0,112.31,63.57,0.0,73.99,100.0,74.0,0.0,70.0,0.0,73.27999999999999,,,67.0,69.0,85.0,55.0,51.79999999999999,0.0
783,2025-02-05 13:45:00,64.27333333333333,2.119999999999997,0.0,12.5,112.14666666666666,63.57,0.0,73.99,100.0,74.0,0.0,70.0,0.0,73.13333333333334,,,67.0,69.0,85.0,55.0,51.71000000000001,0.0
784,2025-02-05 14:00:00,65.68666666666667,-2.119999999999997,0.0,12.833333333333334,111.95333333333332,63.57,0.0,73.99,100.0,74.0,0.0,70.0,0.0,73.07333333333334,,,67.0,69.0,85.0,55.0,52.21,0.0
785,2025-02-05 14:15:00,64.27666666666666,2.119999999999997,0.0,12.166666666666666,111.87333333333332,63.57,0.0,73.99,100.0,74.0,0.0,70.0,0.0,73.07666666666667,,,67.0,69.0,85.0,55.0,51.29,0.0
786,2025-02-05 14:30:00,63.57,0.0,0.0,13.166666666666666,112.02666666666669,63.57,0.0,73.99,100.0,74.0,0.0,70.0,0.0,73.12333333333333,,,67.0,69.0,85.0,55.0,51.34,0.0
787,2025-02-05 14:45:00,64.98333333333333,0.0,0.0,12.833333333333334,112.18666666666668,63.57,0.0,73.99,100.0,74.0,0.0,70.0,0.0,73.32,,,67.0,69.0,85.0,55.0,51.21000000000001,0.0
788,2025-02-05 15:00:00,65.68666666666667,2.119999999999997,0.0,13.666666666666666,112.01,63.57,0.0,73.99,100.0,74.0,0.0,70.0,0.0,73.50333333333333,,,67.0,69.0,85.0,55.0,52.03000000000001,0.0
789,2025-02-05 15:15:00,63.57,2.119999999999997,0.0,12.5,111.89,63.57,0.0,73.99,100.0,74.0,0.0,70.0,0.0,73.61,,,67.0,69.0,85.0,55.0,50.95,0.0
790,2025-02-05 15:30:00,64.27666666666666,0.0,0.0,12.0,111.95,63.57,0.0,73.99,100.0,74.0,0.0,70.0,0.0,73.67,,,67.0,69.0,85.0,55.0,51.00999999999999,0.0
791,2025-02-05 15:45:00,63.57,0.0,0.0,13.0,112.15333333333336,63.57,0.0,73.99,100.0,74.0,0.0,70.0,0.0,73.41666666666667,,,67.0,69.0,85.0,55.0,51.1,0.0
792,2025-02-05 16:00:00,66.39333333333333,2.119999999999997,0.0,12.5,112.02333333333333,63.57,0.0,73.99,100.0,74.0,0.0,70.0,0.0,73.54666666666667,,,67.0,69.0,85.0,55.0,51.27,0.0
793,2025-02-05 16:15:00,64.98333333333333,4.229999999999997,0.0,13.0,112.13666666666666,63.57,0.0,73.99,100.0,74.0,0.0,70.0,0.0,73.66333333333334,,,67.0,69.0,85.0,55.0,50.8,0.0
794,2025-02-05 16:30:00,64.98333333333333,2.119999999999997,0.0,12.0,111.34666666666668,63.57,0.0,73.99,100.0,74.0,0.0,70.0,0.0,73.79,,,67.0,69.0,85.0,55.0,50.970000000000006,0.0
795,2025-02-05 16:45:00,63.57,0.0,0.0,11.666666666666666,111.99,63.57,0.0,73.99,100.0,74.0,0.0,70.0,0.0,73.59333333333333,,,67.0,69.0,85.0,55.0,50.04,0.0
796,2025-02-05 17:00:00,63.57,0.0,0.0,12.5,111.95666666666666,63.57,0.0,73.99,100.0,74.0,0.0,70.0,0.0,73.39333333333333,,,67.0,69.0,85.0,55.0,50.61000000000001,0.0
797,2025-02-05 17:15:00,65.68666666666667,0.0,0.0,12.833333333333334,111.82333333333334,63.57,0.0,73.99,100.0,74.0,0.0,70.0,0.0,73.28666666666668,,,67.0,69.0,85.0,55.0,50.19,0.0
798,2025-02-05 17:30:00,62.86333333333334,0.0,0.0,11.833333333333334,111.51333333333334,63.57,0.0,73.99,100.0,74.0,0.0,70.0,0.0,73.26333333333334,,,67.0,69.0,85.0,55.0,50.28999999999999,0.0
799,2025-02-05 17:45:00,63.57,-4.240000000000002,0.0,11.666666666666666,112.10666666666668,63.57,0.0,73.99,100.0,74.0,0.0,70.0,0.0,73.24,,,67.0,69.0,85.0,55.0,50.16,0.0
800,2025-02-05 18:00:00,62.86333333333334,0.0,0.0,11.333333333333334,112.06666666666666,63.57,0.0,73.99,100.0,74.0,0.0,70.0,0.0,73.31666666666666,,,67.0,69.0,85.0,55.0,50.16,0.0
801,2025-02-05 18:15:00,63.57,2.119999999999997,0.0,11.0,111.75666666666666,63.57,0.0,73.99,100.0,74.0,0.0,70.0,0.0,73.26333333333334,,,67.0,69.0,85.0,55.0,50.38,0.0
802,2025-02-05 18:30:00,63.57,0.0,0.0,11.0,111.59,63.57,0.0,73.99,100.0,74.0,0.0,70.0,0.0,73.24,,,67.0,69.0,85.0,55.0,49.63999999999999,0.0
803,2025-02-05 18:45:00,64.27666666666666,0.0,0.0,11.5,112.18,63.57,0.0,73.99,100.0,74.0,0.0,70.0,0.0,73.24666666666667,,,67.0,69.0,85.0,55.0,49.71999999999999,0.0
804,2025-02-05 19:00:00,66.39333333333333,2.119999999999997,0.0,11.0,111.71666666666664,63.57,0.0,73.99,100.0,74.0,0.0,70.0,0.0,73.42666666666666,,,67.0,69.0,85.0,55.0,49.9,0.0
805,2025-02-05 19:15:00,64.27666666666666,4.229999999999997,0.0,10.666666666666666,111.38666666666668,63.57,0.0,73.99,100.0,74.0,0.0,70.0,0.0,73.56333333333333,,,67.0,69.0,85.0,55.0,49.39000000000001,0.0
806,2025-02-05 19:30:00,64.98333333333333,0.0,0.0,11.333333333333334,111.59,63.57,0.0,73.99,100.0,74.0,0.0,70.0,0.0,73.41,,,67.0,69.0,85.0,55.0,49.19,0.0
807,2025-02-05 19:45:00,65.69,2.119999999999997,0.0,12.0,112.09666666666668,63.57,0.0,73.99,100.0,74.0,0.0,70.0,0.0,73.26333333333334,,,67.0,69.0,85.0,55.0,49.53,0.0
808,2025-02-05 20:00:00,65.69,2.119999999999997,0.0,12.0,111.8,63.57,0.0,73.99,100.0,74.0,0.0,70.0,0.0,73.31666666666666,,,67.0,69.0,85.0,55.0,50.13,0.0
809,2025-02-05 20:15:00,65.685,2.119999999999997,0.0,12.25,111.52,63.57,0.0,73.99,100.0,74.0,0.0,70.0,0.0,73.32,,,67.0,69.0,85.0,55.0,50.02,0.0
810,2025-02-05 20:30:00,64.98333333333333,0.0,0.0,11.0,111.37333333333332,63.57,0.0,73.99,100.0,74.0,0.0,70.0,0.0,73.26333333333334,,,67.0,69.0,85.0,55.0,49.71,0.0
811,2025-02-05 20:45:00,64.27666666666666,2.119999999999997,0.0,10.833333333333334,111.32666666666668,63.57,0.0,73.99,100.0,74.0,0.0,70.0,0.0,73.22666666666667,,,67.0,69.0,85.0,55.0,49.6,0.0
812,2025-02-05 21:00:00,64.27333333333333,0.0,0.0,11.333333333333334,111.29333333333334,63.57,0.0,73.99,100.0,74.0,0.0,70.0,0.0,73.19666666666667,,,67.0,69.0,85.0,55.0,50.09,0.0
813,2025-02-05 21:15:00,63.57,4.229999999999997,0.0,11.666666666666666,111.32666666666668,63.57,0.0,73.99,100.0,74.0,0.0,70.0,0.0,73.10333333333334,,,67.0,69.0,85.0,55.0,49.870000000000005,0.0
814,2025-02-05 21:30:00,64.27666666666666,0.0,0.0,11.833333333333334,110.96999999999998,63.57,0.0,73.99,100.0,74.0,0.0,70.0,0.0,73.08666666666666,,,67.0,69.0,85.0,55.0,50.07,0.0
815,2025-02-05 21:45:00,65.68666666666667,-2.119999999999997,0.0,11.333333333333334,110.92666666666666,63.57,0.0,73.99,100.0,74.0,0.0,70.0,0.0,73.08666666666666,,,67.0,69.0,85.0,55.0,49.93,0.0
816,2025-02-05 22:00:00,64.27666666666666,4.229999999999997,0.0,11.5,110.95333333333332,63.57,0.0,73.99,100.0,74.0,0.0,70.0,0.0,73.07333333333334,,,67.0,69.0,85.0,55.0,49.97,0.0
817,2025-02-05 22:15:00,64.27666666666666,2.119999999999997,0.0,11.833333333333334,110.81,63.57,0.0,73.99,100.0,74.0,0.0,70.0,0.0,73.09,,,67.0,69.0,85.0,55.0,50.02000000000001,0.0
818,2025-02-05 22:30:00,62.86333333333334,0.0,0.0,11.333333333333334,110.93,63.57,0.0,73.99,100.0,74.0,0.0,70.0,0.0,73.04,,,67.0,69.0,85.0,55.0,49.74,0.0
819,2025-02-05 22:45:00,64.98333333333333,0.0,0.0,11.833333333333334,110.73666666666668,63.57,0.0,73.99,100.0,74.0,0.0,70.0,0.0,72.93666666666667,,,67.0,69.0,85.0,55.0,50.45,0.0
820,2025-02-05 23:00:00,64.98333333333333,2.119999999999997,0.0,12.166666666666666,110.89333333333332,63.57,0.0,73.99,100.0,74.0,0.0,70.0,0.0,72.89999999999999,,,67.0,69.0,85.0,55.0,49.93,0.0
821,2025-02-05 23:15:00,65.68666666666667,0.0,0.0,12.333333333333334,110.99,63.57,0.0,73.99,100.0,74.0,0.0,70.0,0.0,72.80333333333334,,,67.0,69.0,85.0,55.0,49.97,0.0
822,2025-02-05 23:30:00,64.98,0.0,0.0,12.833333333333334,110.86666666666667,63.57,0.0,73.99,100.0,74.0,0.0,70.0,0.0,72.79,,,67.0,69.0,85.0,55.0,50.5,0.0
823,2025-02-05 23:45:00,65.69,0.0,0.0,11.833333333333334,110.93,63.57,0.0,73.99,100.0,74.0,0.0,70.0,0.0,72.79666666666667,,,67.0,69.0,85.0,55.0,50.24,0.0
824,2025-02-06 00:00:00,63.57,2.119999999999997,0.0,12.333333333333334,111.46999999999998,63.57,0.0,73.99,100.0,74.0,0.0,70.0,0.0,72.95,,,67.0,69.0,85.0,55.0,50.32,0.0
825,2025-02-06 00:15:00,64.98,0.0,0.0,11.833333333333334,111.02333333333333,63.57,0.0,73.99,100.0,74.0,0.0,70.0,0.0,73.06666666666666,,,67.0,69.0,85.0,55.0,51.06,0.0
826,2025-02-06 00:30:00,63.57,0.0,0.0,12.166666666666666,111.68333333333334,63.57,0.0,73.99,100.0,74.0,0.0,70.0,0.0,73.08333333333333,,,67.0,69.0,85.0,55.0,50.46999999999999,0.0
827,2025-02-06 00:45:00,64.27666666666666,0.0,0.0,13.0,111.75666666666666,63.57,0.0,73.99,100.0,74.0,0.0,70.0,0.0,73.13333333333334,,,67.0,69.0,85.0,55.0,51.38,0.0
828,2025-02-06 01:00:00,64.27666666666666,0.0,0.0,13.333333333333334,112.26,63.57,0.0,73.99,100.0,74.0,0.0,70.0,0.0,73.10333333333334,,,67.0,69.0,85.0,55.0,51.24,0.0
829,2025-02-06 01:15:00,64.98,2.119999999999997,0.0,12.666666666666666,112.57333333333334,63.57,0.0,73.99,100.0,74.0,0.0,70.0,0.0,73.17666666666666,,,67.0,69.0,85.0,55.0,51.870000000000005,0.0
830,2025-02-06 01:30:00,65.68666666666667,0.0,0.0,12.166666666666666,112.43,63.57,0.0,73.99,100.0,74.0,0.0,70.0,0.0,73.19333333333334,,,67.0,69.0,85.0,55.0,51.82999999999999,0.0
831,2025-02-06 01:45:00,63.57,4.229999999999997,0.0,12.333333333333334,112.88666666666666,63.57,0.0,73.99,100.0,74.0,0.0,70.0,0.0,73.21333333333332,,,67.0,69.0,85.0,55.0,51.86000000000001,0.0
832,2025-02-06 02:00:00,63.57,0.0,0.0,12.833333333333334,113.11666666666667,63.57,0.0,73.99,100.0,74.0,0.0,70.0,0.0,73.20666666666666,,,67.0,69.0,85.0,55.0,52.370000000000005,0.0
833,2025-02-06 02:15:00,65.69,0.0,0.0,13.666666666666666,112.90333333333332,63.57,0.0,73.99,100.0,74.0,0.0,70.0,0.0,73.22666666666667,,,67.0,69.0,85.0,55.0,52.56,0.0
834,2025-02-06 02:30:00,64.98,2.119999999999997,0.0,13.166666666666666,112.92,63.57,0.0,73.99,100.0,74.0,0.0,70.0,0.0,73.27333333333333,,,67.0,69.0,85.0,55.0,52.24999999999999,0.0
835,2025-02-06 02:45:00,62.86333333333334,0.0,0.0,13.666666666666666,113.73333333333332,63.57,0.0,73.99,100.0,74.0,0.0,70.0,0.0,73.31666666666666,,,67.0,69.0,85.0,55.0,51.98,0.0
836,2025-02-06 03:00:00,62.156666666666666,2.119999999999997,0.0,13.166666666666666,113.31,63.57,0.0,73.99,100.0,74.0,0.0,70.0,0.0,73.36666666666666,,,67.0,69.0,85.0,55.0,52.8,0.0
837,2025-02-06 03:15:00,64.98333333333333,0.0,0.0,14.166666666666666,113.71999999999998,63.57,0.0,73.99,100.0,74.0,0.0,70.0,0.0,73.36666666666666,,,67.0,69.0,85.0,55.0,52.620000000000005,0.0
838,2025-02-06 03:30:00,64.27666666666666,2.119999999999997,0.0,13.333333333333334,113.69666666666666,63.57,0.0,73.99,100.0,74.0,0.0,70.0,0.0,73.38,,,67.0,69.0,85.0,55.0,53.080000000000005,0.0
839,2025-02-06 03:45:00,62.86333333333334,0.0,0.0,13.166666666666666,113.91,63.57,0.0,73.99,100.0,74.0,0.0,70.0,0.0,73.38,,,67.0,69.0,85.0,55.0,53.09,0.0
840,2025-02-06 04:00:00,66.39333333333333,0.0,0.0,14.0,113.79333333333334,63.57,0.0,73.99,100.0,74.0,0.0,70.0,0.0,73.38,,,67.0,69.0,85.0,55.0,53.19,0.0
841,2025-02-06 04:15:00,65.68666666666667,2.119999999999997,0.0,13.333333333333334,114.19,63.57,0.0,73.99,100.0,74.0,0.0,70.0,0.0,73.40666666666667,,,67.0,69.0,85.0,55.0,52.59,0.0
842,2025-02-06 04:30:00,65.69,4.229999999999997,0.0,13.666666666666666,113.81666666666666,63.57,0.0,73.99,100.0,74.0,0.0,70.0,0.0,73.50333333333333,,,67.0,69.0,85.0,55.0,53.16,0.0
843,2025-02-06 04:45:00,66.39333333333333,2.119999999999997,0.0,13.0,113.87,63.57,0.0,73.99,100.0,74.0,0.0,70.0,0.0,73.51,,,67.0,69.0,85.0,55.0,52.62,0.0
844,2025-02-06 05:00:00,64.27666666666666,2.119999999999997,0.0,12.666666666666666,113.9,63.57,0.0,73.99,100.0,74.0,0.0,70.0,0.0,73.51,,,67.0,69.0,85.0,55.0,52.71,0.0
845,2025-02-06 05:15:00,64.27333333333333,0.0,0.0,13.333333333333334,114.15,63.57,0.0,73.99,100.0,74.0,0.0,70.0,0.0,73.53,,,67.0,69.0,85.0,55.0,52.71,0.0
846,2025-02-06 05:30:00,63.57,4.229999999999997,0.0,13.833333333333334,114.13666666666666,63.57,0.0,73.99,100.0,74.0,0.0,70.0,0.0,73.53,,,67.0,69.0,85.0,55.0,52.83,0.0
847,2025-02-06 05:45:00,65.69,-2.119999999999997,0.0,13.333333333333334,113.83,63.57,0.0,73.99,100.0,74.0,0.0,70.0,0.0,73.53333333333335,,,67.0,69.0,85.0,55.0,52.69,0.0
848,2025-02-06 06:00:00,65.69,2.119999999999997,0.0,12.5,113.94333333333331,63.57,0.0,73.99,100.0,74.0,0.0,70.0,0.0,73.53666666666668,,,67.0,69.0,85.0,55.0,52.29,0.0
849,2025-02-06 06:15:00,66.39333333333333,2.119999999999997,0.0,13.166666666666666,114.14666666666666,63.57,0.0,73.99,100.0,74.0,0.0,70.0,0.0,73.57000000000001,,,67.0,69.0,85.0,55.0,52.42999999999999,0.0
850,2025-02-06 06:30:00,62.86333333333334,2.119999999999997,0.0,13.5,114.19,63.57,0.0,73.99,100.0,74.0,0.0,70.0,0.0,73.62666666666667,,,67.0,69.0,85.0,55.0,52.28,0.0
851,2025-02-06 06:45:00,64.98,0.0,0.0,13.5,114.19333333333331,63.57,0.0,73.99,100.0,74.0,0.0,70.0,0.0,73.65,,,67.0,69.0,85.0,55.0,52.2,0.0
852,2025-02-06 07:00:00,64.27666666666666,0.0,0.0,12.5,114.01333333333334,63.57,0.0,73.99,100.0,74.0,0.0,70.0,0.0,73.66333333333334,,,67.0,69.0,85.0,55.0,52.39999999999999,0.0
853,2025-02-06 07:15:00,64.27666666666666,2.119999999999997,0.0,12.166666666666666,114.21999999999998,63.57,0.0,73.99,100.0,74.0,0.0,70.0,0.0,73.67,,,67.0,69.0,85.0,55.0,52.11000000000001,0.0
854,2025-02-06 07:30:00,63.57,2.119999999999997,0.0,13.166666666666666,114.60666666666668,63.57,0.0,73.99,100.0,74.0,0.0,70.0,0.0,73.67,,,67.0,69.0,85.0,55.0,52.49,0.0
855,2025-02-06 07:45:00,63.56999999999999,0.0,0.0,12.833333333333334,114.24333333333334,63.57,0.0,73.99,100.0,74.0,0.0,70.0,0.0,73.67,,,67.0,69.0,85.0,55.0,52.39,0.0
856,2025-02-06 08:00:00,64.27666666666666,-2.119999999999997,0.0,12.166666666666666,114.51666666666668,63.57,0.0,73.99,100.0,74.0,0.0,70.0,0.0,73.68333333333334,,,67.0,69.0,85.0,55.0,51.64999999999999,0.0
857,2025-02-06 08:15:00,62.86333333333334,0.0,0.0,12.833333333333334,114.90666666666664,63.57,0.0,73.99,100.0,74.0,0.0,70.0,0.0,73.74333333333334,,,67.0,69.0,85.0,55.0,51.79,0.0
858,2025-02-06 08:30:00,64.98333333333333,0.0,0.0,12.666666666666666,115.75333333333332,63.57,0.0,73.99,100.0,74.0,0.0,70.0,0.0,73.80666666666667,,,67.0,69.0,85.0,55.0,51.73,0.0
859,2025-02-06 08:45:00,63.57,0.0,0.0,11.666666666666666,110.11666666666667,63.57,0.0,73.99,100.0,74.0,0.0,70.0,0.0,73.83666666666666,,,67.0,69.0,85.0,55.0,50.72,0.0
860,2025-02-06 09:00:00,64.27666666666666,0.0,0.0,13.5,109.75333333333332,63.57,0.0,73.99,100.0,74.0,0.0,70.0,0.0,73.7,,,67.0,69.0,85.0,55.0,51.14999999999999,0.0
861,2025-02-06 09:15:00,64.27666666666666,2.119999999999997,0.0,13.166666666666666,110.06666666666666,63.57,0.0,73.99,100.0,74.0,0.0,70.0,0.0,73.67,,,67.0,69.0,85.0,55.0,50.66,0.0
862,2025-02-06 09:30:00,62.86333333333334,0.0,0.0,11.5,110.47666666666667,63.57,0.0,73.99,100.0,74.0,0.0,70.0,0.0,73.68333333333334,,,67.0,69.0,85.0,55.0,50.34,0.0
863,2025-02-06 09:45:00,64.98,0.0,0.0,11.333333333333334,110.36,63.57,0.0,73.99,100.0,74.0,0.0,70.0,0.0,73.77333333333333,,,67.0,69.0,85.0,55.0,51.04,0.0
864,2025-02-06 10:00:00,64.27666666666666,0.0,0.0,11.333333333333334,108.23,63.57,0.0,73.99,100.0,74.0,0.0,70.0,0.0,73.78333333333333,,,67.0,69.0,85.0,55.0,50.39999999999999,0.0
865,2025-02-06 10:15:00,63.57,2.119999999999997,0.0,13.333333333333334,106.42,63.57,0.0,73.99,100.0,74.0,0.0,70.0,0.0,73.48,,,67.0,69.0,85.0,55.0,51.99,0.0
866,2025-02-06 10:30:00,64.27666666666666,0.0,0.0,14.166666666666666,106.54,63.57,0.0,73.99,100.0,74.0,0.0,70.0,0.0,73.23666666666666,,,67.0,69.0,85.0,55.0,52.370000000000005,0.0
867,2025-02-06 10:45:00,64.98333333333333,-2.119999999999997,0.0,13.833333333333334,106.71,63.57,0.0,73.99,100.0,74.0,0.0,70.0,0.0,73.03333333333335,,,67.0,69.0,85.0,55.0,53.28,0.0
868,2025-02-06 11:00:00,64.27666666666666,0.0,0.0,12.833333333333334,106.42333333333332,63.57,0.0,73.99,100.0,74.0,0.0,70.0,0.0,72.92333333333333,,,67.0,69.0,85.0,55.0,53.60000000000001,0.0
869,2025-02-06 11:15:00,62.86333333333334,0.0,0.0,13.666666666666666,106.99333333333334,63.57,0.0,73.99,100.0,74.0,0.0,70.0,0.0,72.86,,,67.0,69.0,85.0,55.0,52.97,0.0
870,2025-02-06 11:30:00,66.39333333333333,-2.119999999999997,0.0,14.166666666666666,106.75333333333332,63.57,0.0,73.99,100.0,74.0,0.0,70.0,0.0,72.80333333333334,,,67.0,69.0,85.0,55.0,53.81,0.0
871,2025-02-06 11:45:00,65.69,2.119999999999997,0.0,13.5,106.36,63.57,0.0,73.99,100.0,74.0,0.0,70.0,0.0,72.79,,,67.0,69.0,85.0,55.0,53.4,0.0
872,2025-02-06 12:00:00,64.98333333333333,2.119999999999997,0.0,12.5,106.48666666666668,63.57,0.0,73.99,100.0,74.0,0.0,70.0,0.0,72.77,,,67.0,69.0,85.0,55.0,53.35,0.0
873,2025-02-06 12:15:00,64.27666666666666,0.0,0.0,12.5,107.59,63.57,0.0,73.99,100.0,74.0,0.0,70.0,0.0,72.74666666666667,,,67.0,69.0,85.0,55.0,54.150000000000006,0.0
874,2025-02-06 12:30:00,64.27666666666666,2.119999999999997,0.0,11.833333333333334,109.71333333333332,63.57,0.0,73.99,100.0,74.0,0.0,70.0,0.0,72.88333333333334,,,67.0,69.0,85.0,55.0,52.94,0.0
875,2025-02-06 12:45:00,64.98333333333333,0.0,0.0,11.5,110.34666666666668,63.57,0.0,73.99,100.0,74.0,0.0,70.0,0.0,72.98666666666666,,,67.0,69.0,85.0,55.0,53.03,0.0
876,2025-02-06 13:00:00,67.8,0.0,0.0,10.333333333333334,114.10666666666668,63.57,0.0,73.99,100.0,74.0,0.0,70.0,0.0,73.17666666666666,,,67.0,69.0,85.0,55.0,52.60000000000001,0.0
877,2025-02-06 13:15:00,64.98333333333333,4.229999999999997,0.0,9.5,115.49,63.57,0.0,73.99,100.0,74.0,0.0,70.0,0.0,73.41,,,67.0,69.0,85.0,55.0,51.06,0.0
878,2025-02-06 13:30:00,67.10000000000001,0.0,0.0,9.166666666666666,115.30333333333334,63.57,0.0,73.99,100.0,74.0,0.0,70.0,0.0,73.78333333333333,,,67.0,69.0,85.0,55.0,50.42,0.0
879,2025-02-06 13:45:00,64.27666666666666,2.119999999999997,0.0,9.0,114.81,63.57,0.0,73.99,92.59,74.0,0.0,70.0,0.0,74.3,,,67.0,69.0,85.0,55.0,50.0,0.0
880,2025-02-06 14:00:00,63.57,2.119999999999997,0.0,10.0,111.61,63.57,0.0,73.99,80.1,74.0,0.0,70.0,0.0,74.82,,,67.0,69.0,85.0,55.0,48.86,0.0
881,2025-02-06 14:15:00,63.57,0.0,0.0,10.25,101.98,63.57,0.0,73.99,67.0125,74.0,0.0,70.0,0.0,75.0025,,,67.0,69.0,85.0,55.0,35.56,0.0
882,2025-02-06 14:30:00,63.57,0.0,0.0,10.5,103.74,63.57,0.0,73.99,69.63333333333333,74.0,0.0,70.0,0.0,74.58,,,67.0,69.0,85.0,55.0,38.60000000000001,0.0
883,2025-02-06 14:45:00,65.69,0.0,0.0,10.375,102.305,63.57,0.0,73.99,69.5075,74.0,0.0,70.0,0.0,74.3575,,,67.0,69.0,85.0,55.0,38.38,0.0
884,2025-02-06 15:00:00,64.98,2.119999999999997,0.0,11.166666666666666,100.41333333333334,63.57,0.0,73.99,75.74333333333334,74.0,0.0,70.0,0.0,73.96333333333332,,,67.0,69.0,85.0,55.0,40.45,0.0
885,2025-02-06 15:15:00,65.69,4.229999999999997,0.0,9.5,105.44,63.57,0.0,73.99,79.66,74.0,0.0,70.0,0.0,73.81666666666666,,,67.0,69.0,85.0,55.0,41.42999999999999,0.0
886,2025-02-06 15:30:00,64.98333333333333,2.119999999999997,0.0,11.5,102.13333333333333,63.57,0.0,73.99,85.86666666666667,74.0,0.0,70.0,0.0,73.60333333333334,,,67.0,69.0,85.0,55.0,44.36000000000001,0.0
887,2025-02-06 15:45:00,65.69,2.119999999999997,0.0,10.166666666666666,105.43666666666668,63.57,0.0,73.99,96.39666666666666,74.0,0.0,70.0,0.0,73.28,,,67.0,69.0,85.0,55.0,47.81,0.0
888,2025-02-06 16:00:00,64.63,2.119999999999997,0.0,10.0,106.055,63.57,0.0,73.99,100.0,74.0,0.0,70.0,0.0,73.135,,,67.0,69.0,85.0,55.0,50.62,0.0
889,2025-02-06 16:15:00,65.16,2.119999999999997,0.0,9.625,106.1325,63.57,0.0,73.99,100.0,74.0,0.0,70.0,0.0,73.0775,,,67.0,69.0,85.0,55.0,50.53,0.0
890,2025-02-06 16:30:00,63.57,0.0,0.0,10.166666666666666,108.34,63.57,0.0,73.99,100.0,74.0,0.0,70.0,0.0,72.95666666666666,,,67.0,69.0,85.0,55.0,50.48,0.0
891,2025-02-06 16:45:00,64.27666666666666,0.0,0.0,9.0,114.39666666666666,63.57,0.0,73.99,100.0,74.0,0.0,70.0,0.0,73.28,,,67.0,69.0,85.0,55.0,48.22,0.0
892,2025-02-06 17:00:00,64.27666666666666,-2.119999999999997,0.0,8.333333333333334,113.51,63.57,0.0,73.99,95.67666666666666,74.0,0.0,70.0,0.0,74.17,,,67.0,69.0,85.0,55.0,49.22000000000001,0.0
893,2025-02-06 17:15:00,65.68666666666667,2.119999999999997,0.0,10.333333333333334,109.86,63.57,0.0,73.99,99.63333333333333,74.0,0.0,70.0,0.0,73.91666666666667,,,67.0,69.0,85.0,55.0,51.830000000000005,0.0
894,2025-02-06 17:30:00,66.39333333333333,4.229999999999997,0.0,8.833333333333334,111.06,63.57,0.0,73.99,84.57,74.0,0.0,70.0,0.0,74.66000000000001,,,67.0,69.0,85.0,55.0,47.620000000000005,0.0
895,2025-02-06 17:45:00,63.57,4.229999999999997,0.0,9.666666666666666,96.1,63.57,0.0,73.99,63.7,74.0,0.0,70.0,0.0,75.29333333333334,,,67.0,69.0,85.0,55.0,43.400000000000006,0.0
896,2025-02-06 18:00:00,64.27666666666666,2.119999999999997,0.0,8.833333333333334,90.64333333333332,63.57,0.0,73.99,53.51333333333333,74.0,0.0,70.0,0.0,75.27333333333333,,,67.0,69.0,85.0,55.0,30.28,0.0
897,2025-02-06 18:15:00,64.27666666666666,-2.119999999999997,0.0,10.166666666666666,87.64999999999999,63.57,0.0,73.99,50.43,74.0,0.0,70.0,0.0,75.06333333333333,,,67.0,69.0,85.0,55.0,30.50999999999999,0.0
898,2025-02-06 18:30:00,65.69,2.119999999999997,0.0,8.333333333333334,80.48333333333333,63.57,0.0,73.99,38.26,74.0,0.0,70.0,0.0,75.17,,,67.0,69.0,85.0,55.0,20.14999999999999,0.0
899,2025-02-06 18:45:00,63.57,2.119999999999997,0.0,10.166666666666666,86.33333333333333,63.57,0.0,73.99,51.88666666666666,74.0,0.0,70.0,0.0,74.25333333333333,,,67.0,69.0,85.0,55.0,20.639999999999997,0.0
900,2025-02-06 19:00:00,64.98333333333333,2.119999999999997,0.0,8.333333333333334,88.39,63.57,0.0,73.99,51.43333333333334,74.0,0.0,70.0,0.0,74.20333333333333,,,67.0,69.0,85.0,55.0,26.010000000000005,0.0
901,2025-02-06 19:15:00,64.27666666666666,0.0,0.0,10.0,91.95,63.57,0.0,73.99,55.473333333333336,74.0,0.0,70.0,0.0,73.96666666666667,,,67.0,69.0,85.0,55.0,26.960000000000008,0.0
902,2025-02-06 19:30:00,64.98333333333333,0.0,0.0,8.5,95.31,63.57,0.0,73.99,57.24,74.0,0.0,70.0,0.0,73.89666666666666,,,67.0,69.0,85.0,55.0,27.91,0.0
903,2025-02-06 19:45:00,64.98,0.0,0.0,8.5,98.43666666666668,63.57,0.0,73.99,61.32333333333333,74.0,0.0,70.0,0.0,73.75666666666666,,,67.0,69.0,85.0,55.0,30.66,0.0
904,2025-02-06 20:00:00,62.86333333333334,0.0,0.0,9.0,100.91,63.57,0.0,73.99,65.11666666666667,74.0,0.0,70.0,0.0,73.68333333333334,,,67.0,69.0,85.0,55.0,33.77,0.0
905,2025-02-06 20:15:00,63.57,-4.240000000000002,0.0,10.166666666666666,97.77333333333333,63.57,0.0,73.99,69.46333333333332,74.0,0.0,70.0,0.0,73.57333333333334,,,67.0,69.0,85.0,55.0,36.870000000000005,0.0
906,2025-02-06 20:30:00,65.69,0.0,0.0,8.666666666666666,104.66666666666669,63.57,0.0,73.99,74.55,74.0,0.0,70.0,0.0,73.51666666666667,,,67.0,69.0,85.0,55.0,37.78999999999999,0.0
907,2025-02-06 20:45:00,65.68666666666667,2.119999999999997,0.0,9.833333333333334,102.36333333333334,63.57,0.0,73.99,77.82333333333334,74.0,0.0,70.0,0.0,73.53,,,67.0,69.0,85.0,55.0,41.92,0.0
908,2025-02-06 21:00:00,63.56999999999999,4.229999999999997,0.0,8.666666666666666,105.78666666666668,63.57,0.0,73.99,80.78666666666668,74.0,0.0,70.0,0.0,73.55333333333333,,,67.0,69.0,85.0,55.0,40.81,0.0
909,2025-02-06 21:15:00,64.27333333333333,-2.119999999999997,0.0,9.833333333333334,108.35,63.57,0.0,73.99,81.84666666666668,74.0,0.0,70.0,0.0,73.66333333333334,,,67.0,69.0,85.0,55.0,45.09,0.0
910,2025-02-06 21:30:00,62.86333333333334,0.0,0.0,9.166666666666666,101.21,63.57,0.0,73.99,77.10666666666667,74.0,0.0,70.0,0.0,73.95333333333333,,,67.0,69.0,85.0,55.0,42.14,0.0
911,2025-02-06 21:45:00,65.69,0.0,0.0,9.166666666666666,107.85333333333334,63.57,0.0,73.99,79.52,74.0,0.0,70.0,0.0,73.87333333333333,,,67.0,69.0,85.0,55.0,40.96,0.0
912,2025-02-06 22:00:00,62.86333333333334,2.119999999999997,0.0,10.166666666666666,103.87,63.57,0.0,73.99,81.83,74.0,0.0,70.0,0.0,73.79,,,67.0,69.0,85.0,55.0,43.2,0.0
913,2025-02-06 22:15:00,64.98333333333333,0.0,0.0,9.0,111.54666666666668,63.57,0.0,73.99,88.31,74.0,0.0,70.0,0.0,73.61,,,67.0,69.0,85.0,55.0,44.11,0.0
914,2025-02-06 22:30:00,63.57,0.0,0.0,9.0,112.42333333333332,63.57,0.0,73.99,89.62,74.0,0.0,70.0,0.0,73.67666666666666,,,67.0,69.0,85.0,55.0,45.78999999999999,0.0
915,2025-02-06 22:45:00,62.156666666666666,0.0,0.0,9.666666666666666,113.05333333333331,63.57,0.0,73.99,91.92,74.0,0.0,70.0,0.0,73.67,,,67.0,69.0,85.0,55.0,47.55,0.0
916,2025-02-06 23:00:00,64.27666666666666,-4.240000000000002,0.0,10.5,113.45666666666666,63.57,0.0,73.99,94.57666666666668,74.0,0.0,70.0,0.0,73.66333333333334,,,67.0,69.0,85.0,55.0,48.790000000000006,0.0
917,2025-02-06 23:15:00,66.39333333333333,0.0,0.0,11.0,113.15333333333336,63.57,0.0,73.99,96.93333333333334,74.0,0.0,70.0,0.0,73.67,,,67.0,69.0,85.0,55.0,48.71000000000001,0.0
918,2025-02-06 23:30:00,64.63,4.229999999999997,0.0,11.0,112.935,63.57,0.0,73.99,99.44,74.0,0.0,70.0,0.0,73.6,,,67.0,69.0,85.0,55.0,48.67,0.0
919,2025-02-06 23:45:00,64.98,0.0,0.0,10.833333333333334,113.00333333333332,63.57,0.0,73.99,100.0,74.0,0.0,70.0,0.0,73.46666666666665,,,67.0,69.0,85.0,55.0,48.53,0.0
920,2025-02-07 00:00:00,64.27666666666666,0.0,0.0,11.0,112.37666666666668,63.57,0.0,73.99,100.0,74.0,0.0,70.0,0.0,73.24,,,67.0,69.0,85.0,55.0,49.01,0.0
921,2025-02-07 00:15:00,64.98333333333333,2.119999999999997,0.0,11.166666666666666,111.85333333333334,63.57,0.0,73.99,100.0,74.0,0.0,70.0,0.0,73.16333333333334,,,67.0,69.0,85.0,55.0,49.02,0.0
922,2025-02-07 00:30:00,64.27666666666666,2.119999999999997,0.0,11.5,111.73,63.57,0.0,73.99,100.0,74.0,0.0,70.0,0.0,73.02333333333333,,,67.0,69.0,85.0,55.0,49.63999999999999,0.0
923,2025-02-07 00:45:00,64.98333333333333,2.119999999999997,0.0,12.0,112.15,63.57,0.0,73.99,100.0,74.0,0.0,70.0,0.0,72.94333333333334,,,67.0,69.0,85.0,55.0,49.99999999999999,0.0
924,2025-02-07 01:00:00,64.98333333333333,2.119999999999997,0.0,12.5,112.52666666666666,63.57,0.0,73.99,100.0,74.0,0.0,70.0,0.0,72.91,,,67.0,69.0,85.0,55.0,50.02,0.0
925,2025-02-07 01:15:00,64.27666666666666,2.119999999999997,0.0,12.833333333333334,112.85666666666668,63.57,0.0,73.99,100.0,74.0,0.0,70.0,0.0,72.94333333333334,,,67.0,69.0,85.0,55.0,50.88,0.0
926,2025-02-07 01:30:00,64.98333333333333,2.119999999999997,0.0,12.666666666666666,113.14,63.57,0.0,73.99,100.0,74.0,0.0,70.0,0.0,72.95,,,67.0,69.0,85.0,55.0,51.16,0.0
927,2025-02-07 01:45:00,66.39,2.119999999999997,0.0,13.166666666666666,113.04,63.57,0.0,73.99,100.0,74.0,0.0,70.0,0.0,72.95,,,67.0,69.0,85.0,55.0,51.36,0.0
928,2025-02-07 02:00:00,64.98333333333333,0.0,0.0,13.5,113.54666666666668,63.57,0.0,73.99,100.0,74.0,0.0,70.0,0.0,72.95,,,67.0,69.0,85.0,55.0,51.75,0.0
929,2025-02-07 02:15:00,63.57,2.119999999999997,0.0,13.5,113.62666666666668,63.57,0.0,73.99,100.0,74.0,0.0,70.0,0.0,72.95,,,67.0,69.0,85.0,55.0,51.91,0.0
930,2025-02-07 02:30:00,64.27666666666666,2.119999999999997,0.0,14.0,113.78333333333336,63.57,0.0,73.99,100.0,74.0,0.0,70.0,0.0,72.95,,,67.0,69.0,85.0,55.0,52.43,0.0
931,2025-02-07 02:45:00,64.27666666666666,0.0,0.0,14.0,114.00333333333332,63.57,0.0,73.99,100.0,74.0,0.0,70.0,0.0,73.06,,,67.0,69.0,85.0,55.0,52.66,0.0
932,2025-02-07 03:00:00,64.98333333333333,0.0,0.0,13.666666666666666,114.32666666666668,63.57,0.0,73.99,100.0,74.0,0.0,70.0,0.0,73.22666666666667,,,67.0,69.0,85.0,55.0,52.55,0.0
933,2025-02-07 03:15:00,62.86333333333334,2.119999999999997,0.0,13.166666666666666,114.66333333333334,63.57,0.0,73.99,100.0,74.0,0.0,70.0,0.0,73.26666666666667,,,67.0,69.0,85.0,55.0,52.790000000000006,0.0
934,2025-02-07 03:30:00,64.27666666666666,0.0,0.0,14.5,114.75666666666666,63.57,0.0,73.99,100.0,74.0,0.0,70.0,0.0,73.35,,,67.0,69.0,85.0,55.0,53.22,0.0
935,2025-02-07 03:45:00,66.39333333333333,0.0,0.0,14.333333333333334,114.39666666666666,63.57,0.0,73.99,100.0,74.0,0.0,70.0,0.0,73.34666666666666,,,67.0,69.0,85.0,55.0,53.34,0.0
936,2025-02-07 04:00:00,65.68666666666667,2.119999999999997,0.0,14.5,114.32666666666668,63.57,0.0,73.99,100.0,74.0,0.0,70.0,0.0,73.36,,,67.0,69.0,85.0,55.0,53.75,0.0
937,2025-02-07 04:15:00,62.86333333333334,0.0,0.0,14.166666666666666,114.25333333333332,63.57,0.0,73.99,100.0,74.0,0.0,70.0,0.0,73.35666666666667,,,67.0,69.0,85.0,55.0,53.16,0.0
938,2025-02-07 04:30:00,64.98,-2.119999999999997,0.0,14.833333333333334,114.35,63.57,0.0,73.99,100.0,74.0,0.0,70.0,0.0,73.28,,,67.0,69.0,85.0,55.0,53.84,0.0
939,2025-02-07 04:45:00,64.27666666666666,0.0,0.0,15.333333333333334,114.84,63.57,0.0,73.99,100.0,74.0,0.0,70.0,0.0,73.34333333333332,,,67.0,69.0,85.0,55.0,53.71000000000001,0.0
940,2025-02-07 05:00:00,64.27666666666666,0.0,0.0,14.666666666666666,114.9,63.57,0.0,73.99,100.0,74.0,0.0,70.0,0.0,73.36666666666666,,,67.0,69.0,85.0,55.0,54.76,0.0
941,2025-02-07 05:15:00,65.68666666666667,0.0,0.0,14.5,114.84666666666664,63.57,0.0,73.99,100.0,74.0,0.0,70.0,0.0,73.38,,,67.0,69.0,85.0,55.0,54.66,0.0
942,2025-02-07 05:30:00,63.57,4.229999999999997,0.0,14.166666666666666,114.63,63.57,0.0,73.99,100.0,74.0,0.0,70.0,0.0,73.38,,,67.0,69.0,85.0,55.0,54.43000000000001,0.0
943,2025-02-07 05:45:00,64.27666666666666,0.0,0.0,14.333333333333334,114.54666666666668,63.57,0.0,73.99,100.0,74.0,0.0,70.0,0.0,73.37333333333333,,,67.0,69.0,85.0,55.0,54.45,0.0
944,2025-02-07 06:00:00,64.27666666666666,-2.119999999999997,0.0,15.166666666666666,114.62666666666668,63.57,0.0,73.99,100.0,74.0,0.0,70.0,0.0,73.38,,,67.0,69.0,85.0,55.0,54.43,0.0
945,2025-02-07 06:15:00,65.68666666666667,2.119999999999997,0.0,14.0,114.13333333333333,63.57,0.0,73.99,100.0,74.0,0.0,70.0,0.0,73.39999999999999,,,67.0,69.0,85.0,55.0,54.05,0.0
946,2025-02-07 06:30:00,64.27666666666666,4.229999999999997,0.0,14.166666666666666,114.4,63.57,0.0,73.99,100.0,74.0,0.0,70.0,0.0,73.39333333333333,,,67.0,69.0,85.0,55.0,53.790000000000006,0.0
947,2025-02-07 06:45:00,64.98333333333333,0.0,0.0,15.166666666666666,114.25333333333332,63.57,0.0,73.99,100.0,74.0,0.0,70.0,0.0,73.37333333333333,,,67.0,69.0,85.0,55.0,53.870000000000005,0.0
948,2025-02-07 07:00:00,63.57,2.119999999999997,0.0,14.0,114.04,63.57,0.0,73.99,100.0,74.0,0.0,70.0,0.0,73.42,,,67.0,69.0,85.0,55.0,53.67,0.0
949,2025-02-07 07:15:00,64.98333333333333,-2.119999999999997,0.0,14.833333333333334,114.06,63.57,0.0,73.99,100.0,74.0,0.0,70.0,0.0,73.39333333333333,,,67.0,69.0,85.0,55.0,54.41,0.0
950,2025-02-07 07:30:00,64.27666666666666,0.0,0.0,14.5,114.35333333333334,63.57,0.0,73.99,100.0,74.0,0.0,70.0,0.0,73.38,,,67.0,69.0,85.0,55.0,53.94,0.0
951,2025-02-07 07:45:00,64.98333333333333,2.119999999999997,0.0,14.166666666666666,113.76333333333332,63.57,0.0,73.99,100.0,74.0,0.0,70.0,0.0,73.38,,,67.0,69.0,85.0,55.0,54.35,0.0
952,2025-02-07 08:00:00,65.68666666666667,0.0,0.0,13.666666666666666,113.62666666666668,63.57,0.0,73.99,100.0,74.0,0.0,70.0,0.0,73.38,,,67.0,69.0,85.0,55.0,54.24999999999999,0.0
953,2025-02-07 08:15:00,64.63,2.119999999999997,0.0,13.5,113.29,63.57,0.0,73.99,100.0,74.0,0.0,70.0,0.0,73.39,,,67.0,69.0,85.0,55.0,54.05,0.0
954,2025-02-07 08:30:00,64.6275,0.0,0.0,15.25,113.915,63.57,0.0,73.99,100.0,74.0,0.0,70.0,0.0,73.375,,,67.0,69.0,85.0,55.0,54.21999999999999,0.0
955,2025-02-07 08:45:00,63.56999999999999,2.119999999999997,0.0,14.166666666666666,113.50666666666666,63.57,0.0,73.99,100.0,74.0,0.0,70.0,0.0,73.38,,,67.0,69.0,85.0,55.0,54.4,0.0
956,2025-02-07 09:00:00,64.27666666666666,-2.119999999999997,0.0,13.833333333333334,113.41333333333334,63.57,0.0,73.99,100.0,74.0,0.0,70.0,0.0,73.37333333333333,,,67.0,69.0,85.0,55.0,54.23,0.0
957,2025-02-07 09:15:00,64.98,2.119999999999997,0.0,14.0,113.29,63.57,0.0,73.99,100.0,74.0,0.0,70.0,0.0,73.36666666666666,,,67.0,69.0,85.0,55.0,53.88,0.0
958,2025-02-07 09:30:00,66.39333333333333,4.229999999999997,0.0,13.5,112.94,63.57,0.0,73.99,100.0,74.0,0.0,70.0,0.0,73.38,,,67.0,69.0,85.0,55.0,54.1,0.0
959,2025-02-07 09:45:00,64.98333333333333,2.119999999999997,0.0,13.833333333333334,113.02666666666666,63.57,0.0,73.99,100.0,74.0,0.0,70.0,0.0,73.38,,,67.0,69.0,85.0,55.0,53.63,0.0
960,2025-02-07 10:00:00,66.39,2.119999999999997,0.0,14.666666666666666,113.18666666666668,63.57,0.0,73.99,100.0,74.0,0.0,70.0,0.0,73.38,,,67.0,69.0,85.0,55.0,54.31,0.0
961,2025-02-07 10:15:00,63.57,0.0,0.0,13.5,112.91666666666669,63.57,0.0,73.99,100.0,74.0,0.0,70.0,0.0,73.38,,,67.0,69.0,85.0,55.0,53.78,0.0
962,2025-02-07 10:30:00,65.69,-2.119999999999997,0.0,13.666666666666666,112.44,63.57,0.0,73.99,100.0,74.0,0.0,70.0,0.0,73.45,,,67.0,69.0,85.0,55.0,54.22,0.0
963,2025-02-07 10:45:00,62.86333333333334,2.119999999999997,0.0,14.166666666666666,112.59,63.57,0.0,73.99,100.0,74.0,0.0,70.0,0.0,73.41666666666667,,,67.0,69.0,85.0,55.0,53.15,0.0
964,2025-02-07 11:00:00,65.69,0.0,0.0,13.666666666666666,111.84333333333332,63.57,0.0,73.99,100.0,74.0,0.0,70.0,0.0,73.49,,,67.0,69.0,85.0,55.0,53.43,0.0
965,2025-02-07 11:15:00,64.98,2.119999999999997,0.0,13.5,111.96666666666664,63.57,0.0,73.99,100.0,74.0,0.0,70.0,0.0,73.50333333333333,,,67.0,69.0,85.0,55.0,52.72,0.0
966,2025-02-07 11:30:00,64.98333333333333,4.229999999999997,0.0,14.833333333333334,112.26333333333334,63.57,0.0,73.99,100.0,74.0,0.0,70.0,0.0,73.51666666666667,,,67.0,69.0,85.0,55.0,52.96,0.0
967,2025-02-07 11:45:00,63.57,2.119999999999997,0.0,13.666666666666666,111.8,63.57,0.0,73.99,100.0,74.0,0.0,70.0,0.0,73.50333333333333,,,67.0,69.0,85.0,55.0,53.62,0.0
968,2025-02-07 12:00:00,64.27666666666666,0.0,0.0,14.833333333333334,112.42333333333332,63.57,0.0,73.99,100.0,74.0,0.0,70.0,0.0,73.49666666666667,,,67.0,69.0,85.0,55.0,53.47,0.0
969,2025-02-07 12:15:00,64.27666666666666,0.0,0.0,13.5,112.16,63.57,0.0,73.99,100.0,74.0,0.0,70.0,0.0,73.53,,,67.0,69.0,85.0,55.0,53.67,0.0
970,2025-02-07 12:30:00,64.98,0.0,0.0,13.5,111.90666666666668,63.57,0.0,73.99,100.0,74.0,0.0,70.0,0.0,73.53,,,67.0,69.0,85.0,55.0,53.49,0.0
971,2025-02-07 12:45:00,64.27666666666666,2.119999999999997,0.0,14.0,112.11,63.57,0.0,73.99,100.0,74.0,0.0,70.0,0.0,73.52333333333333,,,67.0,69.0,85.0,55.0,53.74999999999999,0.0
972,2025-02-07 13:00:00,64.27666666666666,2.119999999999997,0.0,14.5,112.04333333333334,63.57,0.0,73.99,100.0,74.0,0.0,70.0,0.0,73.49666666666667,,,67.0,69.0,85.0,55.0,53.67,0.0
973,2025-02-07 13:15:00,64.27666666666666,0.0,0.0,14.0,112.18,63.57,0.0,73.99,100.0,74.0,0.0,70.0,0.0,73.51,,,67.0,69.0,85.0,55.0,53.31,0.0
974,2025-02-07 13:30:00,64.98333333333333,-2.119999999999997,0.0,13.666666666666666,111.97666666666667,63.57,0.0,73.99,100.0,74.0,0.0,70.0,0.0,73.53,,,67.0,69.0,85.0,55.0,53.94,0.0
975,2025-02-07 13:45:00,66.39333333333333,0.0,0.0,13.0,111.74,63.57,0.0,73.99,94.81666666666666,74.0,0.0,70.0,0.0,74.09333333333333,,,67.0,69.0,85.0,55.0,53.28999999999999,0.0
976,2025-02-07 14:00:00,64.98,4.229999999999997,0.0,12.666666666666666,107.54666666666668,63.57,0.0,73.99,83.39999999999999,74.0,0.0,70.0,0.0,74.60666666666667,,,67.0,69.0,85.0,55.0,51.69,0.0
977,2025-02-07 14:15:00,64.98333333333333,2.119999999999997,0.0,13.166666666666666,110.06,63.57,0.0,73.99,88.10333333333334,74.0,0.0,70.0,0.0,74.24000000000001,,,67.0,69.0,85.0,55.0,48.68,0.0
978,2025-02-07 14:30:00,63.57,0.0,0.0,12.5,110.93666666666668,63.57,0.0,73.99,90.84,74.0,0.0,70.0,0.0,74.02666666666666,,,67.0,69.0,85.0,55.0,50.16,0.0
979,2025-02-07 14:45:00,64.98333333333333,0.0,0.0,13.5,111.32,63.57,0.0,73.99,90.57666666666668,74.0,0.0,70.0,0.0,74.02333333333333,,,67.0,69.0,85.0,55.0,51.0,0.0
980,2025-02-07 15:00:00,65.69,2.119999999999997,0.0,13.5,111.68666666666668,63.57,0.0,73.99,90.8,74.0,0.0,70.0,0.0,74.03,,,67.0,69.0,85.0,55.0,51.1,0.0
981,2025-02-07 15:15:00,64.98333333333333,2.119999999999997,0.0,13.0,110.25,63.57,0.0,73.99,87.98666666666668,74.0,0.0,70.0,0.0,74.12666666666667,,,67.0,69.0,85.0,55.0,49.86999999999999,0.0
982,2025-02-07 15:30:00,64.98333333333333,0.0,0.0,13.333333333333334,110.26333333333332,63.57,0.0,73.99,87.07,74.0,0.0,70.0,0.0,74.10666666666667,,,67.0,69.0,85.0,55.0,49.06,0.0
983,2025-02-07 15:45:00,64.98,0.0,0.0,12.5,111.29,63.57,0.0,73.99,89.58333333333333,74.0,0.0,70.0,0.0,73.97333333333334,,,67.0,69.0,85.0,55.0,49.01,0.0
984,2025-02-07 16:00:00,64.98333333333333,0.0,0.0,13.5,111.08333333333331,63.57,0.0,73.99,88.48666666666668,74.0,0.0,70.0,0.0,74.04333333333334,,,67.0,69.0,85.0,55.0,50.28,0.0
985,2025-02-07 16:15:00,63.57,2.119999999999997,0.0,12.5,110.66666666666669,63.57,0.0,73.99,87.30666666666666,74.0,0.0,70.0,0.0,74.05333333333333,,,67.0,69.0,85.0,55.0,48.75,0.0
986,2025-02-07 16:30:00,64.27666666666666,-2.119999999999997,0.0,12.666666666666666,111.09,63.57,0.0,73.99,89.15666666666668,74.0,0.0,70.0,0.0,73.96,,,67.0,69.0,85.0,55.0,49.78,0.0
987,2025-02-07 16:45:00,63.57,2.119999999999997,0.0,12.0,110.70666666666666,63.57,0.0,73.99,87.54333333333334,74.0,0.0,70.0,0.0,74.03333333333333,,,67.0,69.0,85.0,55.0,49.010000000000005,0.0
988,2025-02-07 17:00:00,64.98333333333333,0.0,0.0,12.166666666666666,103.50666666666666,63.57,0.0,73.99,69.13333333333334,74.0,0.0,70.0,0.0,74.84666666666666,,,67.0,69.0,85.0,55.0,47.97,0.0
989,2025-02-07 17:15:00,64.98333333333333,2.119999999999997,0.0,11.666666666666666,89.10333333333334,63.57,0.0,73.99,47.620000000000005,74.0,0.0,70.0,0.0,75.45333333333333,,,67.0,69.0,85.0,55.0,36.38,0.0
990,2025-02-07 17:30:00,62.86333333333334,2.119999999999997,0.0,11.5,85.45333333333333,63.57,0.0,73.99,44.81999999999999,74.0,0.0,70.0,0.0,75.08333333333333,,,67.0,69.0,85.0,55.0,21.72,0.0
991,2025-02-07 17:45:00,63.56999999999999,-2.119999999999997,0.0,11.5,77.13,63.57,0.0,73.99,31.45,74.0,0.0,70.0,0.0,75.30333333333334,,,67.0,69.0,85.0,55.0,21.05,0.0
992,2025-02-07 18:00:00,65.68666666666667,-2.119999999999997,0.0,11.5,73.84666666666668,63.57,0.0,73.99,25.986666666666665,74.0,0.0,70.0,0.0,75.12666666666667,,,67.0,69.0,85.0,55.0,12.64,0.0
993,2025-02-07 18:15:00,65.69,4.229999999999997,0.0,11.166666666666666,72.39,63.57,0.0,73.99,22.50333333333333,74.0,0.0,70.0,0.0,74.91333333333334,,,67.0,69.0,85.0,55.0,9.610000000000008,0.0
994,2025-02-07 18:30:00,64.27666666666666,2.119999999999997,0.0,11.333333333333334,70.49333333333333,63.57,0.0,73.99,17.426666666666666,74.0,0.0,70.0,0.0,74.83333333333333,,,67.0,69.0,85.0,55.0,8.769999999999996,0.0
995,2025-02-07 18:45:00,67.09666666666666,0.0,0.0,11.833333333333334,69.68666666666667,63.57,0.0,73.99,16.13,74.0,0.0,70.0,0.0,74.62333333333333,,,67.0,69.0,85.0,55.0,6.059999999999995,0.0
996,2025-02-07 19:00:00,64.27666666666666,2.119999999999997,0.0,10.333333333333334,69.83,63.57,0.0,73.99,16.766666666666666,74.0,0.0,70.0,0.0,74.40333333333334,,,67.0,69.0,85.0,55.0,6.119999999999997,0.0
997,2025-02-07 19:15:00,65.68666666666667,2.119999999999997,0.0,10.0,69.56,63.57,0.0,73.99,15.896666666666668,74.0,0.0,70.0,0.0,74.31666666666668,,,67.0,69.0,85.0,55.0,5.689999999999998,0.0
998,2025-02-07 19:30:00,64.27666666666666,4.229999999999997,0.0,9.833333333333334,68.27666666666667,63.57,0.0,73.99,14.243333333333334,74.0,0.0,70.0,0.0,74.25666666666667,,,67.0,69.0,85.0,55.0,4.759999999999998,0.0
999,2025-02-07 19:45:00,64.98,0.0,0.0,9.333333333333334,70.47000000000001,63.57,0.0,73.99,19.023333333333333,74.0,0.0,70.0,0.0,73.98333333333333,,,67.0,69.0,85.0,55.0,5.230000000000004,0.0
1000,2025-02-07 20:00:00,62.86333333333334,4.229999999999997,0.0,9.0,72.76333333333334,63.57,0.0,73.99,24.00333333333333,74.0,0.0,70.0,0.0,73.78333333333333,,,67.0,69.0,85.0,55.0,7.13000000000001,0.0
1001,2025-02-07 20:15:00,65.68666666666667,-2.119999999999997,0.0,9.0,72.78333333333333,63.57,0.0,73.99,24.166666666666668,74.0,0.0,70.0,0.0,73.84,,,67.0,69.0,85.0,55.0,9.350000000000009,0.0
1002,2025-02-07 20:30:00,64.27666666666666,4.229999999999997,0.0,9.333333333333334,73.14333333333333,63.57,0.0,73.99,25.74,74.0,0.0,70.0,0.0,73.83,,,67.0,69.0,85.0,55.0,9.11,0.0
1003,2025-02-07 20:45:00,64.27666666666666,2.119999999999997,0.0,9.833333333333334,72.89,63.57,0.0,73.99,25.03,74.0,0.0,70.0,0.0,73.89999999999999,,,67.0,69.0,85.0,55.0,9.839999999999996,0.0
1004,2025-02-07 21:00:00,64.98333333333333,2.119999999999997,0.0,10.333333333333334,76.58666666666666,63.57,0.0,73.99,32.54666666666667,74.0,0.0,70.0,0.0,73.61666666666667,,,67.0,69.0,85.0,55.0,10.4,0.0
1005,2025-02-07 21:15:00,63.57,0.0,0.0,10.0,80.13333333333334,63.57,0.0,73.99,38.38,74.0,0.0,70.0,0.0,73.50666666666666,,,67.0,69.0,85.0,55.0,14.580000000000004,0.0
1006,2025-02-07 21:30:00,64.27666666666666,0.0,0.0,10.333333333333334,82.65666666666667,63.57,0.0,73.99,42.833333333333336,74.0,0.0,70.0,0.0,73.46,,,67.0,69.0,85.0,55.0,17.000000000000007,0.0
1007,2025-02-07 21:45:00,64.27666666666666,0.0,0.0,10.666666666666666,90.5,63.57,0.0,73.99,53.77,74.0,0.0,70.0,0.0,73.16000000000001,,,67.0,69.0,85.0,55.0,21.53,0.0
1008,2025-02-07 22:00:00,62.86333333333334,2.119999999999997,0.0,11.0,97.92333333333332,63.57,0.0,73.99,64.69333333333333,74.0,0.0,70.0,0.0,72.98,,,67.0,69.0,85.0,55.0,30.05,0.0
1009,2025-02-07 22:15:00,62.86333333333334,0.0,0.0,11.0,103.19666666666669,63.57,0.0,73.99,73.33999999999999,74.0,0.0,70.0,0.0,72.94333333333334,,,67.0,69.0,85.0,55.0,36.49,0.0
1010,2025-02-07 22:30:00,65.68333333333334,0.0,0.0,11.166666666666666,106.46,63.57,0.0,73.99,77.79,74.0,0.0,70.0,0.0,73.08,,,67.0,69.0,85.0,55.0,41.00000000000001,0.0
1011,2025-02-07 22:45:00,64.27666666666666,4.229999999999997,0.0,11.666666666666666,97.03,63.57,0.0,73.99,60.51,74.0,0.0,70.0,0.0,74.10333333333334,,,67.0,69.0,85.0,55.0,42.39999999999999,0.0
1012,2025-02-07 23:00:00,64.98333333333333,2.119999999999997,0.0,10.666666666666666,100.83,63.57,0.0,73.99,71.58,74.0,0.0,70.0,0.0,73.59666666666668,,,67.0,69.0,85.0,55.0,30.54,0.0
1013,2025-02-07 23:15:00,63.57,0.0,0.0,10.5,106.56333333333332,63.57,0.0,73.99,80.07333333333334,74.0,0.0,70.0,0.0,73.35666666666667,,,67.0,69.0,85.0,55.0,40.46999999999999,0.0
1014,2025-02-07 23:30:00,64.27666666666666,-2.119999999999997,0.0,11.166666666666666,108.44,63.57,0.0,73.99,84.43666666666667,74.0,0.0,70.0,0.0,73.37333333333333,,,67.0,69.0,85.0,55.0,44.150000000000006,0.0
1015,2025-02-07 23:45:00,64.98333333333333,0.0,0.0,11.833333333333334,110.28,63.57,0.0,73.99,89.64999999999999,74.0,0.0,70.0,0.0,73.36,,,67.0,69.0,85.0,55.0,45.8,0.0
1016,2025-02-08 00:00:00,65.69,2.119999999999997,0.0,11.666666666666666,111.78333333333336,63.57,0.0,73.99,94.08,74.0,0.0,70.0,0.0,73.36,,,67.0,69.0,85.0,55.0,47.50999999999999,0.0
1017,2025-02-08 00:15:00,63.57,2.119999999999997,0.0,12.0,112.11333333333334,63.57,0.0,73.99,98.72333333333334,74.0,0.0,70.0,0.0,73.36,,,67.0,69.0,85.0,55.0,48.96,0.0
1018,2025-02-08 00:30:00,65.69,0.0,0.0,11.5,111.80666666666669,63.57,0.0,73.99,100.0,74.0,0.0,70.0,0.0,73.38,,,67.0,69.0,85.0,55.0,49.24,0.0
1019,2025-02-08 00:45:00,64.98,2.119999999999997,0.0,12.0,112.22666666666667,63.57,0.0,73.99,100.0,74.0,0.0,70.0,0.0,73.36999999999999,,,67.0,69.0,85.0,55.0,49.220000000000006,0.0
1020,2025-02-08 01:00:00,64.27666666666666,4.229999999999997,0.0,12.5,112.93333333333334,63.57,0.0,73.99,100.0,74.0,0.0,70.0,0.0,73.44,,,67.0,69.0,85.0,55.0,49.67999999999999,0.0
1021,2025-02-08 01:15:00,63.57,0.0,0.0,12.666666666666666,113.08333333333331,63.57,0.0,73.99,100.0,74.0,0.0,70.0,0.0,73.51,,,67.0,69.0,85.0,55.0,50.31,0.0
1022,2025-02-08 01:30:00,64.98,0.0,0.0,12.5,113.41,63.57,0.0,73.99,100.0,74.0,0.0,70.0,0.0,73.56333333333333,,,67.0,69.0,85.0,55.0,50.39999999999999,0.0
1023,2025-02-08 01:45:00,64.27666666666666,0.0,0.0,12.833333333333334,113.43,63.57,0.0,73.99,100.0,74.0,0.0,70.0,0.0,73.66333333333334,,,67.0,69.0,85.0,55.0,51.15,0.0
1024,2025-02-08 02:00:00,64.27666666666666,0.0,0.0,13.166666666666666,113.74333333333334,63.57,0.0,73.99,100.0,74.0,0.0,70.0,0.0,73.67,,,67.0,69.0,85.0,55.0,51.09,0.0
1025,2025-02-08 02:15:00,62.86333333333334,0.0,0.0,13.5,113.81666666666666,63.57,0.0,73.99,100.0,74.0,0.0,70.0,0.0,73.67,,,67.0,69.0,85.0,55.0,51.42,0.0
1026,2025-02-08 02:30:00,64.27666666666666,2.119999999999997,0.0,13.5,113.73,63.57,0.0,73.99,100.0,74.0,0.0,70.0,0.0,73.67,,,67.0,69.0,85.0,55.0,51.49,0.0
1027,2025-02-08 02:45:00,66.39,2.119999999999997,0.0,13.0,114.20666666666666,63.57,0.0,73.99,100.0,74.0,0.0,70.0,0.0,73.75333333333333,,,67.0,69.0,85.0,55.0,51.16,0.0
1028,2025-02-08 03:00:00,63.57,0.0,0.0,12.666666666666666,114.13666666666668,63.57,0.0,73.99,100.0,74.0,0.0,70.0,0.0,73.79333333333334,,,67.0,69.0,85.0,55.0,51.42999999999999,0.0
1029,2025-02-08 03:15:00,64.98333333333333,0.0,0.0,13.5,114.06333333333332,63.57,0.0,73.99,100.0,74.0,0.0,70.0,0.0,73.82333333333334,,,67.0,69.0,85.0,55.0,51.96000000000001,0.0
1030,2025-02-08 03:30:00,65.69,2.119999999999997,0.0,13.333333333333334,114.03000000000002,63.57,0.0,73.99,100.0,74.0,0.0,70.0,0.0,73.83,,,67.0,69.0,85.0,55.0,51.7,0.0
1031,2025-02-08 03:45:00,64.27666666666666,2.119999999999997,0.0,12.5,114.08333333333331,63.57,0.0,73.99,100.0,74.0,0.0,70.0,0.0,73.83,,,67.0,69.0,85.0,55.0,51.48,0.0
1032,2025-02-08 04:00:00,63.57,0.0,0.0,13.0,114.08,63.57,0.0,73.99,100.0,74.0,0.0,70.0,0.0,73.93333333333334,,,67.0,69.0,85.0,55.0,51.53,0.0
1033,2025-02-08 04:15:00,64.27666666666666,0.0,0.0,12.833333333333334,113.93666666666668,63.57,0.0,73.99,100.0,74.0,0.0,70.0,0.0,73.96666666666665,,,67.0,69.0,85.0,55.0,51.37,0.0
1034,2025-02-08 04:30:00,64.98333333333333,0.0,0.0,12.333333333333334,113.47333333333334,63.57,0.0,73.99,100.0,74.0,0.0,70.0,0.0,73.96666666666665,,,67.0,69.0,85.0,55.0,51.42000000000001,0.0
1035,2025-02-08 04:45:00,64.98333333333333,2.119999999999997,0.0,12.5,113.37333333333332,63.57,0.0,73.99,100.0,74.0,0.0,70.0,0.0,73.97333333333334,,,67.0,69.0,85.0,55.0,51.98,0.0
1036,2025-02-08 05:00:00,64.98333333333333,2.119999999999997,0.0,12.333333333333334,113.22333333333334,63.57,0.0,73.99,100.0,74.0,0.0,70.0,0.0,73.96666666666665,,,67.0,69.0,85.0,55.0,51.68,0.0
1037,2025-02-08 05:15:00,64.27666666666666,0.0,0.0,13.5,113.02666666666666,63.57,0.0,73.99,100.0,74.0,0.0,70.0,0.0,73.97333333333334,,,67.0,69.0,85.0,55.0,51.870000000000005,0.0
1038,2025-02-08 05:30:00,65.69,2.119999999999997,0.0,13.0,112.67666666666666,63.57,0.0,73.99,100.0,74.0,0.0,70.0,0.0,73.96,,,67.0,69.0,85.0,55.0,52.2,0.0
1039,2025-02-08 05:45:00,65.69,2.119999999999997,0.0,12.5,112.63666666666666,63.57,0.0,73.99,100.0,74.0,0.0,70.0,0.0,73.96,,,67.0,69.0,85.0,55.0,51.98,0.0
1040,2025-02-08 06:00:00,65.69,2.119999999999997,0.0,12.5,113.08333333333331,63.57,0.0,73.99,100.0,74.0,0.0,70.0,0.0,73.95333333333333,,,67.0,69.0,85.0,55.0,52.06,0.0
1041,2025-02-08 06:15:00,64.98,2.119999999999997,0.0,13.166666666666666,113.08333333333331,63.57,0.0,73.99,100.0,74.0,0.0,70.0,0.0,73.88,,,67.0,69.0,85.0,55.0,52.6,0.0
1042,2025-02-08 06:30:00,65.68666666666667,0.0,0.0,13.5,113.00333333333332,63.57,0.0,73.99,100.0,74.0,0.0,70.0,0.0,73.81,,,67.0,69.0,85.0,55.0,52.81,0.0
1043,2025-02-08 06:45:00,64.98333333333333,0.0,0.0,12.5,113.15,63.57,0.0,73.99,100.0,74.0,0.0,70.0,0.0,73.82333333333334,,,67.0,69.0,85.0,55.0,52.32000000000001,0.0
1044,2025-02-08 07:00:00,63.56999999999999,2.119999999999997,0.0,13.333333333333334,113.03666666666668,63.57,0.0,73.99,100.0,74.0,0.0,70.0,0.0,73.80333333333333,,,67.0,69.0,85.0,55.0,52.91,0.0
1045,2025-02-08 07:15:00,65.68666666666667,-2.119999999999997,0.0,13.666666666666666,113.4,63.57,0.0,73.99,100.0,74.0,0.0,70.0,0.0,73.78666666666668,,,67.0,69.0,85.0,55.0,52.55,0.0
1046,2025-02-08 07:30:00,63.57,4.229999999999997,0.0,13.0,113.335,63.57,0.0,73.99,100.0,74.0,0.0,70.0,0.0,73.805,,,67.0,69.0,85.0,55.0,53.01,0.0
1047,2025-02-08 07:45:00,63.57,0.0,0.0,13.166666666666666,113.38666666666666,63.57,0.0,73.99,100.0,74.0,0.0,70.0,0.0,73.81333333333333,,,67.0,69.0,85.0,55.0,53.13,0.0
1048,2025-02-08 08:00:00,64.98333333333333,0.0,0.0,12.833333333333334,113.45666666666666,63.57,0.0,73.99,100.0,74.0,0.0,70.0,0.0,73.81,,,67.0,69.0,85.0,55.0,52.92,0.0
1049,2025-02-08 08:15:00,65.69,0.0,0.0,12.5,113.52,63.57,0.0,73.99,100.0,74.0,0.0,70.0,0.0,73.82333333333334,,,67.0,69.0,85.0,55.0,52.82,0.0
1050,2025-02-08 08:30:00,62.86333333333334,2.119999999999997,0.0,13.666666666666666,113.69,63.57,0.0,73.99,100.0,74.0,0.0,70.0,0.0,73.83666666666666,,,67.0,69.0,85.0,55.0,53.16,0.0
1051,2025-02-08 08:45:00,64.27666666666666,0.0,0.0,12.666666666666666,113.28000000000002,63.57,0.0,73.99,100.0,74.0,0.0,70.0,0.0,73.86333333333333,,,67.0,69.0,85.0,55.0,52.92,0.0
1052,2025-02-08 09:00:00,65.68666666666667,0.0,0.0,11.833333333333334,112.98,63.57,0.0,73.99,100.0,74.0,0.0,70.0,0.0,73.83,,,67.0,69.0,85.0,55.0,52.75,0.0
1053,2025-02-08 09:15:00,64.27666666666666,0.0,0.0,9.666666666666666,111.68,63.57,0.0,73.99,100.0,74.0,0.0,70.0,0.0,73.59333333333333,,,67.0,69.0,85.0,55.0,50.98,0.0
1054,2025-02-08 09:30:00,65.69,0.0,0.0,11.166666666666666,111.56,63.57,0.0,73.99,100.0,74.0,0.0,70.0,0.0,73.39333333333333,,,67.0,69.0,85.0,55.0,51.220000000000006,0.0
1055,2025-02-08 09:45:00,66.39333333333333,2.119999999999997,0.0,10.5,111.54666666666668,63.57,0.0,73.99,100.0,74.0,0.0,70.0,0.0,73.23666666666666,,,67.0,69.0,85.0,55.0,50.7,0.0
1056,2025-02-08 10:00:00,64.98333333333333,2.119999999999997,0.0,10.333333333333334,111.53666666666668,63.57,0.0,73.99,100.0,74.0,0.0,70.0,0.0,73.08666666666666,,,67.0,69.0,85.0,55.0,51.06,0.0
1057,2025-02-08 10:15:00,64.27333333333333,2.119999999999997,0.0,11.166666666666666,112.04333333333334,63.57,0.0,73.99,100.0,74.0,0.0,70.0,0.0,72.96666666666667,,,67.0,69.0,85.0,55.0,50.88,0.0
1058,2025-02-08 10:30:00,64.27666666666666,-2.119999999999997,0.0,11.5,111.87666666666668,63.57,0.0,73.99,100.0,74.0,0.0,70.0,0.0,72.87333333333333,,,67.0,69.0,85.0,55.0,51.8,0.0
1059,2025-02-08 10:45:00,64.27666666666666,0.0,0.0,11.833333333333334,111.94333333333331,63.57,0.0,73.99,100.0,74.0,0.0,70.0,0.0,72.81,,,67.0,69.0,85.0,55.0,51.33,0.0
1060,2025-02-08 11:00:00,64.27666666666666,2.119999999999997,0.0,11.5,112.02333333333333,63.57,0.0,73.99,100.0,74.0,0.0,70.0,0.0,72.78333333333335,,,67.0,69.0,85.0,55.0,51.78,0.0
1061,2025-02-08 11:15:00,65.68666666666667,-2.119999999999997,0.0,12.0,112.25,63.57,0.0,73.99,100.0,74.0,0.0,70.0,0.0,72.76333333333334,,,67.0,69.0,85.0,55.0,51.23,0.0
1062,2025-02-08 11:30:00,64.98333333333333,4.229999999999997,0.0,11.833333333333334,112.14,63.57,0.0,73.99,100.0,74.0,0.0,70.0,0.0,72.76333333333334,,,67.0,69.0,85.0,55.0,51.45,0.0
1063,2025-02-08 11:45:00,65.69,0.0,0.0,11.0,112.23,63.57,0.0,73.99,100.0,74.0,0.0,70.0,0.0,72.72333333333334,,,67.0,69.0,85.0,55.0,51.56,0.0
1064,2025-02-08 12:00:00,62.86333333333334,2.119999999999997,0.0,11.0,112.19666666666669,63.57,0.0,73.99,100.0,74.0,0.0,70.0,0.0,72.68,,,67.0,69.0,85.0,55.0,51.44,0.0
1065,2025-02-08 12:15:00,66.39333333333333,-2.119999999999997,0.0,11.666666666666666,112.51,63.57,0.0,73.99,100.0,74.0,0.0,70.0,0.0,72.66,,,67.0,69.0,85.0,55.0,51.67,0.0
1066,2025-02-08 12:30:00,64.27666666666666,2.119999999999997,0.0,12.166666666666666,112.48333333333332,63.57,0.0,73.99,100.0,74.0,0.0,70.0,0.0,72.66,,,67.0,69.0,85.0,55.0,52.09,0.0
1067,2025-02-08 12:45:00,65.68666666666667,0.0,0.0,12.0,112.41666666666669,63.57,0.0,73.99,100.0,74.0,0.0,70.0,0.0,72.66,,,67.0,69.0,85.0,55.0,51.86000000000001,0.0
1068,2025-02-08 13:00:00,65.69,4.229999999999997,0.0,12.0,112.69,63.57,0.0,73.99,100.0,74.0,0.0,70.0,0.0,72.64666666666666,,,67.0,69.0,85.0,55.0,51.89999999999999,0.0
1069,2025-02-08 13:15:00,64.27666666666666,2.119999999999997,0.0,12.0,112.34,63.57,0.0,73.99,100.0,74.0,0.0,70.0,0.0,72.66,,,67.0,69.0,85.0,55.0,51.6,0.0
1070,2025-02-08 13:30:00,66.39,2.119999999999997,0.0,11.333333333333334,112.52,63.57,0.0,73.99,100.0,74.0,0.0,70.0,0.0,72.68333333333334,,,67.0,69.0,85.0,55.0,51.260000000000005,0.0
1071,2025-02-08 13:45:00,62.86333333333334,4.229999999999997,0.0,11.0,112.88666666666666,63.57,0.0,73.99,100.0,74.0,0.0,70.0,0.0,72.77666666666666,,,67.0,69.0,85.0,55.0,51.35999999999999,0.0
1072,2025-02-08 14:00:00,64.63,-2.119999999999997,0.0,11.0,112.785,63.57,0.0,73.99,100.0,74.0,0.0,70.0,0.0,72.81,,,67.0,69.0,85.0,55.0,51.57,0.0
1073,2025-02-08 14:15:00,64.1,0.0,0.0,11.0,112.6875,63.57,0.0,73.99,100.0,74.0,0.0,70.0,0.0,72.8575,,,67.0,69.0,85.0,55.0,51.43,0.0
1074,2025-02-08 14:30:00,64.27666666666666,0.0,0.0,11.0,112.77666666666666,63.57,0.0,73.99,100.0,74.0,0.0,70.0,0.0,72.95,,,67.0,69.0,85.0,55.0,51.23,0.0
1075,2025-02-08 14:45:00,63.57,0.0,0.0,10.833333333333334,112.43,63.57,0.0,73.99,100.0,74.0,0.0,70.0,0.0,73.00333333333333,,,67.0,69.0,85.0,55.0,51.15,0.0
1076,2025-02-08 15:00:00,63.57,2.119999999999997,0.0,11.666666666666666,112.04,63.57,0.0,73.99,100.0,74.0,0.0,70.0,0.0,73.04,,,67.0,69.0,85.0,55.0,50.41,0.0
1077,2025-02-08 15:15:00,64.98333333333333,0.0,0.0,11.166666666666666,111.99666666666668,63.57,0.0,73.99,100.0,74.0,0.0,70.0,0.0,73.07666666666667,,,67.0,69.0,85.0,55.0,50.14,0.0
1078,2025-02-08 15:30:00,64.98333333333333,0.0,0.0,10.833333333333334,112.79,63.57,0.0,73.99,100.0,74.0,0.0,70.0,0.0,73.13666666666667,,,67.0,69.0,85.0,55.0,50.31,0.0
1079,2025-02-08 15:45:00,64.27666666666666,0.0,0.0,11.0,112.52,63.57,0.0,73.99,100.0,74.0,0.0,70.0,0.0,73.2,,,67.0,69.0,85.0,55.0,50.63999999999999,0.0
1080,2025-02-08 16:00:00,65.69,0.0,0.0,11.5,112.74666666666668,63.57,0.0,73.99,100.0,74.0,0.0,70.0,0.0,73.22,,,67.0,69.0,85.0,55.0,50.7,0.0
1081,2025-02-08 16:15:00,63.57,2.119999999999997,0.0,11.5,112.73,63.57,0.0,73.99,100.0,74.0,0.0,70.0,0.0,73.23333333333333,,,67.0,69.0,85.0,55.0,50.470000000000006,0.0
1082,2025-02-08 16:30:00,64.27666666666666,2.119999999999997,0.0,11.833333333333334,113.13333333333333,63.57,0.0,73.99,100.0,74.0,0.0,70.0,0.0,73.27666666666666,,,67.0,69.0,85.0,55.0,50.18,0.0
1083,2025-02-08 16:45:00,67.09666666666666,2.119999999999997,0.0,11.166666666666666,113.10333333333334,63.57,0.0,73.99,100.0,74.0,0.0,70.0,0.0,73.37333333333333,,,67.0,69.0,85.0,55.0,49.900000000000006,0.0
1084,2025-02-08 17:00:00,64.98333333333333,2.119999999999997,0.0,10.5,113.75666666666666,63.57,0.0,73.99,100.0,74.0,0.0,70.0,0.0,73.49000000000001,,,67.0,69.0,85.0,55.0,49.720000000000006,0.0
1085,2025-02-08 17:15:00,64.98333333333333,0.0,0.0,10.5,113.77333333333333,63.57,0.0,73.99,100.0,74.0,0.0,70.0,0.0,73.60666666666667,,,67.0,69.0,85.0,55.0,49.6,0.0
1086,2025-02-08 17:30:00,63.57,0.0,0.0,10.5,114.23666666666666,63.57,0.0,73.99,100.0,74.0,0.0,70.0,0.0,73.72666666666667,,,67.0,69.0,85.0,55.0,49.0,0.0
1087,2025-02-08 17:45:00,62.86333333333334,2.119999999999997,0.0,10.5,114.54,63.57,0.0,73.99,100.0,74.0,0.0,70.0,0.0,73.86666666666666,,,67.0,69.0,85.0,55.0,48.24,0.0
1088,2025-02-08 18:00:00,64.27666666666666,-2.119999999999997,0.0,10.0,114.32333333333334,63.57,0.0,73.99,99.96999999999998,74.0,0.0,70.0,0.0,73.98333333333333,,,67.0,69.0,85.0,55.0,48.52,0.0
1089,2025-02-08 18:15:00,64.27666666666666,2.119999999999997,0.0,10.0,114.44666666666669,63.57,0.0,73.99,97.41333333333334,74.0,0.0,70.0,0.0,74.10000000000001,,,67.0,69.0,85.0,55.0,48.24000000000001,0.0
1090,2025-02-08 18:30:00,64.98333333333333,0.0,0.0,9.666666666666666,114.67,63.57,0.0,73.99,96.14,74.0,0.0,70.0,0.0,74.12,,,67.0,69.0,85.0,55.0,47.870000000000005,0.0
1091,2025-02-08 18:45:00,62.86333333333334,2.119999999999997,0.0,10.0,112.33333333333331,63.57,0.0,73.99,95.35,74.0,0.0,70.0,0.0,74.11333333333333,,,67.0,69.0,85.0,55.0,47.94,0.0
1092,2025-02-08 19:00:00,64.98333333333333,-2.119999999999997,0.0,11.166666666666666,105.91666666666669,63.57,0.0,73.99,99.68,74.0,0.0,70.0,0.0,73.74333333333334,,,67.0,69.0,85.0,55.0,50.190000000000005,0.0
1093,2025-02-08 19:15:00,67.09666666666666,2.119999999999997,0.0,11.0,106.19,63.57,0.0,73.99,100.0,74.0,0.0,70.0,0.0,73.33333333333333,,,67.0,69.0,85.0,55.0,49.28,0.0
1094,2025-02-08 19:30:00,65.68666666666667,4.229999999999997,0.0,9.833333333333334,107.03,63.57,0.0,73.99,100.0,74.0,0.0,70.0,0.0,73.10000000000001,,,67.0,69.0,85.0,55.0,49.58,0.0
1095,2025-02-08 19:45:00,64.27666666666666,2.119999999999997,0.0,9.5,108.27666666666666,63.57,0.0,73.99,100.0,74.0,0.0,70.0,0.0,72.95,,,67.0,69.0,85.0,55.0,50.2,0.0
1096,2025-02-08 20:00:00,64.98333333333333,0.0,0.0,9.5,109.34666666666668,63.57,0.0,73.99,100.0,74.0,0.0,70.0,0.0,72.93666666666667,,,67.0,69.0,85.0,55.0,50.23,0.0
1097,2025-02-08 20:15:00,64.27666666666666,2.119999999999997,0.0,9.5,110.15666666666668,63.57,0.0,73.99,100.0,74.0,0.0,70.0,0.0,72.95,,,67.0,69.0,85.0,55.0,50.42,0.0
1098,2025-02-08 20:30:00,64.27666666666666,2.119999999999997,0.0,9.5,109.71666666666664,63.57,0.0,73.99,100.0,74.0,0.0,70.0,0.0,72.95,,,67.0,69.0,85.0,55.0,50.24,0.0
1099,2025-02-08 20:45:00,64.98333333333333,2.119999999999997,0.0,11.333333333333334,105.94333333333331,63.57,0.0,73.99,100.0,74.0,0.0,70.0,0.0,72.84666666666668,,,67.0,69.0,85.0,55.0,53.190000000000005,0.0
1100,2025-02-08 21:00:00,63.57,2.119999999999997,0.0,11.666666666666666,105.29666666666668,63.57,0.0,73.99,100.0,74.0,0.0,70.0,0.0,72.5,,,67.0,69.0,85.0,55.0,52.190000000000005,0.0
1101,2025-02-08 21:15:00,63.56999999999999,0.0,0.0,12.5,105.60666666666668,63.57,0.0,73.99,100.0,74.0,0.0,70.0,0.0,72.23666666666666,,,67.0,69.0,85.0,55.0,53.17999999999999,0.0
1102,2025-02-08 21:30:00,66.39333333333333,-2.119999999999997,0.0,12.333333333333334,106.25666666666666,63.57,0.0,73.99,100.0,74.0,0.0,70.0,0.0,72.09333333333333,,,67.0,69.0,85.0,55.0,53.48,0.0
1103,2025-02-08 21:45:00,65.69,2.119999999999997,0.0,11.166666666666666,108.05,63.57,0.0,73.99,100.0,74.0,0.0,70.0,0.0,72.06333333333333,,,67.0,69.0,85.0,55.0,52.7,0.0
1104,2025-02-08 22:00:00,64.27666666666666,,0.0,10.166666666666666,111.07666666666668,63.57,0.0,73.99,100.0,74.0,0.0,70.0,0.0,72.26666666666667,,,67.0,69.0,85.0,55.0,,
1105,2025-02-08 22:15:00,65.69,,0.0,9.666666666666666,110.95333333333332,63.57,0.0,73.99,100.0,74.0,0.0,70.0,0.0,72.40666666666668,,,67.0,69.0,85.0,55.0,,
1106,2025-02-08 22:30:00,63.57,,0.0,10.333333333333334,110.80333333333331,63.57,0.0,73.99,100.0,74.0,0.0,70.0,0.0,72.50666666666666,,,67.0,69.0,85.0,55.0,,
1107,2025-02-08 22:45:00,64.27666666666666,,0.0,10.333333333333334,110.56333333333332,63.57,0.0,73.99,100.0,74.0,0.0,70.0,0.0,72.54333333333334,,,67.0,69.0,85.0,55.0,,
1108,2025-02-08 23:00:00,63.57,,0.0,10.833333333333334,110.53666666666668,63.57,0.0,73.99,100.0,74.0,0.0,70.0,0.0,72.63333333333333,,,67.0,69.0,85.0,55.0,,
1109,2025-02-08 23:15:00,65.68666666666667,,0.0,11.5,109.97,63.57,0.0,73.99,100.0,74.0,0.0,70.0,0.0,72.60666666666667,,,67.0,69.0,85.0,55.0,,
1110,2025-02-08 23:30:00,66.39333333333333,,0.0,10.833333333333334,113.82666666666668,63.57,0.0,73.99,100.0,74.0,0.0,70.0,0.0,72.57666666666667,,,67.0,69.0,85.0,55.0,,
1111,2025-02-08 23:45:00,64.27666666666666,,0.0,9.333333333333334,116.21666666666664,63.57,0.0,73.99,100.0,74.0,0.0,70.0,0.0,72.83666666666666,,,67.0,69.0,85.0,55.0,,
1112,2025-02-09 00:00:00,65.69,,0.0,8.833333333333334,116.01,63.57,0.0,73.99,100.0,74.0,0.0,70.0,0.0,73.03333333333335,,,67.0,69.0,85.0,55.0,,
1113,2025-02-09 00:15:00,64.27666666666666,2.119999999999997,0.0,8.666666666666666,115.80666666666669,63.57,0.0,73.99,100.0,74.0,0.0,70.0,0.0,73.22,,,67.0,69.0,85.0,55.0,50.30999999999999,0.0
1114,2025-02-09 00:30:00,64.98,0.0,0.0,9.0,115.47333333333334,63.57,0.0,73.99,100.0,74.0,0.0,70.0,0.0,73.36,,,67.0,69.0,85.0,55.0,50.06,0.0
1115,2025-02-09 00:45:00,63.57,0.0,0.0,9.166666666666666,115.05,63.57,0.0,73.99,100.0,74.0,0.0,70.0,0.0,73.39999999999999,,,67.0,69.0,85.0,55.0,50.19,0.0
1116,2025-02-09 01:00:00,63.57,-2.119999999999997,0.0,9.5,114.99666666666668,63.57,0.0,73.99,100.0,74.0,0.0,70.0,0.0,73.49,,,67.0,69.0,85.0,55.0,50.08,0.0
1117,2025-02-09 01:15:00,64.98333333333333,0.0,0.0,9.166666666666666,114.47666666666667,63.57,0.0,73.99,100.0,74.0,0.0,70.0,0.0,73.48333333333333,,,67.0,69.0,85.0,55.0,49.75999999999999,0.0
1118,2025-02-09 01:30:00,65.68666666666667,2.119999999999997,0.0,9.0,114.11666666666667,63.57,0.0,73.99,100.0,74.0,0.0,70.0,0.0,73.37333333333333,,,67.0,69.0,85.0,55.0,50.120000000000005,0.0
1119,2025-02-09 01:45:00,64.27666666666666,0.0,0.0,9.0,114.16333333333334,63.57,0.0,73.99,100.0,74.0,0.0,70.0,0.0,73.36333333333333,,,67.0,69.0,85.0,55.0,49.7,0.0
1120,2025-02-09 02:00:00,64.27666666666666,0.0,0.0,9.0,113.77,63.57,0.0,73.99,100.0,74.0,0.0,70.0,0.0,73.27999999999999,,,67.0,69.0,85.0,55.0,50.27,0.0
1121,2025-02-09 02:15:00,63.57,2.119999999999997,0.0,10.5,113.82333333333334,63.57,0.0,73.99,100.0,74.0,0.0,70.0,0.0,73.22666666666667,,,67.0,69.0,85.0,55.0,50.56999999999999,0.0
1122,2025-02-09 02:30:00,64.27666666666666,2.119999999999997,0.0,10.5,113.22666666666667,63.57,0.0,73.99,100.0,74.0,0.0,70.0,0.0,73.18333333333334,,,67.0,69.0,85.0,55.0,50.86,0.0
1123,2025-02-09 02:45:00,63.57,2.119999999999997,0.0,10.666666666666666,112.76,63.57,0.0,73.99,100.0,74.0,0.0,70.0,0.0,73.08666666666666,,,67.0,69.0,85.0,55.0,51.06,0.0
1124,2025-02-09 03:00:00,63.57,0.0,0.0,9.5,112.34,63.57,0.0,73.99,100.0,74.0,0.0,70.0,0.0,72.96333333333332,,,67.0,69.0,85.0,55.0,51.940000000000005,0.0
1125,2025-02-09 03:15:00,64.98333333333333,0.0,0.0,10.833333333333334,112.77666666666666,63.57,0.0,73.99,100.0,74.0,0.0,70.0,0.0,72.87666666666667,,,67.0,69.0,85.0,55.0,51.7,0.0
1126,2025-02-09 03:30:00,65.69,2.119999999999997,0.0,11.333333333333334,112.56,63.57,0.0,73.99,100.0,74.0,0.0,70.0,0.0,72.77,,,67.0,69.0,85.0,55.0,52.05,0.0
1127,2025-02-09 03:45:00,64.27666666666666,2.119999999999997,0.0,12.0,113.51,63.57,0.0,73.99,100.0,74.0,0.0,70.0,0.0,72.66,,,67.0,69.0,85.0,55.0,52.15,0.0
1128,2025-02-09 04:00:00,64.98333333333333,0.0,0.0,12.5,113.49,63.57,0.0,73.99,100.0,74.0,0.0,70.0,0.0,72.63333333333333,,,67.0,69.0,85.0,55.0,53.09,0.0
1129,2025-02-09 04:15:00,64.98333333333333,0.0,0.0,13.0,114.05,63.57,0.0,73.99,100.0,74.0,0.0,70.0,0.0,72.52,,,67.0,69.0,85.0,55.0,53.48,0.0
1130,2025-02-09 04:30:00,63.56999999999999,0.0,0.0,13.5,114.01666666666668,63.57,0.0,73.99,100.0,74.0,0.0,70.0,0.0,72.46666666666665,,,67.0,69.0,85.0,55.0,54.06,0.0
1131,2025-02-09 04:45:00,63.57,-2.119999999999997,0.0,13.5,114.21999999999998,63.57,0.0,73.99,100.0,74.0,0.0,70.0,0.0,72.37,,,67.0,69.0,85.0,55.0,54.19,0.0
1132,2025-02-09 05:00:00,64.27666666666666,0.0,0.0,13.0,114.08666666666666,63.57,0.0,73.99,100.0,74.0,0.0,70.0,0.0,72.36333333333333,,,67.0,69.0,85.0,55.0,54.21,0.0
1133,2025-02-09 05:15:00,64.98,0.0,0.0,12.833333333333334,114.05,63.57,0.0,73.99,100.0,74.0,0.0,70.0,0.0,72.32000000000001,,,67.0,69.0,85.0,55.0,54.64,0.0
1134,2025-02-09 05:30:00,64.27666666666666,-2.119999999999997,0.0,12.5,113.88,63.57,0.0,73.99,100.0,74.0,0.0,70.0,0.0,72.23,,,67.0,69.0,85.0,55.0,54.68,0.0
1135,2025-02-09 05:45:00,64.63,0.0,0.0,12.25,113.28,63.57,0.0,73.99,100.0,74.0,0.0,70.0,0.0,72.21,,,67.0,69.0,85.0,55.0,54.830000000000005,0.0
1136,2025-02-09 06:00:00,66.2175,2.119999999999997,0.0,12.125,113.69,63.57,0.0,73.99,100.0,74.0,0.0,70.0,0.0,72.1625,,,67.0,69.0,85.0,55.0,54.59,0.0
1137,2025-02-09 06:15:00,64.27666666666666,4.229999999999997,0.0,12.666666666666666,113.55333333333331,63.57,0.0,73.99,100.0,74.0,0.0,70.0,0.0,72.09,,,67.0,69.0,85.0,55.0,53.92,0.0
1138,2025-02-09 06:30:00,64.98333333333333,2.119999999999997,0.0,12.666666666666666,112.87,63.57,0.0,73.99,100.0,74.0,0.0,70.0,0.0,72.09,,,67.0,69.0,85.0,55.0,54.36,0.0
1139,2025-02-09 06:45:00,64.27666666666666,0.0,0.0,13.5,113.42,63.57,0.0,73.99,100.0,74.0,0.0,70.0,0.0,72.05666666666666,,,67.0,69.0,85.0,55.0,53.34,0.0
1140,2025-02-09 07:00:00,65.69,2.119999999999997,0.0,13.333333333333334,113.46,63.57,0.0,73.99,100.0,74.0,0.0,70.0,0.0,72.03666666666668,,,67.0,69.0,85.0,55.0,54.74000000000001,0.0
1141,2025-02-09 07:15:00,65.68666666666667,2.119999999999997,0.0,12.166666666666666,113.66666666666669,63.57,0.0,73.99,100.0,74.0,0.0,70.0,0.0,72.03,,,67.0,69.0,85.0,55.0,54.400000000000006,0.0
1142,2025-02-09 07:30:00,65.68666666666667,0.0,0.0,12.166666666666666,113.09,63.57,0.0,73.99,100.0,74.0,0.0,70.0,0.0,72.07,,,67.0,69.0,85.0,55.0,54.58,0.0
1143,2025-02-09 07:45:00,64.98333333333333,0.0,0.0,12.333333333333334,113.79,63.57,0.0,73.99,100.0,74.0,0.0,70.0,0.0,72.07,,,67.0,69.0,85.0,55.0,54.02,0.0
1144,2025-02-09 08:00:00,63.57,0.0,0.0,13.166666666666666,113.51666666666668,63.57,0.0,73.99,100.0,74.0,0.0,70.0,0.0,72.07,,,67.0,69.0,85.0,55.0,54.66,0.0
1145,2025-02-09 08:15:00,66.39333333333333,2.119999999999997,0.0,11.833333333333334,113.06666666666668,63.57,0.0,73.99,100.0,74.0,0.0,70.0,0.0,72.08333333333333,,,67.0,69.0,85.0,55.0,54.260000000000005,0.0
1146,2025-02-09 08:30:00,64.27666666666666,2.119999999999997,0.0,11.5,112.98,63.57,0.0,73.99,100.0,74.0,0.0,70.0,0.0,72.09,,,67.0,69.0,85.0,55.0,54.16,0.0
1147,2025-02-09 08:45:00,64.98333333333333,0.0,0.0,11.5,113.06666666666666,63.57,0.0,73.99,100.0,74.0,0.0,70.0,0.0,72.09,,,67.0,69.0,85.0,55.0,53.86000000000001,0.0
1148,2025-02-09 09:00:00,66.39,2.119999999999997,0.0,11.333333333333334,112.54666666666668,63.57,0.0,73.99,100.0,74.0,0.0,70.0,0.0,72.09,,,67.0,69.0,85.0,55.0,53.76,0.0
1149,2025-02-09 09:15:00,64.27666666666666,4.229999999999997,0.0,11.166666666666666,112.86333333333334,63.57,0.0,73.99,100.0,74.0,0.0,70.0,0.0,72.08333333333333,,,67.0,69.0,85.0,55.0,53.39,0.0
1150,2025-02-09 09:30:00,64.98,2.119999999999997,0.0,11.833333333333334,112.64,63.57,0.0,73.99,100.0,74.0,0.0,70.0,0.0,72.09,,,67.0,69.0,85.0,55.0,53.64,0.0
1151,2025-02-09 09:45:00,63.57,4.229999999999997,0.0,11.666666666666666,112.34,63.57,0.0,73.99,100.0,74.0,0.0,70.0,0.0,72.09666666666666,,,67.0,69.0,85.0,55.0,53.35,0.0
1152,2025-02-09 10:00:00,66.39,0.0,0.0,12.5,112.88666666666666,63.57,0.0,73.99,100.0,74.0,0.0,70.0,0.0,72.20333333333333,,,67.0,69.0,85.0,55.0,53.35999999999999,0.0
1153,2025-02-09 10:15:00,64.98333333333333,4.229999999999997,0.0,11.333333333333334,112.31666666666666,63.57,0.0,73.99,100.0,74.0,0.0,70.0,0.0,72.21666666666665,,,67.0,69.0,85.0,55.0,53.150000000000006,0.0
1154,2025-02-09 10:30:00,63.57,0.0,0.0,11.5,112.62,63.57,0.0,73.99,100.0,74.0,0.0,70.0,0.0,72.21,,,67.0,69.0,85.0,55.0,53.09,0.0
1155,2025-02-09 10:45:00,64.98333333333333,0.0,0.0,12.333333333333334,112.47333333333334,63.57,0.0,73.99,100.0,74.0,0.0,70.0,0.0,72.21,,,67.0,69.0,85.0,55.0,53.59,0.0
1156,2025-02-09 11:00:00,66.39333333333333,2.119999999999997,0.0,11.833333333333334,112.13333333333333,63.57,0.0,73.99,100.0,74.0,0.0,70.0,0.0,72.23,,,67.0,69.0,85.0,55.0,53.22,0.0
1157,2025-02-09 11:15:00,64.98333333333333,4.229999999999997,0.0,11.166666666666666,112.12333333333332,63.57,0.0,73.99,100.0,74.0,0.0,70.0,0.0,72.23,,,67.0,69.0,85.0,55.0,52.78,0.0
1158,2025-02-09 11:30:00,66.39333333333333,0.0,0.0,12.0,111.94333333333331,63.57,0.0,73.99,100.0,74.0,0.0,70.0,0.0,72.23,,,67.0,69.0,85.0,55.0,53.38999999999999,0.0
1159,2025-02-09 11:45:00,64.98333333333333,4.229999999999997,0.0,11.5,112.21333333333332,63.57,0.0,73.99,100.0,74.0,0.0,70.0,0.0,72.23,,,67.0,69.0,85.0,55.0,52.790000000000006,0.0
1160,2025-02-09 12:00:00,64.27666666666666,2.119999999999997,0.0,12.166666666666666,112.56666666666666,63.57,0.0,73.99,100.0,74.0,0.0,70.0,0.0,72.23,,,67.0,69.0,85.0,55.0,53.41,0.0
1161,2025-02-09 12:15:00,67.09666666666666,2.119999999999997,0.0,12.666666666666666,112.83333333333331,63.57,0.0,73.99,100.0,74.0,0.0,70.0,0.0,72.23,,,67.0,69.0,85.0,55.0,54.27,0.0
1162,2025-02-09 12:30:00,64.98,2.119999999999997,0.0,11.666666666666666,112.61333333333332,63.57,0.0,73.99,100.0,74.0,0.0,70.0,0.0,72.23,,,67.0,69.0,85.0,55.0,53.98,0.0
1163,2025-02-09 12:45:00,64.98333333333333,0.0,0.0,11.5,112.31,63.57,0.0,73.99,100.0,74.0,0.0,70.0,0.0,72.23,,,67.0,69.0,85.0,55.0,53.42999999999999,0.0
1164,2025-02-09 13:00:00,65.69,2.119999999999997,0.0,11.5,112.25666666666666,63.57,0.0,73.99,100.0,74.0,0.0,70.0,0.0,72.23,,,67.0,69.0,85.0,55.0,53.3,0.0
1165,2025-02-09 13:15:00,64.27666666666666,2.119999999999997,0.0,11.5,112.40333333333332,63.57,0.0,73.99,100.0,74.0,0.0,70.0,0.0,72.23,,,67.0,69.0,85.0,55.0,53.8,0.0
1166,2025-02-09 13:30:00,63.57,0.0,0.0,11.166666666666666,111.98666666666666,63.57,0.0,73.99,100.0,74.0,0.0,70.0,0.0,72.28333333333333,,,67.0,69.0,85.0,55.0,53.23,0.0
1167,2025-02-09 13:45:00,64.98333333333333,0.0,0.0,11.0,112.13666666666668,63.57,0.0,73.99,100.0,74.0,0.0,70.0,0.0,72.33333333333333,,,67.0,69.0,85.0,55.0,53.03,0.0
1168,2025-02-09 14:00:00,64.27666666666666,0.0,0.0,11.0,112.18,63.57,0.0,73.99,100.0,74.0,0.0,70.0,0.0,72.35666666666667,,,67.0,69.0,85.0,55.0,53.27,0.0
1169,2025-02-09 14:15:00,65.69,0.0,0.0,10.833333333333334,111.86333333333334,63.57,0.0,73.99,100.0,74.0,0.0,70.0,0.0,72.37,,,67.0,69.0,85.0,55.0,52.92,0.0
1170,2025-02-09 14:30:00,65.68666666666667,2.119999999999997,0.0,10.5,112.26666666666664,63.57,0.0,73.99,100.0,74.0,0.0,70.0,0.0,72.41333333333334,,,67.0,69.0,85.0,55.0,52.52,0.0
1171,2025-02-09 14:45:00,63.57,0.0,0.0,10.5,112.07,63.57,0.0,73.99,100.0,74.0,0.0,70.0,0.0,72.5,,,67.0,69.0,85.0,55.0,53.14999999999999,0.0
1172,2025-02-09 15:00:00,62.86333333333334,-2.119999999999997,0.0,11.833333333333334,112.12,63.57,0.0,73.99,100.0,74.0,0.0,70.0,0.0,72.52,,,67.0,69.0,85.0,55.0,52.33,0.0
1173,2025-02-09 15:15:00,64.98333333333333,2.119999999999997,0.0,12.0,112.26,63.57,0.0,73.99,100.0,74.0,0.0,70.0,0.0,72.62333333333333,,,67.0,69.0,85.0,55.0,52.58,0.0
1174,2025-02-09 15:30:00,64.27666666666666,2.119999999999997,0.0,12.0,112.12,63.57,0.0,73.99,100.0,74.0,0.0,70.0,0.0,72.63666666666667,,,67.0,69.0,85.0,55.0,52.51,0.0
1175,2025-02-09 15:45:00,66.39333333333333,0.0,0.0,11.666666666666666,112.04,63.57,0.0,73.99,100.0,74.0,0.0,70.0,0.0,72.64,,,67.0,69.0,85.0,55.0,52.93,0.0
1176,2025-02-09 16:00:00,64.98333333333333,6.350000000000001,0.0,10.5,112.15666666666668,63.57,0.0,73.99,100.0,74.0,0.0,70.0,0.0,72.64,,,67.0,69.0,85.0,55.0,52.13,0.0
1177,2025-02-09 16:15:00,64.27666666666666,2.119999999999997,0.0,10.166666666666666,112.05333333333334,63.57,0.0,73.99,100.0,74.0,0.0,70.0,0.0,72.64,,,67.0,69.0,85.0,55.0,51.99999999999999,0.0
1178,2025-02-09 16:30:00,64.98333333333333,0.0,0.0,10.333333333333334,112.22333333333331,63.57,0.0,73.99,100.0,74.0,0.0,70.0,0.0,72.65333333333332,,,67.0,69.0,85.0,55.0,51.53,0.0
1179,2025-02-09 16:45:00,64.98333333333333,2.119999999999997,0.0,10.333333333333334,111.95,63.57,0.0,73.99,100.0,74.0,0.0,70.0,0.0,72.63,,,67.0,69.0,85.0,55.0,51.63,0.0
1180,2025-02-09 17:00:00,64.98333333333333,0.0,0.0,10.333333333333334,112.37333333333332,63.57,0.0,73.99,100.0,74.0,0.0,70.0,0.0,72.62333333333333,,,67.0,69.0,85.0,55.0,51.64999999999999,0.0
1181,2025-02-09 17:15:00,64.98333333333333,0.0,0.0,11.0,112.11666666666667,63.57,0.0,73.99,100.0,74.0,0.0,70.0,0.0,72.66000000000001,,,67.0,69.0,85.0,55.0,51.74999999999999,0.0
1182,2025-02-09 17:30:00,66.39333333333333,2.119999999999997,0.0,10.333333333333334,111.64,63.57,0.0,73.99,100.0,74.0,0.0,70.0,0.0,72.69666666666667,,,67.0,69.0,85.0,55.0,51.62,0.0
1183,2025-02-09 17:45:00,64.98333333333333,0.0,0.0,9.833333333333334,111.96333333333332,63.57,0.0,73.99,100.0,74.0,0.0,70.0,0.0,72.71666666666667,,,67.0,69.0,85.0,55.0,51.32999999999999,0.0
1184,2025-02-09 18:00:00,64.98333333333333,2.119999999999997,0.0,10.666666666666666,111.96666666666664,63.57,0.0,73.99,100.0,74.0,0.0,70.0,0.0,72.77,,,67.0,69.0,85.0,55.0,51.84,0.0
1185,2025-02-09 18:15:00,64.27666666666666,0.0,0.0,10.833333333333334,112.05,63.57,0.0,73.99,100.0,74.0,0.0,70.0,0.0,72.80333333333334,,,67.0,69.0,85.0,55.0,51.31,0.0
1186,2025-02-09 18:30:00,64.27666666666666,0.0,0.0,11.0,112.31666666666666,63.57,0.0,73.99,100.0,74.0,0.0,70.0,0.0,72.81,,,67.0,69.0,85.0,55.0,51.260000000000005,0.0
1187,2025-02-09 18:45:00,64.27666666666666,0.0,0.0,11.166666666666666,112.11,63.57,0.0,73.99,100.0,74.0,0.0,70.0,0.0,72.81,,,67.0,69.0,85.0,55.0,51.77,0.0
1188,2025-02-09 19:00:00,64.98333333333333,2.119999999999997,0.0,10.333333333333334,111.71666666666664,63.57,0.0,73.99,100.0,74.0,0.0,70.0,0.0,72.79666666666667,,,67.0,69.0,85.0,55.0,51.33,0.0
1189,2025-02-09 19:15:00,65.69,0.0,0.0,9.666666666666666,111.71999999999998,63.57,0.0,73.99,100.0,74.0,0.0,70.0,0.0,72.78333333333335,,,67.0,69.0,85.0,55.0,51.45,0.0
1190,2025-02-09 19:30:00,63.56999999999999,2.119999999999997,0.0,10.666666666666666,111.88,63.57,0.0,73.99,100.0,74.0,0.0,70.0,0.0,72.78333333333335,,,67.0,69.0,85.0,55.0,51.3,0.0
1191,2025-02-09 19:45:00,64.27666666666666,-2.119999999999997,0.0,11.166666666666666,112.08333333333331,63.57,0.0,73.99,100.0,74.0,0.0,70.0,0.0,72.79,,,67.0,69.0,85.0,55.0,51.79,0.0
1192,2025-02-09 20:00:00,63.57,2.119999999999997,0.0,9.833333333333334,111.79666666666668,63.57,0.0,73.99,100.0,74.0,0.0,70.0,0.0,72.81,,,67.0,69.0,85.0,55.0,51.57,0.0
1193,2025-02-09 20:15:00,63.57,0.0,0.0,10.166666666666666,111.95,63.57,0.0,73.99,100.0,74.0,0.0,70.0,0.0,72.83333333333333,,,67.0,69.0,85.0,55.0,51.27,0.0
1194,2025-02-09 20:30:00,62.86333333333334,2.119999999999997,0.0,10.166666666666666,112.47666666666667,63.57,0.0,73.99,100.0,74.0,0.0,70.0,0.0,72.87,,,67.0,69.0,85.0,55.0,50.71000000000001,0.0
1195,2025-02-09 20:45:00,64.27666666666666,0.0,0.0,11.0,112.11666666666667,63.57,0.0,73.99,100.0,74.0,0.0,70.0,0.0,72.93,,,67.0,69.0,85.0,55.0,51.47,0.0
1196,2025-02-09 21:00:00,66.39333333333333,0.0,0.0,10.666666666666666,111.90333333333336,63.57,0.0,73.99,100.0,74.0,0.0,70.0,0.0,72.93666666666667,,,67.0,69.0,85.0,55.0,51.55,0.0
1197,2025-02-09 21:15:00,65.69,4.229999999999997,0.0,9.5,111.8,63.57,0.0,73.99,100.0,74.0,0.0,70.0,0.0,72.94333333333334,,,67.0,69.0,85.0,55.0,50.870000000000005,0.0
1198,2025-02-09 21:30:00,62.86333333333334,2.119999999999997,0.0,10.0,112.10666666666668,63.57,0.0,73.99,100.0,74.0,0.0,70.0,0.0,72.89333333333333,,,67.0,69.0,85.0,55.0,51.42,0.0
1199,2025-02-09 21:45:00,63.57,0.0,0.0,10.666666666666666,111.79333333333334,63.57,0.0,73.99,100.0,74.0,0.0,70.0,0.0,72.81,,,67.0,69.0,85.0,55.0,51.52,0.0
1200,2025-02-09 22:00:00,64.98333333333333,2.119999999999997,0.0,10.666666666666666,111.6,63.57,0.0,73.99,100.0,74.0,0.0,70.0,0.0,72.80333333333334,,,67.0,69.0,85.0,55.0,51.26,0.0
1201,2025-02-09 22:15:00,64.27666666666666,0.0,0.0,10.333333333333334,111.62666666666668,63.57,0.0,73.99,100.0,74.0,0.0,70.0,0.0,72.81,,,67.0,69.0,85.0,55.0,51.150000000000006,0.0
1202,2025-02-09 22:30:00,64.98333333333333,2.119999999999997,0.0,10.0,111.46333333333332,63.57,0.0,73.99,100.0,74.0,0.0,70.0,0.0,72.79666666666667,,,67.0,69.0,85.0,55.0,51.02,0.0
1203,2025-02-09 22:45:00,63.57,0.0,0.0,10.5,111.76666666666668,63.57,0.0,73.99,100.0,74.0,0.0,70.0,0.0,72.76333333333334,,,67.0,69.0,85.0,55.0,51.23,0.0
1204,2025-02-09 23:00:00,65.69,2.119999999999997,0.0,10.666666666666666,111.73333333333332,63.57,0.0,73.99,100.0,74.0,0.0,70.0,0.0,72.74333333333334,,,67.0,69.0,85.0,55.0,51.66,0.0
1205,2025-02-09 23:15:00,64.98333333333333,2.119999999999997,0.0,11.0,111.63333333333333,63.57,0.0,73.99,100.0,74.0,0.0,70.0,0.0,72.69666666666667,,,67.0,69.0,85.0,55.0,51.46,0.0
1206,2025-02-09 23:30:00,67.09666666666666,2.119999999999997,0.0,11.0,111.58333333333331,63.57,0.0,73.99,100.0,74.0,0.0,70.0,0.0,72.66,,,67.0,69.0,85.0,55.0,51.81,0.0
1207,2025-02-09 23:45:00,64.98333333333333,4.229999999999997,0.0,11.0,111.70333333333332,63.57,0.0,73.99,100.0,74.0,0.0,70.0,0.0,72.65333333333332,,,67.0,69.0,85.0,55.0,51.53,0.0
1208,2025-02-10 00:00:00,62.86333333333334,,0.0,10.5,111.70666666666666,63.57,0.0,73.99,100.0,74.0,0.0,70.0,0.0,72.64333333333333,,,67.0,69.0,85.0,55.0,,
1209,2025-02-10 00:15:00,62.86333333333334,,0.0,11.166666666666666,112.02,63.57,0.0,73.99,100.0,74.0,0.0,70.0,0.0,72.63,,,67.0,69.0,85.0,55.0,,
1210,2025-02-10 00:30:00,65.69,,0.0,11.0,111.74,63.57,0.0,73.99,100.0,74.0,0.0,70.0,0.0,72.63666666666667,,,67.0,69.0,85.0,55.0,,
1211,2025-02-10 00:45:00,64.98333333333333,,0.0,10.333333333333334,111.98,63.57,0.0,73.99,100.0,74.0,0.0,70.0,0.0,72.63,,,67.0,69.0,85.0,55.0,,
1212,2025-02-10 01:00:00,62.86333333333334,,0.0,10.5,111.98,63.57,0.0,73.99,100.0,74.0,0.0,70.0,0.0,72.63333333333333,,,67.0,69.0,85.0,55.0,,
1213,2025-02-10 01:15:00,64.98333333333333,,0.0,10.5,111.59333333333332,63.57,0.0,73.99,100.0,74.0,0.0,70.0,0.0,72.63666666666667,,,67.0,69.0,85.0,55.0,,
1214,2025-02-10 01:30:00,64.27666666666666,,0.0,10.0,111.56333333333332,63.57,0.0,73.99,100.0,74.0,0.0,70.0,0.0,72.63666666666667,,,67.0,69.0,85.0,55.0,,
1215,2025-02-10 01:45:00,64.27666666666666,,0.0,10.0,111.68333333333334,63.57,0.0,73.99,100.0,74.0,0.0,70.0,0.0,72.63,,,67.0,69.0,85.0,55.0,,
1216,2025-02-10 02:00:00,64.27666666666666,,0.0,10.333333333333334,111.69,63.57,0.0,73.99,100.0,74.0,0.0,70.0,0.0,72.62,,,67.0,69.0,85.0,55.0,,
1217,2025-02-10 02:15:00,64.98,,0.0,10.666666666666666,111.75666666666666,63.57,0.0,73.99,100.0,74.0,0.0,70.0,0.0,72.61666666666666,,,67.0,69.0,85.0,55.0,,
1218,2025-02-10 02:30:00,64.98333333333333,,0.0,11.0,111.42333333333332,63.57,0.0,73.99,100.0,74.0,0.0,70.0,0.0,72.63333333333333,,,67.0,69.0,85.0,55.0,,
1219,2025-02-10 02:45:00,65.68666666666667,,0.0,11.0,111.35,63.57,0.0,73.99,100.0,74.0,0.0,70.0,0.0,72.63,,,67.0,69.0,85.0,55.0,,
1220,2025-02-10 03:00:00,63.57,,0.0,10.5,111.34333333333332,63.57,0.0,73.99,100.0,74.0,0.0,70.0,0.0,72.52666666666666,,,67.0,69.0,85.0,55.0,,
1221,2025-02-10 03:15:00,64.98333333333333,,0.0,10.666666666666666,111.13333333333333,63.57,0.0,73.99,100.0,74.0,0.0,70.0,0.0,72.52,,,67.0,69.0,85.0,55.0,,
1222,2025-02-10 03:30:00,66.39333333333333,,0.0,10.5,111.21666666666664,63.57,0.0,73.99,100.0,74.0,0.0,70.0,0.0,72.52,,,67.0,69.0,85.0,55.0,,
1223,2025-02-10 03:45:00,64.27666666666666,2.119999999999997,0.0,10.5,111.20666666666666,63.57,0.0,73.99,100.0,74.0,0.0,70.0,0.0,72.50666666666666,,,67.0,69.0,85.0,55.0,52.03,0.0
1224,2025-02-10 04:00:00,64.27666666666666,2.119999999999997,0.0,10.5,111.08333333333331,63.57,0.0,73.99,100.0,74.0,0.0,70.0,0.0,72.48,,,67.0,69.0,85.0,55.0,52.02,0.0
1225,2025-02-10 04:15:00,63.57,2.119999999999997,0.0,11.0,111.40666666666668,63.57,0.0,73.99,100.0,74.0,0.0,70.0,0.0,72.42666666666666,,,67.0,69.0,85.0,55.0,51.74999999999999,0.0
1226,2025-02-10 04:30:00,65.69,0.0,0.0,10.666666666666666,111.03333333333336,63.57,0.0,73.99,100.0,74.0,0.0,70.0,0.0,72.37,,,67.0,69.0,85.0,55.0,52.150000000000006,0.0
1227,2025-02-10 04:45:00,64.98333333333333,2.119999999999997,0.0,11.0,111.24333333333334,63.57,0.0,73.99,100.0,74.0,0.0,70.0,0.0,72.34666666666666,,,67.0,69.0,85.0,55.0,52.03,0.0
1228,2025-02-10 05:00:00,66.39333333333333,2.119999999999997,0.0,11.333333333333334,111.05,63.57,0.0,73.99,100.0,74.0,0.0,70.0,0.0,72.24666666666667,,,67.0,69.0,85.0,55.0,52.21,0.0
1229,2025-02-10 05:15:00,64.27666666666666,4.229999999999997,0.0,11.5,111.29,63.57,0.0,73.99,100.0,74.0,0.0,70.0,0.0,72.23,,,67.0,69.0,85.0,55.0,52.35,0.0
1230,2025-02-10 05:30:00,64.27666666666666,0.0,0.0,11.0,110.95,63.57,0.0,73.99,100.0,74.0,0.0,70.0,0.0,72.19666666666666,,,67.0,69.0,85.0,55.0,52.56,0.0
1231,2025-02-10 05:45:00,63.57,2.119999999999997,0.0,12.5,111.74,63.57,0.0,73.99,100.0,74.0,0.0,70.0,0.0,72.20333333333333,,,67.0,69.0,85.0,55.0,52.72,0.0
1232,2025-02-10 06:00:00,64.27666666666666,0.0,0.0,12.833333333333334,111.92,63.57,0.0,73.99,100.0,74.0,0.0,70.0,0.0,72.23,,,67.0,69.0,85.0,55.0,53.74,0.0
1233,2025-02-10 06:15:00,64.98333333333333,-2.119999999999997,0.0,11.666666666666666,111.67333333333332,63.57,0.0,73.99,100.0,74.0,0.0,70.0,0.0,72.26666666666667,,,67.0,69.0,85.0,55.0,53.95,0.0
1234,2025-02-10 06:30:00,64.98333333333333,0.0,0.0,12.166666666666666,111.85666666666668,63.57,0.0,73.99,100.0,74.0,0.0,70.0,0.0,72.46333333333332,,,67.0,69.0,85.0,55.0,53.31999999999999,0.0
1235,2025-02-10 06:45:00,64.98333333333333,2.119999999999997,0.0,11.333333333333334,111.52,63.57,0.0,73.99,100.0,74.0,0.0,70.0,0.0,72.55666666666666,,,67.0,69.0,85.0,55.0,53.85,0.0
1236,2025-02-10 07:00:00,65.69,0.0,0.0,11.0,111.51333333333332,63.57,0.0,73.99,100.0,74.0,0.0,70.0,0.0,72.65333333333332,,,67.0,69.0,85.0,55.0,53.48,0.0
1237,2025-02-10 07:15:00,64.27666666666666,2.119999999999997,0.0,10.833333333333334,111.49333333333334,63.57,0.0,73.99,100.0,74.0,0.0,70.0,0.0,72.66,,,67.0,69.0,85.0,55.0,53.41,0.0
1238,2025-02-10 07:30:00,64.98333333333333,0.0,0.0,12.333333333333334,111.62,63.57,0.0,73.99,100.0,74.0,0.0,70.0,0.0,72.65333333333332,,,67.0,69.0,85.0,55.0,53.67,0.0
1239,2025-02-10 07:45:00,65.69,2.119999999999997,0.0,11.333333333333334,111.11333333333332,63.57,0.0,73.99,100.0,74.0,0.0,70.0,0.0,72.64333333333333,,,67.0,69.0,85.0,55.0,53.45,0.0
1240,2025-02-10 08:00:00,63.57,2.119999999999997,0.0,11.0,111.17,63.57,0.0,73.99,100.0,74.0,0.0,70.0,0.0,72.65333333333332,,,67.0,69.0,85.0,55.0,53.31,0.0
1241,2025-02-10 08:15:00,62.86333333333334,0.0,0.0,11.5,111.27333333333333,63.57,0.0,73.99,100.0,74.0,0.0,70.0,0.0,72.65333333333332,,,67.0,69.0,85.0,55.0,53.59,0.0
1242,2025-02-10 08:30:00,63.56999999999999,-2.119999999999997,0.0,12.166666666666666,111.30666666666669,63.57,0.0,73.99,100.0,74.0,0.0,70.0,0.0,72.64,,,67.0,69.0,85.0,55.0,53.81,0.0
1243,2025-02-10 08:45:00,64.27666666666666,-2.119999999999997,0.0,12.5,111.05,63.57,0.0,73.99,100.0,74.0,0.0,70.0,0.0,72.64666666666666,,,67.0,69.0,85.0,55.0,53.82,0.0
1244,2025-02-10 09:00:00,63.57,0.0,0.0,12.166666666666666,111.01333333333332,63.57,0.0,73.99,100.0,74.0,0.0,70.0,0.0,72.66666666666667,,,67.0,69.0,85.0,55.0,53.63999999999999,0.0
1245,2025-02-10 09:15:00,64.98,0.0,0.0,12.166666666666666,110.99,63.57,0.0,73.99,100.0,74.0,0.0,70.0,0.0,72.79,,,67.0,69.0,85.0,55.0,53.74,0.0
1246,2025-02-10 09:30:00,65.69,0.0,0.0,12.5,111.13,63.57,0.0,73.99,100.0,74.0,0.0,70.0,0.0,72.82000000000001,,,67.0,69.0,85.0,55.0,53.650000000000006,0.0
1247,2025-02-10 09:45:00,66.39333333333333,2.119999999999997,0.0,12.5,110.85666666666668,63.57,0.0,73.99,100.0,74.0,0.0,70.0,0.0,72.90666666666667,,,67.0,69.0,85.0,55.0,53.89,0.0
1248,2025-02-10 10:00:00,64.98333333333333,2.119999999999997,0.0,12.0,110.84666666666668,63.57,0.0,73.99,100.0,74.0,0.0,70.0,0.0,72.95,,,67.0,69.0,85.0,55.0,53.38,0.0
1249,2025-02-10 10:15:00,67.09666666666666,0.0,0.0,12.333333333333334,110.89333333333332,63.57,0.0,73.99,100.0,74.0,0.0,70.0,0.0,72.95,,,67.0,69.0,85.0,55.0,54.260000000000005,0.0
1250,2025-02-10 10:30:00,63.57,4.229999999999997,0.0,11.5,110.82666666666668,63.57,0.0,73.99,100.0,74.0,0.0,70.0,0.0,72.95,,,67.0,69.0,85.0,55.0,53.580000000000005,0.0
1251,2025-02-10 10:45:00,66.39333333333333,0.0,0.0,12.0,110.78000000000002,63.57,0.0,73.99,100.0,74.0,0.0,70.0,0.0,73.01666666666667,,,67.0,69.0,85.0,55.0,53.75,0.0
1252,2025-02-10 11:00:00,64.98333333333333,2.119999999999997,0.0,12.333333333333334,110.86,63.57,0.0,73.99,100.0,74.0,0.0,70.0,0.0,72.96666666666667,,,67.0,69.0,85.0,55.0,53.71000000000001,0.0
1253,2025-02-10 11:15:00,65.68666666666667,0.0,0.0,12.833333333333334,111.15333333333332,63.57,0.0,73.99,100.0,74.0,0.0,70.0,0.0,73.04666666666667,,,67.0,69.0,85.0,55.0,54.25,0.0
1254,2025-02-10 11:30:00,64.63,0.0,0.0,12.25,111.14,63.57,0.0,73.99,100.0,74.0,0.0,70.0,0.0,73.08,,,67.0,69.0,85.0,55.0,54.51,0.0
1255,2025-02-10 11:45:00,65.1575,2.119999999999997,0.0,12.625,110.9925,63.57,0.0,73.99,100.0,74.0,0.0,70.0,0.0,73.09,,,67.0,69.0,85.0,55.0,54.72,0.0
1256,2025-02-10 12:00:00,65.68666666666667,0.0,0.0,12.166666666666666,110.70666666666666,63.57,0.0,73.99,100.0,74.0,0.0,70.0,0.0,73.08666666666666,,,67.0,69.0,85.0,55.0,54.15,0.0
1257,2025-02-10 12:15:00,64.98333333333333,4.229999999999997,0.0,12.5,110.04333333333334,63.57,0.0,73.99,100.0,74.0,0.0,70.0,0.0,73.08666666666666,,,67.0,69.0,85.0,55.0,53.71,0.0
1258,2025-02-10 12:30:00,64.98333333333333,2.119999999999997,0.0,12.166666666666666,109.52666666666666,63.57,0.0,73.99,100.0,74.0,0.0,70.0,0.0,73.08666666666666,,,67.0,69.0,85.0,55.0,53.56,0.0
1259,2025-02-10 12:45:00,64.27666666666666,0.0,0.0,11.833333333333334,109.66666666666669,63.57,0.0,73.99,100.0,74.0,0.0,70.0,0.0,72.93666666666667,,,67.0,69.0,85.0,55.0,52.88,0.0
1260,2025-02-10 13:00:00,64.98333333333333,2.119999999999997,0.0,12.0,109.66666666666669,63.57,0.0,73.99,100.0,74.0,0.0,70.0,0.0,72.92333333333333,,,67.0,69.0,85.0,55.0,53.16,0.0
1261,2025-02-10 13:15:00,64.27666666666666,0.0,0.0,12.5,109.75333333333332,63.57,0.0,73.99,100.0,74.0,0.0,70.0,0.0,72.94333333333334,,,67.0,69.0,85.0,55.0,53.43,0.0
1262,2025-02-10 13:30:00,67.09666666666666,0.0,0.0,12.333333333333334,109.71,63.57,0.0,73.99,100.0,74.0,0.0,70.0,0.0,73.01,,,67.0,69.0,85.0,55.0,53.28,0.0
1263,2025-02-10 13:45:00,63.57,4.229999999999997,0.0,12.0,109.58333333333331,63.57,0.0,73.99,100.0,74.0,0.0,70.0,0.0,73.06666666666666,,,67.0,69.0,85.0,55.0,52.4,0.0
1264,2025-02-10 14:00:00,64.27666666666666,0.0,0.0,12.5,109.66,63.57,0.0,73.99,100.0,74.0,0.0,70.0,0.0,73.05,,,67.0,69.0,85.0,55.0,52.57,0.0
1265,2025-02-10 14:15:00,64.27666666666666,2.119999999999997,0.0,11.166666666666666,109.78000000000002,63.57,0.0,73.99,100.0,74.0,0.0,70.0,0.0,72.95666666666666,,,67.0,69.0,85.0,55.0,51.88,0.0
1266,2025-02-10 14:30:00,66.39333333333333,0.0,0.0,10.833333333333334,109.92,63.57,0.0,73.99,100.0,74.0,0.0,70.0,0.0,73.06,,,67.0,69.0,85.0,55.0,51.830000000000005,0.0
1267,2025-02-10 14:45:00,62.86333333333334,2.119999999999997,0.0,10.666666666666666,109.86,63.57,0.0,73.99,100.0,74.0,0.0,70.0,0.0,73.04333333333334,,,67.0,69.0,85.0,55.0,51.7,0.0
1268,2025-02-10 15:00:00,62.86333333333334,-2.119999999999997,0.0,11.0,109.50333333333332,63.57,0.0,73.99,100.0,74.0,0.0,70.0,0.0,72.95666666666666,,,67.0,69.0,85.0,55.0,51.52,0.0
1269,2025-02-10 15:15:00,63.57,-2.119999999999997,0.0,11.666666666666666,109.79333333333334,63.57,0.0,73.99,100.0,74.0,0.0,70.0,0.0,72.98,,,67.0,69.0,85.0,55.0,51.39,0.0
1270,2025-02-10 15:30:00,63.57,0.0,0.0,11.333333333333334,109.82333333333332,63.57,0.0,73.99,100.0,74.0,0.0,70.0,0.0,73.01666666666667,,,67.0,69.0,85.0,55.0,51.44,0.0
1271,2025-02-10 15:45:00,66.39333333333333,0.0,0.0,10.666666666666666,110.26333333333334,63.57,0.0,73.99,100.0,74.0,0.0,70.0,0.0,73.06666666666666,,,67.0,69.0,85.0,55.0,51.17,0.0
1272,2025-02-10 16:00:00,64.27666666666666,2.119999999999997,0.0,10.833333333333334,110.2,63.57,0.0,73.99,100.0,74.0,0.0,70.0,0.0,73.05,,,67.0,69.0,85.0,55.0,51.260000000000005,0.0
1273,2025-02-10 16:15:00,64.27666666666666,2.119999999999997,0.0,10.5,110.66666666666669,63.57,0.0,73.99,100.0,74.0,0.0,70.0,0.0,73.07666666666667,,,67.0,69.0,85.0,55.0,50.59,0.0
1274,2025-02-10 16:30:00,64.98333333333333,2.119999999999997,0.0,10.333333333333334,110.66333333333334,63.57,0.0,73.99,100.0,74.0,0.0,70.0,0.0,73.16000000000001,,,67.0,69.0,85.0,55.0,50.92,0.0
1275,2025-02-10 16:45:00,64.98333333333333,2.119999999999997,0.0,10.333333333333334,110.78666666666668,63.57,0.0,73.99,100.0,74.0,0.0,70.0,0.0,73.13,,,67.0,69.0,85.0,55.0,50.00000000000001,0.0
1276,2025-02-10 17:00:00,64.98333333333333,0.0,0.0,10.5,110.54666666666668,63.57,0.0,73.99,100.0,74.0,0.0,70.0,0.0,73.2,,,67.0,69.0,85.0,55.0,50.5,0.0
1277,2025-02-10 17:15:00,65.68666666666667,2.119999999999997,0.0,11.0,110.62666666666668,63.57,0.0,73.99,100.0,74.0,0.0,70.0,0.0,73.18666666666667,,,67.0,69.0,85.0,55.0,50.71,0.0
1278,2025-02-10 17:30:00,64.27666666666666,4.229999999999997,0.0,10.5,110.83333333333331,63.57,0.0,73.99,100.0,74.0,0.0,70.0,0.0,73.20666666666666,,,67.0,69.0,85.0,55.0,49.830000000000005,0.0
1279,2025-02-10 17:45:00,66.39333333333333,0.0,0.0,10.333333333333334,110.92333333333332,63.57,0.0,73.99,100.0,74.0,0.0,70.0,0.0,73.22,,,67.0,69.0,85.0,55.0,50.720000000000006,0.0
1280,2025-02-10 18:00:00,65.68666666666667,2.119999999999997,0.0,10.166666666666666,111.33333333333331,63.57,0.0,73.99,100.0,74.0,0.0,70.0,0.0,73.20666666666666,,,67.0,69.0,85.0,55.0,49.85000000000001,0.0
1281,2025-02-10 18:15:00,64.27666666666666,4.229999999999997,0.0,10.166666666666666,111.49333333333334,63.57,0.0,73.99,100.0,74.0,0.0,70.0,0.0,73.19333333333334,,,67.0,69.0,85.0,55.0,49.73,0.0
1282,2025-02-10 18:30:00,65.69,0.0,0.0,10.5,111.37,63.57,0.0,73.99,100.0,74.0,0.0,70.0,0.0,73.24666666666667,,,67.0,69.0,85.0,55.0,49.48,0.0
1283,2025-02-10 18:45:00,64.27666666666666,2.119999999999997,0.0,10.0,111.57333333333334,63.57,0.0,73.99,100.0,74.0,0.0,70.0,0.0,73.22666666666667,,,67.0,69.0,85.0,55.0,48.870000000000005,0.0
1284,2025-02-10 19:00:00,64.98,0.0,0.0,9.666666666666666,111.44,63.57,0.0,73.99,100.0,74.0,0.0,70.0,0.0,73.22666666666667,,,67.0,69.0,85.0,55.0,49.17000000000001,0.0
1285,2025-02-10 19:15:00,64.98,-2.119999999999997,0.0,9.5,111.62333333333332,63.57,0.0,73.99,100.0,74.0,0.0,70.0,0.0,73.38,,,67.0,69.0,85.0,55.0,48.99,0.0
1286,2025-02-10 19:30:00,66.39333333333333,4.229999999999997,0.0,9.0,111.62666666666668,63.57,0.0,73.99,100.0,74.0,0.0,70.0,0.0,73.39333333333333,,,67.0,69.0,85.0,55.0,48.55,0.0
1287,2025-02-10 19:45:00,64.27333333333333,4.229999999999997,0.0,8.666666666666666,111.34333333333332,63.57,0.0,73.99,100.0,74.0,0.0,70.0,0.0,73.45333333333333,,,67.0,69.0,85.0,55.0,48.52,0.0
1288,2025-02-10 20:00:00,66.39333333333333,-2.119999999999997,0.0,8.333333333333334,111.28000000000002,63.57,0.0,73.99,100.0,74.0,0.0,70.0,0.0,73.54666666666667,,,67.0,69.0,85.0,55.0,47.86,0.0
1289,2025-02-10 20:15:00,66.39333333333333,2.119999999999997,0.0,8.333333333333334,111.05,63.57,0.0,73.99,100.0,74.0,0.0,70.0,0.0,73.69333333333333,,,67.0,69.0,85.0,55.0,48.0,0.0
1290,2025-02-10 20:30:00,64.27666666666666,2.119999999999997,0.0,7.666666666666667,110.76,63.57,0.0,73.99,100.0,74.0,0.0,70.0,0.0,73.80333333333333,,,67.0,69.0,85.0,55.0,47.6,0.0
1291,2025-02-10 20:45:00,64.27666666666666,0.0,0.0,7.666666666666667,110.93333333333334,63.57,0.0,73.99,100.0,74.0,0.0,70.0,0.0,73.81,,,67.0,69.0,85.0,55.0,47.24,0.0
1292,2025-02-10 21:00:00,63.57,2.119999999999997,0.0,8.333333333333334,110.84666666666664,63.57,0.0,73.99,100.0,74.0,0.0,70.0,0.0,73.82333333333334,,,67.0,69.0,85.0,55.0,46.78,0.0
1293,2025-02-10 21:15:00,64.27666666666666,0.0,0.0,7.666666666666667,110.51333333333332,63.57,0.0,73.99,100.0,74.0,0.0,70.0,0.0,73.86666666666667,,,67.0,69.0,85.0,55.0,46.69999999999999,0.0
1294,2025-02-10 21:30:00,64.98333333333333,0.0,0.0,7.833333333333333,110.76666666666668,63.57,0.0,73.99,100.0,74.0,0.0,70.0,0.0,73.96,,,67.0,69.0,85.0,55.0,46.71999999999999,0.0
1295,2025-02-10 21:45:00,65.69,2.119999999999997,0.0,7.833333333333333,110.33,63.57,0.0,73.99,100.0,74.0,0.0,70.0,0.0,73.97333333333334,,,67.0,69.0,85.0,55.0,46.98,0.0
1296,2025-02-10 22:00:00,64.27666666666666,2.119999999999997,0.0,7.5,110.27666666666666,63.57,0.0,73.99,100.0,74.0,0.0,70.0,0.0,73.96666666666665,,,67.0,69.0,85.0,55.0,46.41,0.0
1297,2025-02-10 22:15:00,64.98333333333333,2.119999999999997,0.0,8.166666666666666,110.00666666666666,63.57,0.0,73.99,100.0,74.0,0.0,70.0,0.0,73.91666666666667,,,67.0,69.0,85.0,55.0,46.67,0.0
1298,2025-02-10 22:30:00,64.98333333333333,0.0,0.0,9.0,109.86333333333332,63.57,0.0,73.99,100.0,74.0,0.0,70.0,0.0,73.77666666666666,,,67.0,69.0,85.0,55.0,46.56,0.0
1299,2025-02-10 22:45:00,66.39333333333333,0.0,0.0,8.0,109.36333333333334,63.57,0.0,73.99,100.0,74.0,0.0,70.0,0.0,73.60666666666667,,,67.0,69.0,85.0,55.0,46.69,0.0
1300,2025-02-10 23:00:00,63.57,2.119999999999997,0.0,7.833333333333333,109.43,63.57,0.0,73.99,100.0,74.0,0.0,70.0,0.0,73.34666666666668,,,67.0,69.0,85.0,55.0,46.57,0.0
1301,2025-02-10 23:15:00,64.98333333333333,-2.119999999999997,0.0,9.5,109.35333333333334,63.57,0.0,73.99,100.0,74.0,0.0,70.0,0.0,73.17666666666666,,,67.0,69.0,85.0,55.0,47.150000000000006,0.0
1302,2025-02-10 23:30:00,63.57,2.119999999999997,0.0,9.5,109.42333333333332,63.57,0.0,73.99,100.0,74.0,0.0,70.0,0.0,73.02666666666667,,,67.0,69.0,85.0,55.0,47.21999999999999,0.0
1303,2025-02-10 23:45:00,64.27666666666666,-2.119999999999997,0.0,9.833333333333334,109.53000000000002,63.57,0.0,73.99,100.0,74.0,0.0,70.0,0.0,72.93666666666667,,,67.0,69.0,85.0,55.0,47.56,0.0
1304,2025-02-11 00:00:00,63.57,0.0,0.0,10.5,109.59,63.57,0.0,73.99,100.0,74.0,0.0,70.0,0.0,72.79,,,67.0,69.0,85.0,55.0,47.940000000000005,0.0
1305,2025-02-11 00:15:00,64.27666666666666,0.0,0.0,10.333333333333334,109.82333333333334,63.57,0.0,73.99,100.0,74.0,0.0,70.0,0.0,72.74333333333334,,,67.0,69.0,85.0,55.0,48.17000000000001,0.0
1306,2025-02-11 00:30:00,63.57,0.0,0.0,10.833333333333334,110.25333333333332,63.57,0.0,73.99,100.0,74.0,0.0,70.0,0.0,72.71,,,67.0,69.0,85.0,55.0,48.370000000000005,0.0
1307,2025-02-11 00:45:00,64.98,0.0,0.0,11.333333333333334,110.11333333333332,63.57,0.0,73.99,100.0,74.0,0.0,70.0,0.0,72.66,,,67.0,69.0,85.0,55.0,49.09,0.0
1308,2025-02-11 01:00:00,65.69,0.0,0.0,11.5,110.33666666666666,63.57,0.0,73.99,100.0,74.0,0.0,70.0,0.0,72.76333333333334,,,67.0,69.0,85.0,55.0,49.1,0.0
1309,2025-02-11 01:15:00,64.27666666666666,2.119999999999997,0.0,10.333333333333334,110.15666666666668,63.57,0.0,73.99,100.0,74.0,0.0,70.0,0.0,72.99333333333334,,,67.0,69.0,85.0,55.0,49.12,0.0
1310,2025-02-11 01:30:00,64.27666666666666,0.0,0.0,11.5,110.53000000000002,63.57,0.0,73.99,100.0,74.0,0.0,70.0,0.0,73.51333333333334,,,67.0,69.0,85.0,55.0,49.36000000000001,0.0
1311,2025-02-11 01:45:00,64.27666666666666,2.119999999999997,0.0,11.833333333333334,110.78333333333336,63.57,0.0,73.99,100.0,74.0,0.0,70.0,0.0,73.68666666666667,,,67.0,69.0,85.0,55.0,49.85,0.0
1312,2025-02-11 02:00:00,65.68666666666667,0.0,0.0,10.666666666666666,110.82,63.57,0.0,73.99,100.0,74.0,0.0,70.0,0.0,73.76333333333334,,,67.0,69.0,85.0,55.0,50.55,0.0
1313,2025-02-11 02:15:00,64.27666666666666,0.0,0.0,10.666666666666666,110.91666666666669,63.57,0.0,73.99,100.0,74.0,0.0,70.0,0.0,73.57333333333334,,,67.0,69.0,85.0,55.0,50.07000000000001,0.0
1314,2025-02-11 02:30:00,63.57,0.0,0.0,11.333333333333334,111.17666666666666,63.57,0.0,73.99,100.0,74.0,0.0,70.0,0.0,73.49666666666667,,,67.0,69.0,85.0,55.0,50.21000000000001,0.0
1315,2025-02-11 02:45:00,64.27666666666666,0.0,0.0,12.0,111.44,63.57,0.0,73.99,100.0,74.0,0.0,70.0,0.0,73.41,,,67.0,69.0,85.0,55.0,50.45,0.0
1316,2025-02-11 03:00:00,63.56999999999999,0.0,0.0,11.666666666666666,111.51333333333334,63.57,0.0,73.99,100.0,74.0,0.0,70.0,0.0,73.38,,,67.0,69.0,85.0,55.0,50.60000000000001,0.0
1317,2025-02-11 03:15:00,63.57,-2.119999999999997,0.0,12.166666666666666,111.61666666666667,63.57,0.0,73.99,100.0,74.0,0.0,70.0,0.0,73.49,,,67.0,69.0,85.0,55.0,50.59,0.0
1318,2025-02-11 03:30:00,63.57,0.0,0.0,11.5,111.64333333333332,63.57,0.0,73.99,100.0,74.0,0.0,70.0,0.0,73.48,,,67.0,69.0,85.0,55.0,50.58,0.0
1319,2025-02-11 03:45:00,64.27666666666666,2.119999999999997,0.0,11.5,111.28333333333336,63.57,0.0,73.99,100.0,74.0,0.0,70.0,0.0,73.47666666666667,,,67.0,69.0,85.0,55.0,50.84,0.0
1320,2025-02-11 04:00:00,62.156666666666666,0.0,0.0,11.5,111.49333333333334,63.57,0.0,73.99,100.0,74.0,0.0,70.0,0.0,73.47666666666667,,,67.0,69.0,85.0,55.0,50.32000000000001,0.0
1321,2025-02-11 04:15:00,66.39333333333333,0.0,0.0,12.333333333333334,111.53000000000002,63.57,0.0,73.99,100.0,74.0,0.0,70.0,0.0,73.44333333333333,,,67.0,69.0,85.0,55.0,51.01,0.0
1322,2025-02-11 04:30:00,64.98333333333333,2.119999999999997,0.0,12.0,111.4,63.57,0.0,73.99,100.0,74.0,0.0,70.0,0.0,73.46333333333332,,,67.0,69.0,85.0,55.0,50.95,0.0
1323,2025-02-11 04:45:00,64.98333333333333,2.119999999999997,0.0,11.666666666666666,111.56,63.57,0.0,73.99,100.0,74.0,0.0,70.0,0.0,73.41333333333334,,,67.0,69.0,85.0,55.0,50.55,0.0
1324,2025-02-11 05:00:00,64.27666666666666,2.119999999999997,0.0,11.5,111.67333333333332,63.57,0.0,73.99,100.0,74.0,0.0,70.0,0.0,73.45333333333333,,,67.0,69.0,85.0,55.0,50.82,0.0
1325,2025-02-11 05:15:00,64.27333333333333,0.0,0.0,11.833333333333334,111.60666666666668,63.57,0.0,73.99,100.0,74.0,0.0,70.0,0.0,73.45333333333333,,,67.0,69.0,85.0,55.0,50.91,0.0
1326,2025-02-11 05:30:00,65.69,-2.119999999999997,0.0,12.333333333333334,111.54666666666668,63.57,0.0,73.99,100.0,74.0,0.0,70.0,0.0,73.42,,,67.0,69.0,85.0,55.0,50.87,0.0
1327,2025-02-11 05:45:00,64.98333333333333,2.119999999999997,0.0,11.333333333333334,111.44,63.57,0.0,73.99,100.0,74.0,0.0,70.0,0.0,73.44333333333333,,,67.0,69.0,85.0,55.0,50.96000000000001,0.0
1328,2025-02-11 06:00:00,62.86333333333334,,0.0,11.333333333333334,111.59,63.57,0.0,73.99,100.0,74.0,0.0,70.0,0.0,73.38,,,67.0,69.0,85.0,55.0,,
1329,2025-02-11 06:15:00,64.98333333333333,,0.0,12.166666666666666,111.60333333333334,63.57,0.0,73.99,100.0,74.0,0.0,70.0,0.0,73.38666666666667,,,67.0,69.0,85.0,55.0,,
1330,2025-02-11 06:30:00,66.39333333333333,,0.0,12.333333333333334,111.52,63.57,0.0,73.99,100.0,74.0,0.0,70.0,0.0,73.38,,,67.0,69.0,85.0,55.0,,
1331,2025-02-11 06:45:00,64.27666666666666,,0.0,11.0,111.77666666666666,63.57,0.0,73.99,100.0,74.0,0.0,70.0,0.0,73.41000000000001,,,67.0,69.0,85.0,55.0,,
1332,2025-02-11 07:00:00,64.27666666666666,,0.0,11.5,111.57,63.57,0.0,73.99,100.0,74.0,0.0,70.0,0.0,73.44666666666667,,,67.0,69.0,85.0,55.0,,
1333,2025-02-11 07:15:00,65.68666666666667,,0.0,11.833333333333334,111.63,63.57,0.0,73.99,100.0,74.0,0.0,70.0,0.0,73.49666666666667,,,67.0,69.0,85.0,55.0,,
1334,2025-02-11 07:30:00,64.98333333333333,,0.0,11.333333333333334,111.55666666666669,63.57,0.0,73.99,100.0,74.0,0.0,70.0,0.0,73.47333333333333,,,67.0,69.0,85.0,55.0,,
1335,2025-02-11 07:45:00,67.09666666666666,,0.0,12.0,111.5,63.57,0.0,73.99,100.0,74.0,0.0,70.0,0.0,73.42333333333333,,,67.0,69.0,85.0,55.0,,
1336,2025-02-11 08:00:00,65.68666666666667,,0.0,11.166666666666666,111.52333333333333,63.57,0.0,73.99,100.0,74.0,0.0,70.0,0.0,73.44,,,67.0,69.0,85.0,55.0,,
1337,2025-02-11 08:15:00,64.98333333333333,,0.0,11.0,111.37,63.57,0.0,73.99,100.0,74.0,0.0,70.0,0.0,73.49,,,67.0,69.0,85.0,55.0,,
1338,2025-02-11 08:30:00,65.69,,0.0,12.166666666666666,111.48666666666666,63.57,0.0,73.99,100.0,74.0,0.0,70.0,0.0,73.51,,,67.0,69.0,85.0,55.0,,
1339,2025-02-11 08:45:00,62.86333333333334,,0.0,10.833333333333334,111.31333333333332,63.57,0.0,73.99,100.0,74.0,0.0,70.0,0.0,73.51,,,67.0,69.0,85.0,55.0,,
1340,2025-02-11 09:00:00,64.27333333333333,,0.0,12.333333333333334,111.71666666666664,63.57,0.0,73.99,100.0,74.0,0.0,70.0,0.0,73.51666666666667,,,67.0,69.0,85.0,55.0,,
1341,2025-02-11 09:15:00,64.98,,0.0,11.166666666666666,111.30333333333331,63.57,0.0,73.99,100.0,74.0,0.0,70.0,0.0,73.53,,,67.0,69.0,85.0,55.0,,
1342,2025-02-11 09:30:00,63.57,,0.0,11.666666666666666,111.03333333333336,63.57,0.0,73.99,100.0,74.0,0.0,70.0,0.0,73.53333333333335,,,67.0,69.0,85.0,55.0,,
1343,2025-02-11 09:45:00,64.27333333333333,,0.0,11.166666666666666,110.19333333333331,63.57,0.0,73.99,100.0,74.0,0.0,70.0,0.0,73.52333333333333,,,67.0,69.0,85.0,55.0,,
1344,2025-02-11 10:00:00,64.63,,0.0,11.5,109.705,63.57,0.0,73.99,100.0,74.0,0.0,70.0,0.0,73.455,,,67.0,69.0,85.0,55.0,,
1345,2025-02-11 10:15:00,60.74333333333334,,0.0,11.5,110.11333333333334,63.57,0.0,73.99,100.0,74.0,0.0,70.0,0.0,73.43333333333334,,,67.0,69.0,85.0,55.0,,
1346,2025-02-11 10:30:00,64.98333333333333,,0.0,11.5,110.09333333333332,63.57,0.0,73.99,100.0,74.0,0.0,70.0,0.0,73.44,,,67.0,69.0,85.0,55.0,,
1347,2025-02-11 10:45:00,65.68666666666667,,0.0,11.166666666666666,110.15,63.57,0.0,73.99,100.0,74.0,0.0,70.0,0.0,73.51,,,67.0,69.0,85.0,55.0,,
1348,2025-02-11 11:00:00,65.68666666666667,,0.0,12.0,109.39333333333332,63.57,0.0,73.99,100.0,74.0,0.0,70.0,0.0,73.49,,,67.0,69.0,85.0,55.0,,
1349,2025-02-11 11:15:00,64.98333333333333,,0.0,11.333333333333334,109.41666666666669,63.57,0.0,73.99,100.0,74.0,0.0,70.0,0.0,73.52333333333333,,,67.0,69.0,85.0,55.0,,
1350,2025-02-11 11:30:00,63.57,,0.0,12.0,109.64,63.57,0.0,73.99,100.0,74.0,0.0,70.0,0.0,73.51,,,67.0,69.0,85.0,55.0,,
1351,2025-02-11 11:45:00,65.69,,0.0,12.0,109.85666666666668,63.57,0.0,73.99,100.0,74.0,0.0,70.0,0.0,73.51,,,67.0,69.0,85.0,55.0,,
1352,2025-02-11 12:00:00,67.09666666666666,,0.0,11.333333333333334,109.95666666666666,63.57,0.0,73.99,100.0,74.0,0.0,70.0,0.0,73.52333333333333,,,67.0,69.0,85.0,55.0,,
1353,2025-02-11 12:15:00,65.68666666666667,,0.0,11.5,109.85666666666668,63.57,0.0,73.99,100.0,74.0,0.0,70.0,0.0,73.51,,,67.0,69.0,85.0,55.0,,
1354,2025-02-11 12:30:00,65.68333333333334,,0.0,11.666666666666666,109.65,63.57,0.0,73.99,100.0,74.0,0.0,70.0,0.0,73.49666666666667,,,67.0,69.0,85.0,55.0,,
1355,2025-02-11 12:45:00,65.68666666666667,,0.0,11.666666666666666,110.27,63.57,0.0,73.99,100.0,74.0,0.0,70.0,0.0,73.37333333333333,,,67.0,69.0,85.0,55.0,,
1356,2025-02-11 13:00:00,64.98333333333333,,0.0,11.666666666666666,110.21999999999998,63.57,0.0,73.99,100.0,74.0,0.0,70.0,0.0,73.38666666666667,,,67.0,69.0,85.0,55.0,,
1357,2025-02-11 13:15:00,65.68666666666667,,0.0,12.166666666666666,110.09,63.57,0.0,73.99,100.0,74.0,0.0,70.0,0.0,73.36333333333333,,,67.0,69.0,85.0,55.0,,
1358,2025-02-11 13:30:00,64.27666666666666,,0.0,12.166666666666666,110.37,63.57,0.0,73.99,100.0,74.0,0.0,70.0,0.0,73.34666666666666,,,67.0,69.0,85.0,55.0,,
1359,2025-02-11 13:45:00,63.57,,0.0,12.166666666666666,110.17,63.57,0.0,73.99,100.0,74.0,0.0,70.0,0.0,73.35666666666667,,,67.0,69.0,85.0,55.0,,
1360,2025-02-11 14:00:00,66.39333333333333,,0.0,12.5,109.86333333333334,63.57,0.0,73.99,100.0,74.0,0.0,70.0,0.0,73.23333333333333,,,67.0,69.0,85.0,55.0,,
1361,2025-02-11 14:15:00,63.57,2.119999999999997,0.0,11.5,109.75333333333332,63.57,0.0,73.99,100.0,74.0,0.0,70.0,0.0,73.24,,,67.0,69.0,85.0,55.0,51.33,0.0
1362,2025-02-11 14:30:00,63.57,0.0,0.0,12.333333333333334,109.84333333333332,63.57,0.0,73.99,100.0,74.0,0.0,70.0,0.0,73.21333333333332,,,67.0,69.0,85.0,55.0,51.06,0.0
1363,2025-02-11 14:45:00,62.86333333333334,0.0,0.0,11.0,109.73,63.57,0.0,73.99,100.0,74.0,0.0,70.0,0.0,73.22,,,67.0,69.0,85.0,55.0,50.970000000000006,0.0
1364,2025-02-11 15:00:00,64.27666666666666,0.0,0.0,11.333333333333334,109.45,63.57,0.0,73.99,100.0,74.0,0.0,70.0,0.0,73.20666666666666,,,67.0,69.0,85.0,55.0,51.11000000000001,0.0
1365,2025-02-11 15:15:00,64.27666666666666,0.0,0.0,11.5,109.66,63.57,0.0,73.99,100.0,74.0,0.0,70.0,0.0,73.22666666666667,,,67.0,69.0,85.0,55.0,51.3,0.0
1366,2025-02-11 15:30:00,64.98333333333333,-2.119999999999997,0.0,12.0,109.65666666666664,63.57,0.0,73.99,100.0,74.0,0.0,70.0,0.0,73.25666666666666,,,67.0,69.0,85.0,55.0,51.35,0.0
1367,2025-02-11 15:45:00,64.27666666666666,2.119999999999997,0.0,11.666666666666666,109.93333333333334,63.57,0.0,73.99,100.0,74.0,0.0,70.0,0.0,73.25,,,67.0,69.0,85.0,55.0,50.92,0.0
1368,2025-02-11 16:00:00,66.39,2.119999999999997,0.0,11.5,109.73,63.57,0.0,73.99,100.0,74.0,0.0,70.0,0.0,73.46666666666667,,,67.0,69.0,85.0,55.0,51.35,0.0
1369,2025-02-11 16:15:00,64.27666666666666,0.0,0.0,11.833333333333334,109.72,63.57,0.0,73.99,100.0,74.0,0.0,70.0,0.0,73.52333333333333,,,67.0,69.0,85.0,55.0,51.28,0.0
1370,2025-02-11 16:30:00,63.57,0.0,0.0,10.833333333333334,109.65,63.57,0.0,73.99,100.0,74.0,0.0,70.0,0.0,73.64333333333333,,,67.0,69.0,85.0,55.0,50.93000000000001,0.0
1371,2025-02-11 16:45:00,43.086666666666666,-2.119999999999997,0.0,43.5,107.38,63.57,0.0,73.99,100.0,74.0,0.0,70.0,0.0,73.57333333333334,,,67.0,69.0,85.0,55.0,51.34,0.0
1372,2025-02-11 17:00:00,64.27666666666666,0.0,0.0,20.5,111.40333333333336,63.57,0.0,73.99,100.0,74.0,0.0,70.0,0.0,73.45333333333333,,,67.0,69.0,85.0,55.0,51.830000000000005,0.0
1373,2025-02-11 17:15:00,65.68666666666667,2.119999999999997,0.0,19.5,110.98666666666668,63.57,0.0,73.99,100.0,74.0,0.0,70.0,0.0,73.32333333333334,,,67.0,69.0,85.0,55.0,52.88,0.0
1374,2025-02-11 17:30:00,64.98,0.0,0.0,19.5,111.11,63.57,0.0,73.99,100.0,74.0,0.0,70.0,0.0,73.31666666666666,,,67.0,69.0,85.0,55.0,52.07000000000001,0.0
1375,2025-02-11 17:45:00,63.57,0.0,0.0,21.33333333333333,111.8,63.57,0.0,73.99,100.0,74.0,0.0,70.0,0.0,73.58,,,67.0,69.0,85.0,55.0,52.16,0.0
1376,2025-02-11 18:00:00,64.27666666666666,0.0,0.0,20.166666666666668,110.16,63.57,0.0,73.99,87.10000000000001,74.0,0.0,70.0,0.0,74.56666666666666,,,67.0,69.0,85.0,55.0,52.3,0.0
1377,2025-02-11 18:15:00,64.27333333333333,0.0,0.0,20.666666666666668,101.04333333333334,63.57,0.0,73.99,68.37666666666667,74.0,0.0,70.0,0.0,75.17,,,67.0,69.0,85.0,55.0,48.78,0.0
1378,2025-02-11 18:30:00,64.98333333333333,-2.119999999999997,0.0,20.83333333333333,88.71999999999998,63.57,0.0,73.99,50.02,74.0,0.0,70.0,0.0,75.54,,,67.0,69.0,85.0,55.0,38.23,0.0
1379,2025-02-11 18:45:00,64.27666666666666,0.0,0.0,19.33333333333333,76.82666666666667,63.57,0.0,73.99,34.54,74.0,0.0,70.0,0.0,75.69666666666666,,,67.0,69.0,85.0,55.0,25.07,0.0
1380,2025-02-11 19:00:00,64.98,2.119999999999997,0.0,20.5,78.92,63.57,0.0,73.99,41.16333333333333,74.0,0.0,70.0,0.0,74.83666666666666,,,67.0,69.0,85.0,55.0,14.85,0.0
1381,2025-02-11 19:15:00,64.98,4.229999999999997,0.0,19.166666666666668,89.08999999999999,63.57,0.0,73.99,54.27333333333333,74.0,0.0,70.0,0.0,74.06666666666666,,,67.0,69.0,85.0,55.0,24.15000000000001,0.0
1382,2025-02-11 19:30:00,64.98333333333333,0.0,0.0,18.5,94.36,63.57,0.0,73.99,61.56333333333333,74.0,0.0,70.0,0.0,73.73333333333333,,,67.0,69.0,85.0,55.0,32.0,0.0
1383,2025-02-11 19:45:00,62.86333333333334,0.0,0.0,18.83333333333333,99.75666666666666,63.57,0.0,73.99,69.71666666666667,74.0,0.0,70.0,0.0,73.47333333333334,,,67.0,69.0,85.0,55.0,36.57,0.0
1384,2025-02-11 20:00:00,65.68666666666667,2.119999999999997,0.0,19.5,103.5,63.57,0.0,73.99,76.35333333333334,74.0,0.0,70.0,0.0,73.35666666666667,,,67.0,69.0,85.0,55.0,42.62,0.0
1385,2025-02-11 20:15:00,64.98333333333333,0.0,0.0,18.33333333333333,107.12666666666668,63.57,0.0,73.99,84.33333333333333,74.0,0.0,70.0,0.0,73.23333333333333,,,67.0,69.0,85.0,55.0,45.190000000000005,0.0
1386,2025-02-11 20:30:00,62.156666666666666,2.119999999999997,0.0,19.0,110.06,63.57,0.0,73.99,91.54333333333334,74.0,0.0,70.0,0.0,73.16333333333334,,,67.0,69.0,85.0,55.0,48.68000000000001,0.0
1387,2025-02-11 20:45:00,64.27666666666666,-4.240000000000002,0.0,20.666666666666668,111.92,63.57,0.0,73.99,99.17666666666666,74.0,0.0,70.0,0.0,73.09,,,67.0,69.0,85.0,55.0,52.400000000000006,0.0
1388,2025-02-11 21:00:00,64.27666666666666,0.0,0.0,21.0,112.03333333333336,63.57,0.0,73.99,100.0,74.0,0.0,70.0,0.0,73.07333333333334,,,67.0,69.0,85.0,55.0,53.34,0.0
1389,2025-02-11 21:15:00,64.27666666666666,2.119999999999997,0.0,20.33333333333333,112.00333333333332,63.57,0.0,73.99,100.0,74.0,0.0,70.0,0.0,73.07666666666667,,,67.0,69.0,85.0,55.0,52.87,0.0
1390,2025-02-11 21:30:00,65.69,0.0,0.0,20.83333333333333,111.7,63.57,0.0,73.99,100.0,74.0,0.0,70.0,0.0,73.09,,,67.0,69.0,85.0,55.0,52.99,0.0
1391,2025-02-11 21:45:00,65.68666666666667,2.119999999999997,0.0,21.166666666666668,112.03666666666668,63.57,0.0,73.99,100.0,74.0,0.0,70.0,0.0,73.09,,,67.0,69.0,85.0,55.0,53.370000000000005,0.0
1392,2025-02-11 22:00:00,64.27666666666666,4.229999999999997,0.0,20.166666666666668,111.72,63.57,0.0,73.99,100.0,74.0,0.0,70.0,0.0,73.08,,,67.0,69.0,85.0,55.0,53.15,0.0
1393,2025-02-11 22:15:00,64.98,0.0,0.0,20.5,111.65666666666668,63.57,0.0,73.99,100.0,74.0,0.0,70.0,0.0,73.04,,,67.0,69.0,85.0,55.0,52.78000000000001,0.0
1394,2025-02-11 22:30:00,64.27333333333333,4.229999999999997,0.0,20.83333333333333,111.72,63.57,0.0,73.99,100.0,74.0,0.0,70.0,0.0,72.97,,,67.0,69.0,85.0,55.0,52.46,0.0
1395,2025-02-11 22:45:00,65.69,2.119999999999997,0.0,20.5,111.74,63.57,0.0,73.99,100.0,74.0,0.0,70.0,0.0,73.02666666666666,,,67.0,69.0,85.0,55.0,53.41,0.0
1396,2025-02-11 23:00:00,63.56999999999999,2.119999999999997,0.0,19.666666666666668,111.54666666666668,63.57,0.0,73.99,100.0,74.0,0.0,70.0,0.0,73.04,,,67.0,69.0,85.0,55.0,52.81,0.0
1397,2025-02-11 23:15:00,63.57,-2.119999999999997,0.0,21.5,111.96666666666664,63.57,0.0,73.99,100.0,74.0,0.0,70.0,0.0,73.19,,,67.0,69.0,85.0,55.0,52.88000000000001,0.0
1398,2025-02-11 23:30:00,64.98333333333333,2.119999999999997,0.0,22.166666666666668,112.27333333333333,63.57,0.0,73.99,100.0,74.0,0.0,70.0,0.0,73.22666666666667,,,67.0,69.0,85.0,55.0,52.99,0.0
1399,2025-02-11 23:45:00,65.68666666666667,0.0,0.0,21.0,112.01333333333334,63.57,0.0,73.99,100.0,74.0,0.0,70.0,0.0,73.15666666666668,,,67.0,69.0,85.0,55.0,53.34,0.0
1400,2025-02-12 00:00:00,65.69,0.0,0.0,21.33333333333333,111.98,63.57,0.0,73.99,100.0,74.0,0.0,70.0,0.0,73.24333333333333,,,67.0,69.0,85.0,55.0,52.67,0.0
1401,2025-02-12 00:15:00,62.86333333333334,2.119999999999997,0.0,21.5,112.68333333333334,63.57,0.0,73.99,100.0,74.0,0.0,70.0,0.0,73.42333333333333,,,67.0,69.0,85.0,55.0,52.43,0.0
1402,2025-02-12 00:30:00,64.98333333333333,-2.119999999999997,0.0,20.83333333333333,112.46666666666664,63.57,0.0,73.99,100.0,74.0,0.0,70.0,0.0,73.53,,,67.0,69.0,85.0,55.0,54.2,0.0
1403,2025-02-12 00:45:00,64.98333333333333,0.0,0.0,20.83333333333333,112.66333333333334,63.57,0.0,73.99,100.0,74.0,0.0,70.0,0.0,73.60666666666667,,,67.0,69.0,85.0,55.0,53.27,0.0
1404,2025-02-12 01:00:00,64.27666666666666,0.0,0.0,22.5,113.36,63.57,0.0,73.99,100.0,74.0,0.0,70.0,0.0,73.65666666666667,,,67.0,69.0,85.0,55.0,53.88,0.0
1405,2025-02-12 01:15:00,65.68666666666667,0.0,0.0,21.83333333333333,113.3,63.57,0.0,73.99,100.0,74.0,0.0,70.0,0.0,73.69,,,67.0,69.0,85.0,55.0,55.07999999999999,0.0
1406,2025-02-12 01:30:00,64.27666666666666,2.119999999999997,0.0,21.0,113.27666666666666,63.57,0.0,73.99,100.0,74.0,0.0,70.0,0.0,73.70666666666666,,,67.0,69.0,85.0,55.0,53.92,0.0
1407,2025-02-12 01:45:00,64.27333333333333,0.0,0.0,22.0,113.37,63.57,0.0,73.99,100.0,74.0,0.0,70.0,0.0,73.68333333333334,,,67.0,69.0,85.0,55.0,54.36000000000001,0.0
1408,2025-02-12 02:00:00,63.57,0.0,0.0,21.666666666666668,113.11666666666667,63.57,0.0,73.99,100.0,74.0,0.0,70.0,0.0,73.7,,,67.0,69.0,85.0,55.0,54.73,0.0
1409,2025-02-12 02:15:00,65.68666666666667,2.119999999999997,0.0,20.83333333333333,113.0,63.57,0.0,73.99,100.0,74.0,0.0,70.0,0.0,73.71666666666665,,,67.0,69.0,85.0,55.0,54.330000000000005,0.0
1410,2025-02-12 02:30:00,62.86333333333334,0.0,0.0,21.33333333333333,113.23333333333332,63.57,0.0,73.99,100.0,74.0,0.0,70.0,0.0,73.69,,,67.0,69.0,85.0,55.0,53.91,0.0
1411,2025-02-12 02:45:00,67.80333333333333,0.0,0.0,23.166666666666668,114.18,63.57,0.0,73.99,100.0,74.0,0.0,70.0,0.0,73.68333333333334,,,67.0,69.0,85.0,55.0,54.790000000000006,0.0
1412,2025-02-12 03:00:00,64.98333333333333,2.119999999999997,0.0,21.33333333333333,113.54,63.57,0.0,73.99,100.0,74.0,0.0,70.0,0.0,73.67,,,67.0,69.0,85.0,55.0,54.790000000000006,0.0
1413,2025-02-12 03:15:00,64.27666666666666,2.119999999999997,0.0,20.83333333333333,113.50666666666666,63.57,0.0,73.99,100.0,74.0,0.0,70.0,0.0,73.71333333333332,,,67.0,69.0,85.0,55.0,54.85,0.0
1414,2025-02-12 03:30:00,64.27666666666666,0.0,0.0,22.83333333333333,113.9,63.57,0.0,73.99,100.0,74.0,0.0,70.0,0.0,73.77333333333333,,,67.0,69.0,85.0,55.0,54.60999999999999,0.0
1415,2025-02-12 03:45:00,64.27666666666666,2.119999999999997,0.0,21.0,113.39,63.57,0.0,73.99,100.0,74.0,0.0,70.0,0.0,73.79,,,67.0,69.0,85.0,55.0,54.56,0.0
1416,2025-02-12 04:00:00,64.98,0.0,0.0,21.666666666666668,113.51666666666668,63.57,0.0,73.99,100.0,74.0,0.0,70.0,0.0,73.76,,,67.0,69.0,85.0,55.0,54.53000000000001,0.0
1417,2025-02-12 04:15:00,64.27666666666666,4.229999999999997,0.0,22.166666666666668,113.55,63.57,0.0,73.99,100.0,74.0,0.0,70.0,0.0,73.74666666666667,,,67.0,69.0,85.0,55.0,54.79,0.0
1418,2025-02-12 04:30:00,64.98,2.119999999999997,0.0,23.166666666666668,114.22333333333334,63.57,0.0,73.99,100.0,74.0,0.0,70.0,0.0,73.81,,,67.0,69.0,85.0,55.0,55.08,0.0
1419,2025-02-12 04:45:00,64.27666666666666,2.119999999999997,0.0,21.33333333333333,113.57,63.57,0.0,73.99,100.0,74.0,0.0,70.0,0.0,73.80666666666667,,,67.0,69.0,85.0,55.0,55.08,0.0
1420,2025-02-12 05:00:00,63.57,2.119999999999997,0.0,22.33333333333333,113.98666666666668,63.57,0.0,73.99,100.0,74.0,0.0,70.0,0.0,73.81666666666666,,,67.0,69.0,85.0,55.0,54.95,0.0
1421,2025-02-12 05:15:00,67.09666666666666,0.0,0.0,22.33333333333333,113.84,63.57,0.0,73.99,100.0,74.0,0.0,70.0,0.0,73.81666666666666,,,67.0,69.0,85.0,55.0,54.620000000000005,0.0
1422,2025-02-12 05:30:00,63.57,4.229999999999997,0.0,20.83333333333333,113.43333333333334,63.57,0.0,73.99,100.0,74.0,0.0,70.0,0.0,73.83666666666666,,,67.0,69.0,85.0,55.0,54.60000000000001,0.0
1423,2025-02-12 05:45:00,64.98,0.0,0.0,22.5,114.07666666666668,63.57,0.0,73.99,100.0,74.0,0.0,70.0,0.0,73.83666666666666,,,67.0,69.0,85.0,55.0,54.61,0.0
1424,2025-02-12 06:00:00,65.69,4.229999999999997,0.0,22.666666666666668,114.27333333333333,63.57,0.0,73.99,100.0,74.0,0.0,70.0,0.0,73.82333333333334,,,67.0,69.0,85.0,55.0,56.42,0.0
1425,2025-02-12 06:15:00,64.27666666666666,2.119999999999997,0.0,21.33333333333333,113.61666666666667,63.57,0.0,73.99,100.0,74.0,0.0,70.0,0.0,73.92,,,67.0,69.0,85.0,55.0,55.34,0.0
1426,2025-02-12 06:30:00,64.98,0.0,0.0,21.83333333333333,114.09666666666668,63.57,0.0,73.99,100.0,74.0,0.0,70.0,0.0,73.89333333333333,,,67.0,69.0,85.0,55.0,55.06000000000001,0.0
1427,2025-02-12 06:45:00,65.68666666666667,4.229999999999997,0.0,21.33333333333333,113.89333333333332,63.57,0.0,73.99,100.0,74.0,0.0,70.0,0.0,73.91666666666667,,,67.0,69.0,85.0,55.0,54.77,0.0
1428,2025-02-12 07:00:00,63.57,0.0,0.0,20.5,113.40333333333336,63.57,0.0,73.99,100.0,74.0,0.0,70.0,0.0,73.93333333333334,,,67.0,69.0,85.0,55.0,54.92,0.0
1429,2025-02-12 07:15:00,67.09666666666666,2.119999999999997,0.0,21.5,113.32333333333334,63.57,0.0,73.99,100.0,74.0,0.0,70.0,0.0,73.94666666666666,,,67.0,69.0,85.0,55.0,54.8,0.0
1430,2025-02-12 07:30:00,65.69,4.229999999999997,0.0,22.33333333333333,113.99,63.57,0.0,73.99,100.0,74.0,0.0,70.0,0.0,73.88,,,67.0,69.0,85.0,55.0,54.39999999999999,0.0
1431,2025-02-12 07:45:00,64.98333333333333,2.119999999999997,0.0,21.83333333333333,114.29333333333334,63.57,0.0,73.99,100.0,74.0,0.0,70.0,0.0,73.90666666666668,,,67.0,69.0,85.0,55.0,55.67,0.0
1432,2025-02-12 08:00:00,65.68666666666667,0.0,0.0,20.83333333333333,113.22333333333334,63.57,0.0,73.99,100.0,74.0,0.0,70.0,0.0,73.88333333333334,,,67.0,69.0,85.0,55.0,55.09,0.0
1433,2025-02-12 08:15:00,64.98333333333333,4.229999999999997,0.0,21.666666666666668,113.35333333333334,63.57,0.0,73.99,100.0,74.0,0.0,70.0,0.0,73.91666666666667,,,67.0,69.0,85.0,55.0,53.92,0.0
1434,2025-02-12 08:30:00,66.39333333333333,2.119999999999997,0.0,20.166666666666668,113.01333333333332,63.57,0.0,73.99,100.0,74.0,0.0,70.0,0.0,73.95333333333333,,,67.0,69.0,85.0,55.0,54.02,0.0
1435,2025-02-12 08:45:00,64.27333333333333,2.119999999999997,0.0,22.5,114.21,63.57,0.0,73.99,100.0,74.0,0.0,70.0,0.0,73.94666666666666,,,67.0,69.0,85.0,55.0,54.22,0.0
1436,2025-02-12 09:00:00,65.68666666666667,4.229999999999997,0.0,21.666666666666668,113.82666666666668,63.57,0.0,73.99,100.0,74.0,0.0,70.0,0.0,73.96,,,67.0,69.0,85.0,55.0,55.24000000000001,0.0
1437,2025-02-12 09:15:00,62.86333333333334,0.0,0.0,20.33333333333333,113.28000000000002,63.57,0.0,73.99,100.0,74.0,0.0,70.0,0.0,73.94666666666666,,,67.0,69.0,85.0,55.0,54.63999999999999,0.0
1438,2025-02-12 09:30:00,64.98333333333333,-2.119999999999997,0.0,21.666666666666668,113.47,63.57,0.0,73.99,100.0,74.0,0.0,70.0,0.0,73.96,,,67.0,69.0,85.0,55.0,54.39,0.0
1439,2025-02-12 09:45:00,65.68666666666667,2.119999999999997,0.0,21.5,113.33666666666666,63.57,0.0,73.99,100.0,74.0,0.0,70.0,0.0,73.97333333333334,,,67.0,69.0,85.0,55.0,54.91,0.0
1440,2025-02-12 10:00:00,62.86333333333334,2.119999999999997,0.0,21.0,113.38666666666666,63.57,0.0,73.99,100.0,74.0,0.0,70.0,0.0,73.96,,,67.0,69.0,85.0,55.0,54.220000000000006,0.0
1441,2025-02-12 10:15:00,66.39333333333333,0.0,0.0,21.166666666666668,113.21999999999998,63.57,0.0,73.99,100.0,74.0,0.0,70.0,0.0,73.96666666666665,,,67.0,69.0,85.0,55.0,55.00000000000001,0.0
1442,2025-02-12 10:30:00,64.27333333333333,0.0,0.0,20.666666666666668,113.19,63.57,0.0,73.99,100.0,74.0,0.0,70.0,0.0,73.95333333333333,,,67.0,69.0,85.0,55.0,54.18,0.0
1443,2025-02-12 10:45:00,64.98333333333333,4.229999999999997,0.0,19.83333333333333,112.53666666666668,63.57,0.0,73.99,99.67333333333332,74.0,0.0,70.0,0.0,74.0,,,67.0,69.0,85.0,55.0,54.19,0.0
1444,2025-02-12 11:00:00,64.98,0.0,0.0,21.666666666666668,112.45,63.57,0.0,73.99,100.0,74.0,0.0,70.0,0.0,73.98,,,67.0,69.0,85.0,55.0,53.22,0.0
1445,2025-02-12 11:15:00,64.27666666666666,4.229999999999997,0.0,22.5,112.94,63.57,0.0,73.99,100.0,74.0,0.0,70.0,0.0,73.96666666666665,,,67.0,69.0,85.0,55.0,53.59,0.0
1446,2025-02-12 11:30:00,66.39333333333333,2.119999999999997,0.0,21.33333333333333,112.83,63.57,0.0,73.99,100.0,74.0,0.0,70.0,0.0,73.97333333333334,,,67.0,69.0,85.0,55.0,54.17,0.0
1447,2025-02-12 11:45:00,64.98333333333333,2.119999999999997,0.0,20.33333333333333,112.23,63.57,0.0,73.99,99.76333333333334,74.0,0.0,70.0,0.0,74.00666666666667,,,67.0,69.0,85.0,55.0,53.56,0.0
1448,2025-02-12 12:00:00,64.98333333333333,0.0,0.0,19.666666666666668,112.29,63.57,0.0,73.99,99.27333333333333,74.0,0.0,70.0,0.0,74.01666666666667,,,67.0,69.0,85.0,55.0,52.92,0.0
1449,2025-02-12 12:15:00,64.27333333333333,0.0,0.0,22.166666666666668,113.37666666666668,63.57,0.0,73.99,99.89,74.0,0.0,70.0,0.0,73.99666666666667,,,67.0,69.0,85.0,55.0,53.13,0.0
1450,2025-02-12 12:30:00,65.68666666666667,-2.119999999999997,0.0,22.0,113.93,63.57,0.0,73.99,99.71333333333332,74.0,0.0,70.0,0.0,73.99000000000001,,,67.0,69.0,85.0,55.0,54.87,0.0
1451,2025-02-12 12:45:00,64.98,0.0,0.0,21.666666666666668,113.70666666666666,63.57,0.0,73.99,99.85333333333334,74.0,0.0,70.0,0.0,73.99000000000001,,,67.0,69.0,85.0,55.0,54.940000000000005,0.0
1452,2025-02-12 13:00:00,65.68333333333334,-2.119999999999997,0.0,20.5,112.82,63.57,0.0,73.99,99.43666666666668,74.0,0.0,70.0,0.0,74.00333333333333,,,67.0,69.0,85.0,55.0,54.42999999999999,0.0
1453,2025-02-12 13:15:00,62.156666666666666,4.229999999999997,0.0,19.5,111.32333333333334,63.57,0.0,73.99,100.0,74.0,0.0,70.0,0.0,73.91,,,67.0,69.0,85.0,55.0,53.45,0.0
1454,2025-02-12 13:30:00,66.39333333333333,0.0,0.0,18.5,110.83333333333331,63.57,0.0,73.99,100.0,74.0,0.0,70.0,0.0,73.87333333333333,,,67.0,69.0,85.0,55.0,52.35,0.0
1455,2025-02-12 13:45:00,63.57,4.229999999999997,0.0,18.0,110.87,63.57,0.0,73.99,95.94666666666669,74.0,0.0,70.0,0.0,74.17333333333333,,,67.0,69.0,85.0,55.0,51.78,0.0
1456,2025-02-12 14:00:00,64.98333333333333,0.0,0.0,18.666666666666668,109.82333333333334,63.57,0.0,73.99,90.05,74.0,0.0,70.0,0.0,74.37333333333333,,,67.0,69.0,85.0,55.0,51.89000000000001,0.0
1457,2025-02-12 14:15:00,21.896666666666665,0.0,0.0,50.833333333333336,102.17333333333332,63.57,0.0,73.99,87.79666666666667,74.0,0.0,70.0,0.0,74.33666666666666,,,67.0,69.0,85.0,55.0,49.99,0.0
1458,2025-02-12 14:30:00,45.20333333333334,-63.57,0.0,47.333333333333336,98.64666666666666,63.57,0.0,73.99,85.42,74.0,0.0,70.0,0.0,74.32,,,67.0,69.0,85.0,55.0,30.90000000000001,0.0
1459,2025-02-12 14:45:00,66.39333333333333,0.0,0.0,19.166666666666668,107.39,63.57,0.0,73.99,84.95,74.0,0.0,70.0,0.0,74.25666666666667,,,67.0,69.0,85.0,55.0,48.06999999999999,0.0
1460,2025-02-12 15:00:00,63.57,2.119999999999997,0.0,18.5,105.59666666666668,63.57,0.0,73.99,82.47666666666667,74.0,0.0,70.0,0.0,74.26,,,67.0,69.0,85.0,55.0,47.99999999999999,0.0
1461,2025-02-12 15:15:00,64.27666666666666,0.0,0.0,18.166666666666668,104.21,63.57,0.0,73.99,79.28,74.0,0.0,70.0,0.0,74.31666666666666,,,67.0,69.0,85.0,55.0,45.64999999999999,0.0
1462,2025-02-12 15:30:00,64.27666666666666,2.119999999999997,0.0,21.33333333333333,106.11333333333334,63.57,0.0,73.99,79.73666666666666,74.0,0.0,70.0,0.0,74.21,,,67.0,69.0,85.0,55.0,44.86999999999999,0.0
1463,2025-02-12 15:45:00,64.98,0.0,0.0,21.33333333333333,108.13333333333333,63.57,0.0,73.99,83.08,74.0,0.0,70.0,0.0,74.0,,,67.0,69.0,85.0,55.0,48.54,0.0
1464,2025-02-12 16:00:00,64.98,-2.119999999999997,0.0,19.83333333333333,108.39,63.57,0.0,73.99,84.33333333333333,74.0,0.0,70.0,0.0,73.94,,,67.0,69.0,85.0,55.0,48.84,0.0
1465,2025-02-12 16:15:00,63.57,0.0,0.0,21.5,108.79333333333334,63.57,0.0,73.99,84.33666666666666,74.0,0.0,70.0,0.0,73.96,,,67.0,69.0,85.0,55.0,49.150000000000006,0.0
1466,2025-02-12 16:30:00,64.98333333333333,2.119999999999997,0.0,21.33333333333333,109.30333333333331,63.57,0.0,73.99,85.25666666666666,74.0,0.0,70.0,0.0,73.92666666666666,,,67.0,69.0,85.0,55.0,49.12,0.0
1467,2025-02-12 16:45:00,64.98333333333333,,0.0,20.5,110.17,63.57,0.0,73.99,87.54333333333334,74.0,0.0,70.0,0.0,73.86,,,67.0,69.0,85.0,55.0,,
1468,2025-02-12 17:00:00,64.27666666666666,2.119999999999997,0.0,19.666666666666668,109.44,63.57,0.0,73.99,86.46666666666665,74.0,0.0,70.0,0.0,73.95333333333333,,,67.0,69.0,85.0,55.0,50.24,0.0
1469,2025-02-12 17:15:00,64.98333333333333,0.0,0.0,19.0,109.78333333333336,63.57,0.0,73.99,88.60666666666667,74.0,0.0,70.0,0.0,73.88333333333334,,,67.0,69.0,85.0,55.0,49.36,0.0
1470,2025-02-12 17:30:00,65.68666666666667,0.0,0.0,21.0,111.68,63.57,0.0,73.99,90.69333333333331,74.0,0.0,70.0,0.0,73.81,,,67.0,69.0,85.0,55.0,50.400000000000006,0.0
1471,2025-02-12 17:45:00,63.56999999999999,4.229999999999997,0.0,19.666666666666668,111.95333333333332,63.57,0.0,73.99,92.14333333333332,74.0,0.0,70.0,0.0,73.81666666666666,,,67.0,69.0,85.0,55.0,51.24,0.0
1472,2025-02-12 18:00:00,65.68666666666667,-2.119999999999997,0.0,20.83333333333333,112.66666666666669,63.57,0.0,73.99,93.68333333333334,74.0,0.0,70.0,0.0,73.80333333333333,,,67.0,69.0,85.0,55.0,52.46,0.0
1473,2025-02-12 18:15:00,66.39333333333333,4.229999999999997,0.0,18.83333333333333,112.20666666666666,63.57,0.0,73.99,97.25666666666666,74.0,0.0,70.0,0.0,73.70666666666666,,,67.0,69.0,85.0,55.0,52.2,0.0
1474,2025-02-12 18:30:00,64.27666666666666,2.119999999999997,0.0,17.666666666666668,111.61,63.57,0.0,73.99,99.48,74.0,0.0,70.0,0.0,73.71333333333332,,,67.0,69.0,85.0,55.0,51.56999999999999,0.0
1475,2025-02-12 18:45:00,63.57,0.0,0.0,17.5,111.65666666666668,63.57,0.0,73.99,98.97666666666667,74.0,0.0,70.0,0.0,73.81666666666666,,,67.0,69.0,85.0,55.0,50.74,0.0
1476,2025-02-12 19:00:00,64.27666666666666,2.119999999999997,0.0,18.33333333333333,111.81,63.57,0.0,73.99,100.0,74.0,0.0,70.0,0.0,73.75,,,67.0,69.0,85.0,55.0,50.89,0.0
1477,2025-02-12 19:15:00,64.98333333333333,2.119999999999997,0.0,17.666666666666668,111.35333333333334,63.57,0.0,73.99,100.0,74.0,0.0,70.0,0.0,73.80666666666667,,,67.0,69.0,85.0,55.0,50.88999999999999,0.0
1478,2025-02-12 19:30:00,64.98333333333333,0.0,0.0,17.333333333333332,111.45666666666666,63.57,0.0,73.99,100.0,74.0,0.0,70.0,0.0,73.74333333333333,,,67.0,69.0,85.0,55.0,50.23,0.0
1479,2025-02-12 19:45:00,63.56999999999999,2.119999999999997,0.0,17.333333333333332,111.71666666666664,63.57,0.0,73.99,100.0,74.0,0.0,70.0,0.0,73.76333333333334,,,67.0,69.0,85.0,55.0,50.18000000000001,0.0
1480,2025-02-12 20:00:00,64.27666666666666,-2.119999999999997,0.0,17.5,111.8,63.57,0.0,73.99,100.0,74.0,0.0,70.0,0.0,73.81666666666666,,,67.0,69.0,85.0,55.0,50.59,0.0
1481,2025-02-12 20:15:00,63.57,0.0,0.0,17.5,111.67,63.57,0.0,73.99,100.0,74.0,0.0,70.0,0.0,73.895,,,67.0,69.0,85.0,55.0,50.48,0.0
1482,2025-02-12 20:30:00,64.98333333333333,0.0,0.0,17.166666666666668,111.5,63.57,0.0,73.99,100.0,74.0,0.0,70.0,0.0,73.90333333333332,,,67.0,69.0,85.0,55.0,50.17,0.0
1483,2025-02-12 20:45:00,65.6875,4.229999999999997,0.0,17.125,111.6475,63.57,0.0,73.99,100.0,74.0,0.0,70.0,0.0,73.805,,,67.0,69.0,85.0,55.0,50.370000000000005,0.0
1484,2025-02-12 21:00:00,64.98333333333333,2.119999999999997,0.0,17.666666666666668,111.82,63.57,0.0,73.99,100.0,74.0,0.0,70.0,0.0,73.81,,,67.0,69.0,85.0,55.0,50.35000000000001,0.0
1485,2025-02-12 21:15:00,65.69,2.119999999999997,0.0,18.33333333333333,111.41666666666669,63.57,0.0,73.99,100.0,74.0,0.0,70.0,0.0,73.73666666666666,,,67.0,69.0,85.0,55.0,50.49,0.0
1486,2025-02-12 21:30:00,63.57,2.119999999999997,0.0,18.0,111.54666666666668,63.57,0.0,73.99,100.0,74.0,0.0,70.0,0.0,73.67666666666666,,,67.0,69.0,85.0,55.0,50.0,0.0
1487,2025-02-12 21:45:00,64.98333333333333,0.0,0.0,18.5,111.59333333333332,63.57,0.0,73.99,100.0,74.0,0.0,70.0,0.0,73.68333333333334,,,67.0,69.0,85.0,55.0,50.42,0.0
1488,2025-02-12 22:00:00,63.57,2.119999999999997,0.0,18.5,111.69666666666669,63.57,0.0,73.99,100.0,74.0,0.0,70.0,0.0,73.66333333333334,,,67.0,69.0,85.0,55.0,50.35,0.0
1489,2025-02-12 22:15:00,65.68666666666667,-2.119999999999997,0.0,18.5,111.86666666666667,63.57,0.0,73.99,100.0,74.0,0.0,70.0,0.0,73.67666666666666,,,67.0,69.0,85.0,55.0,50.27,0.0
1490,2025-02-12 22:30:00,64.98,2.119999999999997,0.0,18.83333333333333,111.58666666666666,63.57,0.0,73.99,100.0,74.0,0.0,70.0,0.0,73.66333333333334,,,67.0,69.0,85.0,55.0,50.26,0.0
1491,2025-02-12 22:45:00,64.27666666666666,4.229999999999997,0.0,18.0,111.77,63.57,0.0,73.99,100.0,74.0,0.0,70.0,0.0,73.65333333333334,,,67.0,69.0,85.0,55.0,49.8,0.0
1492,2025-02-12 23:00:00,65.69,0.0,0.0,18.0,112.20333333333332,63.57,0.0,73.99,100.0,74.0,0.0,70.0,0.0,73.53,,,67.0,69.0,85.0,55.0,49.92,0.0
1493,2025-02-12 23:15:00,65.68666666666667,2.119999999999997,0.0,18.666666666666668,112.03333333333336,63.57,0.0,73.99,100.0,74.0,0.0,70.0,0.0,73.52333333333333,,,67.0,69.0,85.0,55.0,50.35,0.0
1494,2025-02-12 23:30:00,65.69,2.119999999999997,0.0,17.666666666666668,111.60333333333334,63.57,0.0,73.99,100.0,74.0,0.0,70.0,0.0,73.53333333333335,,,67.0,69.0,85.0,55.0,50.04,0.0
1495,2025-02-12 23:45:00,64.98333333333333,2.119999999999997,0.0,17.666666666666668,112.14333333333332,63.57,0.0,73.99,100.0,74.0,0.0,70.0,0.0,73.49666666666667,,,67.0,69.0,85.0,55.0,50.05,0.0
1496,2025-02-13 00:00:00,64.98333333333333,2.119999999999997,0.0,18.33333333333333,111.96,63.57,0.0,73.99,100.0,74.0,0.0,70.0,0.0,73.51,,,67.0,69.0,85.0,55.0,50.41,0.0
1497,2025-02-13 00:15:00,65.69,2.119999999999997,0.0,18.83333333333333,112.01666666666668,63.57,0.0,73.99,100.0,74.0,0.0,70.0,0.0,73.53,,,67.0,69.0,85.0,55.0,50.31,0.0
1498,2025-02-13 00:30:00,64.27666666666666,2.119999999999997,0.0,18.0,112.16,63.57,0.0,73.99,100.0,74.0,0.0,70.0,0.0,73.51,,,67.0,69.0,85.0,55.0,50.45,0.0
1499,2025-02-13 00:45:00,64.27333333333333,2.119999999999997,0.0,19.166666666666668,112.71999999999998,63.57,0.0,73.99,100.0,74.0,0.0,70.0,0.0,73.51,,,67.0,69.0,85.0,55.0,50.61,0.0
1500,2025-02-13 01:00:00,65.68666666666667,4.229999999999997,0.0,18.166666666666668,112.40333333333336,63.57,0.0,73.99,100.0,74.0,0.0,70.0,0.0,73.67999999999999,,,67.0,69.0,85.0,55.0,50.79,0.0
1501,2025-02-13 01:15:00,64.27666666666666,4.229999999999997,0.0,18.166666666666668,112.62333333333332,63.57,0.0,73.99,100.0,74.0,0.0,70.0,0.0,73.79333333333334,,,67.0,69.0,85.0,55.0,50.54,0.0
1502,2025-02-13 01:30:00,64.98333333333333,2.119999999999997,0.0,19.666666666666668,113.18666666666668,63.57,0.0,73.99,100.0,74.0,0.0,70.0,0.0,73.80333333333333,,,67.0,69.0,85.0,55.0,50.92999999999999,0.0
1503,2025-02-13 01:45:00,64.27666666666666,0.0,0.0,18.666666666666668,113.38333333333333,63.57,0.0,73.99,100.0,74.0,0.0,70.0,0.0,73.8,,,67.0,69.0,85.0,55.0,50.99,0.0
1504,2025-02-13 02:00:00,65.68666666666667,0.0,0.0,19.5,113.63,63.57,0.0,73.99,100.0,74.0,0.0,70.0,0.0,73.81333333333333,,,67.0,69.0,85.0,55.0,51.510000000000005,0.0
1505,2025-02-13 02:15:00,65.68666666666667,2.119999999999997,0.0,20.0,113.75666666666666,63.57,0.0,73.99,100.0,74.0,0.0,70.0,0.0,73.81666666666666,,,67.0,69.0,85.0,55.0,51.94,0.0
1506,2025-02-13 02:30:00,65.68666666666667,4.229999999999997,0.0,19.33333333333333,113.73,63.57,0.0,73.99,100.0,74.0,0.0,70.0,0.0,73.90333333333332,,,67.0,69.0,85.0,55.0,51.650000000000006,0.0
1507,2025-02-13 02:45:00,66.39,2.119999999999997,0.0,19.5,113.94,63.57,0.0,73.99,100.0,74.0,0.0,70.0,0.0,73.94666666666666,,,67.0,69.0,85.0,55.0,51.73,0.0
1508,2025-02-13 03:00:00,65.69,4.229999999999997,0.0,18.5,113.88333333333333,63.57,0.0,73.99,99.21,74.0,0.0,70.0,0.0,74.01333333333334,,,67.0,69.0,85.0,55.0,51.45,0.0
1509,2025-02-13 03:15:00,66.39333333333333,2.119999999999997,0.0,18.83333333333333,113.67333333333332,63.57,0.0,73.99,95.39,74.0,0.0,70.0,0.0,74.16666666666667,,,67.0,69.0,85.0,55.0,51.42999999999999,0.0
1510,2025-02-13 03:30:00,64.27666666666666,2.119999999999997,0.0,19.666666666666668,113.36,63.57,0.0,73.99,93.09666666666668,74.0,0.0,70.0,0.0,74.22333333333334,,,67.0,69.0,85.0,55.0,52.14999999999999,0.0
1511,2025-02-13 03:45:00,64.27666666666666,0.0,0.0,19.5,112.57333333333334,63.57,0.0,73.99,91.30666666666669,74.0,0.0,70.0,0.0,74.21,,,67.0,69.0,85.0,55.0,51.32,0.0
1512,2025-02-13 04:00:00,63.57,2.119999999999997,0.0,19.166666666666668,112.67666666666666,63.57,0.0,73.99,91.27666666666666,74.0,0.0,70.0,0.0,74.14333333333333,,,67.0,69.0,85.0,55.0,50.7,0.0
1513,2025-02-13 04:15:00,65.69,0.0,0.0,19.5,111.71666666666664,63.57,0.0,73.99,88.09666666666668,74.0,0.0,70.0,0.0,74.22333333333334,,,67.0,69.0,85.0,55.0,50.78,0.0
1514,2025-02-13 04:30:00,63.57,2.119999999999997,0.0,19.0,111.55333333333331,63.57,0.0,73.99,88.56666666666666,74.0,0.0,70.0,0.0,74.13666666666667,,,67.0,69.0,85.0,55.0,49.34,0.0
1515,2025-02-13 04:45:00,65.68666666666667,-2.119999999999997,0.0,19.666666666666668,111.49666666666668,63.57,0.0,73.99,87.72333333333334,74.0,0.0,70.0,0.0,74.12,,,67.0,69.0,85.0,55.0,50.71,0.0
1516,2025-02-13 05:00:00,63.57,0.0,0.0,20.0,111.1,63.57,0.0,73.99,87.04666666666667,74.0,0.0,70.0,0.0,74.10666666666667,,,67.0,69.0,85.0,55.0,50.220000000000006,0.0
1517,2025-02-13 05:15:00,64.98333333333333,0.0,0.0,20.0,110.80333333333334,63.57,0.0,73.99,86.79,74.0,0.0,70.0,0.0,74.08,,,67.0,69.0,85.0,55.0,49.91,0.0
1518,2025-02-13 05:30:00,64.27666666666666,2.119999999999997,0.0,20.5,111.66333333333334,63.57,0.0,73.99,88.25666666666666,74.0,0.0,70.0,0.0,73.98333333333333,,,67.0,69.0,85.0,55.0,49.790000000000006,0.0
1519,2025-02-13 05:45:00,64.98333333333333,2.119999999999997,0.0,21.5,112.54333333333334,63.57,0.0,73.99,89.55666666666667,74.0,0.0,70.0,0.0,73.93333333333334,,,67.0,69.0,85.0,55.0,51.61000000000001,0.0
1520,2025-02-13 06:00:00,63.57,2.119999999999997,0.0,22.5,113.84666666666668,63.57,0.0,73.99,90.27,74.0,0.0,70.0,0.0,73.92,,,67.0,69.0,85.0,55.0,52.77,0.0
1521,2025-02-13 06:15:00,65.68666666666667,0.0,0.0,23.5,114.97666666666667,63.57,0.0,73.99,91.39,74.0,0.0,70.0,0.0,73.90333333333334,,,67.0,69.0,85.0,55.0,53.53,0.0
1522,2025-02-13 06:30:00,64.27666666666666,4.229999999999997,0.0,21.166666666666668,114.28666666666668,63.57,0.0,73.99,91.70333333333332,74.0,0.0,70.0,0.0,73.91666666666667,,,67.0,69.0,85.0,55.0,54.43,0.0
1523,2025-02-13 06:45:00,64.98,0.0,0.0,20.33333333333333,114.18666666666668,63.57,0.0,73.99,93.93333333333334,74.0,0.0,70.0,0.0,73.85666666666667,,,67.0,69.0,85.0,55.0,53.940000000000005,0.0
1524,2025-02-13 07:00:00,65.68666666666667,0.0,0.0,20.666666666666668,114.23,63.57,0.0,73.99,94.09999999999998,74.0,0.0,70.0,0.0,73.88333333333334,,,67.0,69.0,85.0,55.0,54.21,0.0
1525,2025-02-13 07:15:00,64.98333333333333,2.119999999999997,0.0,20.0,113.60333333333334,63.57,0.0,73.99,93.46,74.0,0.0,70.0,0.0,73.96,,,67.0,69.0,85.0,55.0,53.75,0.0
1526,2025-02-13 07:30:00,64.98,2.119999999999997,0.0,20.0,113.65,63.57,0.0,73.99,93.46333333333332,74.0,0.0,70.0,0.0,73.96666666666665,,,67.0,69.0,85.0,55.0,53.69,0.0
1527,2025-02-13 07:45:00,63.57,4.229999999999997,0.0,19.83333333333333,113.54333333333334,63.57,0.0,73.99,93.57666666666668,74.0,0.0,70.0,0.0,73.97333333333334,,,67.0,69.0,85.0,55.0,53.56,0.0
1528,2025-02-13 08:00:00,60.74333333333334,0.0,0.0,20.83333333333333,113.94666666666669,63.57,0.0,73.99,93.75,74.0,0.0,70.0,0.0,73.96666666666665,,,67.0,69.0,85.0,55.0,53.88,0.0
1529,2025-02-13 08:15:00,62.86333333333334,-2.119999999999997,0.0,22.83333333333333,114.40333333333332,63.57,0.0,73.99,94.58333333333331,74.0,0.0,70.0,0.0,73.95333333333333,,,67.0,69.0,85.0,55.0,54.970000000000006,0.0
1530,2025-02-13 08:30:00,65.68666666666667,-2.119999999999997,0.0,23.0,114.66,63.57,0.0,73.99,94.29,74.0,0.0,70.0,0.0,73.96666666666665,,,67.0,69.0,85.0,55.0,55.89999999999999,0.0
1531,2025-02-13 08:45:00,64.27333333333333,0.0,0.0,22.166666666666668,114.86666666666667,63.57,0.0,73.99,94.41666666666669,74.0,0.0,70.0,0.0,73.98,,,67.0,69.0,85.0,55.0,56.22,0.0
1532,2025-02-13 09:00:00,64.27666666666666,0.0,0.0,22.166666666666668,114.59666666666664,63.57,0.0,73.99,93.63,74.0,0.0,70.0,0.0,74.01333333333334,,,67.0,69.0,85.0,55.0,56.1,0.0
1533,2025-02-13 09:15:00,67.09666666666666,2.119999999999997,0.0,21.166666666666668,113.19333333333334,63.57,0.0,73.99,91.75666666666666,74.0,0.0,70.0,0.0,74.08333333333333,,,67.0,69.0,85.0,55.0,54.46000000000001,0.0
1534,2025-02-13 09:30:00,65.69,4.229999999999997,0.0,22.166666666666668,113.24,63.57,0.0,73.99,91.04,74.0,0.0,70.0,0.0,74.07,,,67.0,69.0,85.0,55.0,53.68000000000001,0.0
1535,2025-02-13 09:45:00,64.27666666666666,2.119999999999997,0.0,21.666666666666668,113.36,63.57,0.0,73.99,92.69666666666669,74.0,0.0,70.0,0.0,73.98333333333333,,,67.0,69.0,85.0,55.0,53.43000000000001,0.0
1536,2025-02-13 10:00:00,64.27666666666666,0.0,0.0,22.33333333333333,112.76,63.57,0.0,73.99,91.37666666666668,74.0,0.0,70.0,0.0,74.04333333333334,,,67.0,69.0,85.0,55.0,54.88,0.0
1537,2025-02-13 10:15:00,64.27666666666666,2.119999999999997,0.0,21.0,111.99333333333334,63.57,0.0,73.99,89.55333333333334,74.0,0.0,70.0,0.0,74.10666666666667,,,67.0,69.0,85.0,55.0,53.85999999999999,0.0
1538,2025-02-13 10:30:00,64.98333333333333,0.0,0.0,21.0,111.30333333333331,63.57,0.0,73.99,88.30333333333333,74.0,0.0,70.0,0.0,74.12,,,67.0,69.0,85.0,55.0,53.64,0.0
1539,2025-02-13 10:45:00,65.69,2.119999999999997,0.0,20.666666666666668,110.70666666666666,63.57,0.0,73.99,87.26666666666667,74.0,0.0,70.0,0.0,74.12,,,67.0,69.0,85.0,55.0,52.42,0.0
1540,2025-02-13 11:00:00,64.27666666666666,2.119999999999997,0.0,20.33333333333333,109.33333333333331,63.57,0.0,73.99,86.65333333333332,74.0,0.0,70.0,0.0,74.11333333333333,,,67.0,69.0,85.0,55.0,51.260000000000005,0.0
1541,2025-02-13 11:15:00,65.68666666666667,2.119999999999997,0.0,20.166666666666668,108.70333333333332,63.57,0.0,73.99,85.58,74.0,0.0,70.0,0.0,74.12,,,67.0,69.0,85.0,55.0,50.290000000000006,0.0
1542,2025-02-13 11:30:00,64.98333333333333,2.119999999999997,0.0,21.0,108.50333333333332,63.57,0.0,73.99,84.58333333333333,74.0,0.0,70.0,0.0,74.12,,,67.0,69.0,85.0,55.0,49.84,0.0
1543,2025-02-13 11:45:00,66.39333333333333,2.119999999999997,0.0,23.33333333333333,108.77,63.57,0.0,73.99,83.30666666666667,74.0,0.0,70.0,0.0,74.13333333333334,,,67.0,69.0,85.0,55.0,49.96,0.0
1544,2025-02-13 12:00:00,64.98333333333333,2.119999999999997,0.0,21.83333333333333,108.16333333333334,63.57,0.0,73.99,82.79666666666667,74.0,0.0,70.0,0.0,74.12,,,67.0,69.0,85.0,55.0,49.93,0.0
1545,2025-02-13 12:15:00,64.98,2.119999999999997,0.0,21.83333333333333,107.33,63.57,0.0,73.99,81.37666666666667,74.0,0.0,70.0,0.0,74.12666666666667,,,67.0,69.0,85.0,55.0,49.830000000000005,0.0
1546,2025-02-13 12:30:00,63.57,4.229999999999997,0.0,21.0,106.58666666666666,63.57,0.0,73.99,80.42333333333333,74.0,0.0,70.0,0.0,74.12,,,67.0,69.0,85.0,55.0,48.03,0.0
1547,2025-02-13 12:45:00,63.56999999999999,0.0,0.0,20.83333333333333,106.64666666666666,63.57,0.0,73.99,79.78666666666668,74.0,0.0,70.0,0.0,74.11333333333333,,,67.0,69.0,85.0,55.0,48.040000000000006,0.0
1548,2025-02-13 13:00:00,65.68666666666667,-2.119999999999997,0.0,20.33333333333333,105.35,63.57,0.0,73.99,78.64,74.0,0.0,70.0,0.0,74.12,,,67.0,69.0,85.0,55.0,47.81000000000001,0.0
1549,2025-02-13 13:15:00,64.27666666666666,0.0,0.0,20.5,105.02666666666666,63.57,0.0,73.99,78.11,74.0,0.0,70.0,0.0,74.09333333333332,,,67.0,69.0,85.0,55.0,47.00000000000001,0.0
1550,2025-02-13 13:30:00,66.39333333333333,0.0,0.0,21.5,104.94666666666669,63.57,0.0,73.99,77.16333333333334,74.0,0.0,70.0,0.0,74.10000000000001,,,67.0,69.0,85.0,55.0,47.31,0.0
1551,2025-02-13 13:45:00,62.86333333333334,4.229999999999997,0.0,20.0,103.66666666666669,63.57,0.0,73.99,75.26333333333334,74.0,0.0,70.0,0.0,74.15666666666667,,,67.0,69.0,85.0,55.0,45.99,0.0
1552,2025-02-13 14:00:00,64.27666666666666,0.0,0.0,20.666666666666668,101.21666666666664,63.57,0.0,73.99,71.99,74.0,0.0,70.0,0.0,74.24333333333334,,,67.0,69.0,85.0,55.0,45.470000000000006,0.0
1553,2025-02-13 14:15:00,64.98,0.0,0.0,20.666666666666668,101.61333333333334,63.57,0.0,73.99,73.24666666666667,74.0,0.0,70.0,0.0,74.14,,,67.0,69.0,85.0,55.0,43.13,0.0
1554,2025-02-13 14:30:00,64.27666666666666,3.174999999999997,0.0,20.166666666666668,103.64333333333332,63.57,0.0,73.99,77.77666666666666,74.0,0.0,70.0,0.0,73.90333333333332,,,67.0,69.0,85.0,55.0,44.31,0.0
1555,2025-02-13 14:45:00,63.57,2.119999999999997,0.0,20.0,105.94666666666669,63.57,0.0,73.99,82.87,74.0,0.0,70.0,0.0,73.68666666666667,,,67.0,69.0,85.0,55.0,45.28999999999999,0.0
1556,2025-02-13 15:00:00,63.57,0.0,0.0,20.83333333333333,105.29,63.57,0.0,73.99,79.13,74.0,0.0,70.0,0.0,73.95333333333333,,,67.0,69.0,85.0,55.0,49.11,0.0
1557,2025-02-13 15:15:00,65.68666666666667,2.119999999999997,0.0,21.0,105.33,63.57,0.0,73.99,80.67666666666666,74.0,0.0,70.0,0.0,73.89999999999999,,,67.0,69.0,85.0,55.0,46.28000000000001,0.0
1558,2025-02-13 15:30:00,64.27666666666666,4.229999999999997,0.0,19.5,106.18666666666668,63.57,0.0,73.99,83.47666666666667,74.0,0.0,70.0,0.0,73.80666666666667,,,67.0,69.0,85.0,55.0,47.940000000000005,0.0
1559,2025-02-13 15:45:00,64.27666666666666,0.0,0.0,19.666666666666668,108.12,63.57,0.0,73.99,87.89333333333333,74.0,0.0,70.0,0.0,73.67,,,67.0,69.0,85.0,55.0,48.74,0.0
1560,2025-02-13 16:00:00,64.27666666666666,0.0,0.0,20.5,108.85333333333334,63.57,0.0,73.99,90.34666666666664,74.0,0.0,70.0,0.0,73.68,,,67.0,69.0,85.0,55.0,50.8,0.0
1561,2025-02-13 16:15:00,65.69,2.119999999999997,0.0,20.5,108.38666666666666,63.57,0.0,73.99,89.53666666666668,74.0,0.0,70.0,0.0,73.80666666666667,,,67.0,69.0,85.0,55.0,51.83,0.0
1562,2025-02-13 16:30:00,62.156666666666666,2.119999999999997,0.0,20.666666666666668,109.94666666666669,63.57,0.0,73.99,94.32,74.0,0.0,70.0,0.0,73.66000000000001,,,67.0,69.0,85.0,55.0,51.23,0.0
1563,2025-02-13 16:45:00,64.27666666666666,-4.240000000000002,0.0,21.166666666666668,110.24333333333334,63.57,0.0,73.99,99.60333333333334,74.0,0.0,70.0,0.0,73.53666666666668,,,67.0,69.0,85.0,55.0,53.49000000000001,0.0
1564,2025-02-13 17:00:00,64.27666666666666,0.0,0.0,20.166666666666668,110.09,63.57,0.0,73.99,100.0,74.0,0.0,70.0,0.0,73.48,,,67.0,69.0,85.0,55.0,53.57999999999999,0.0
1565,2025-02-13 17:15:00,64.27666666666666,0.0,0.0,20.166666666666668,109.88666666666668,63.57,0.0,73.99,100.0,74.0,0.0,70.0,0.0,73.36666666666666,,,67.0,69.0,85.0,55.0,53.49999999999999,0.0
1566,2025-02-13 17:30:00,66.39333333333333,2.119999999999997,0.0,19.666666666666668,109.91,63.57,0.0,73.99,100.0,74.0,0.0,70.0,0.0,73.39333333333333,,,67.0,69.0,85.0,55.0,52.940000000000005,0.0
1567,2025-02-13 17:45:00,64.27666666666666,2.119999999999997,0.0,20.33333333333333,109.71333333333332,63.57,0.0,73.99,98.10333333333334,74.0,0.0,70.0,0.0,73.87,,,67.0,69.0,85.0,55.0,52.36000000000001,0.0
1568,2025-02-13 18:00:00,64.27666666666666,2.119999999999997,0.0,19.83333333333333,105.26666666666668,63.57,0.0,73.99,80.05333333333333,74.0,0.0,70.0,0.0,74.83333333333333,,,67.0,69.0,85.0,55.0,52.77,0.0
1569,2025-02-13 18:15:00,63.57,0.0,0.0,19.83333333333333,105.70333333333332,63.57,0.0,73.99,84.08999999999999,74.0,0.0,70.0,0.0,74.34333333333335,,,67.0,69.0,85.0,55.0,45.65,0.0
1570,2025-02-13 18:30:00,62.156666666666666,0.0,0.0,21.5,107.88,63.57,0.0,73.99,87.38333333333333,74.0,0.0,70.0,0.0,74.10333333333334,,,67.0,69.0,85.0,55.0,50.120000000000005,0.0
1571,2025-02-13 18:45:00,64.98333333333333,-4.240000000000002,0.0,21.33333333333333,110.41666666666669,63.57,0.0,73.99,92.08333333333331,74.0,0.0,70.0,0.0,73.86666666666666,,,67.0,69.0,85.0,55.0,52.48,0.0
1572,2025-02-13 19:00:00,64.98333333333333,0.0,0.0,21.166666666666668,110.18,63.57,0.0,73.99,91.74,74.0,0.0,70.0,0.0,73.94666666666667,,,67.0,69.0,85.0,55.0,54.08,0.0
1573,2025-02-13 19:15:00,66.39333333333333,2.119999999999997,0.0,20.666666666666668,110.05,63.57,0.0,73.99,91.31666666666666,74.0,0.0,70.0,0.0,73.98,,,67.0,69.0,85.0,55.0,53.81,0.0
1574,2025-02-13 19:30:00,63.56999999999999,2.119999999999997,0.0,20.166666666666668,109.87333333333332,63.57,0.0,73.99,92.10333333333334,74.0,0.0,70.0,0.0,73.94666666666666,,,67.0,69.0,85.0,55.0,53.3,0.0
1575,2025-02-13 19:45:00,63.57,-2.119999999999997,0.0,20.666666666666668,110.86333333333334,63.57,0.0,73.99,95.92,74.0,0.0,70.0,0.0,73.81,,,67.0,69.0,85.0,55.0,52.95,0.0
1576,2025-02-13 20:00:00,64.98333333333333,0.0,0.0,20.666666666666668,110.44,63.57,0.0,73.99,99.54,74.0,0.0,70.0,0.0,73.70333333333333,,,67.0,69.0,85.0,55.0,54.2,0.0
1577,2025-02-13 20:15:00,64.27666666666666,0.0,0.0,20.5,110.78666666666668,63.57,0.0,73.99,100.0,74.0,0.0,70.0,0.0,73.64333333333333,,,67.0,69.0,85.0,55.0,53.56,0.0
1578,2025-02-13 20:30:00,64.98333333333333,2.119999999999997,0.0,19.5,110.50333333333332,63.57,0.0,73.99,100.0,74.0,0.0,70.0,0.0,73.63666666666667,,,67.0,69.0,85.0,55.0,53.580000000000005,0.0
1579,2025-02-13 20:45:00,62.156666666666666,0.0,0.0,19.666666666666668,110.64666666666666,63.57,0.0,73.99,100.0,74.0,0.0,70.0,0.0,73.54333333333334,,,67.0,69.0,85.0,55.0,53.61000000000001,0.0
1580,2025-02-13 21:00:00,64.98333333333333,-2.119999999999997,0.0,20.5,110.62333333333332,63.57,0.0,73.99,100.0,74.0,0.0,70.0,0.0,73.64999999999999,,,67.0,69.0,85.0,55.0,53.43,0.0
1581,2025-02-13 21:15:00,62.156666666666666,2.119999999999997,0.0,19.33333333333333,110.39666666666666,63.57,0.0,73.99,100.0,74.0,0.0,70.0,0.0,73.69,,,67.0,69.0,85.0,55.0,53.17,0.0
1582,2025-02-13 21:30:00,63.57,0.0,0.0,20.166666666666668,109.43,63.57,0.0,73.99,92.30666666666666,74.0,0.0,70.0,0.0,74.34666666666666,,,67.0,69.0,85.0,55.0,53.38999999999999,0.0
1583,2025-02-13 21:45:00,64.98333333333333,0.0,0.0,20.666666666666668,102.67333333333332,63.57,0.0,73.99,75.73333333333333,74.0,0.0,70.0,0.0,74.89,,,67.0,69.0,85.0,55.0,50.75000000000001,0.0
1584,2025-02-13 22:00:00,65.69,0.0,0.0,19.5,97.19666666666666,63.57,0.0,73.99,64.10000000000001,74.0,0.0,70.0,0.0,75.08333333333333,,,67.0,69.0,85.0,55.0,45.03,0.0
1585,2025-02-13 22:15:00,64.98,2.119999999999997,0.0,19.166666666666668,84.63333333333333,63.57,0.0,73.99,47.29333333333333,74.0,0.0,70.0,0.0,75.46333333333334,,,67.0,69.0,85.0,55.0,35.45,0.0
1586,2025-02-13 22:30:00,64.27666666666666,-2.119999999999997,0.0,19.83333333333333,76.69666666666666,63.57,0.0,73.99,37.20333333333333,74.0,0.0,70.0,0.0,75.41000000000001,,,67.0,69.0,85.0,55.0,23.69,0.0
1587,2025-02-13 22:45:00,64.98,2.119999999999997,0.0,20.0,72.10000000000001,63.57,0.0,73.99,30.44333333333333,74.0,0.0,70.0,0.0,75.24666666666667,,,67.0,69.0,85.0,55.0,17.809999999999995,0.0
1588,2025-02-13 23:00:00,64.27666666666666,4.229999999999997,0.0,19.0,70.04333333333334,63.57,0.0,73.99,28.55666666666667,74.0,0.0,70.0,0.0,74.92333333333333,,,67.0,69.0,85.0,55.0,13.840000000000003,0.0
1589,2025-02-13 23:15:00,64.27666666666666,0.0,0.0,18.666666666666668,69.70333333333333,63.57,0.0,73.99,27.55,74.0,0.0,70.0,0.0,74.67666666666666,,,67.0,69.0,85.0,55.0,13.170000000000002,0.0
1590,2025-02-13 23:30:00,64.98333333333333,0.0,0.0,19.666666666666668,69.93,63.57,0.0,73.99,29.063333333333333,74.0,0.0,70.0,0.0,74.37,,,67.0,69.0,85.0,55.0,12.540000000000006,0.0
1591,2025-02-13 23:45:00,63.57,0.0,0.0,20.5,72.67333333333333,63.57,0.0,73.99,34.10666666666666,74.0,0.0,70.0,0.0,74.04333333333334,,,67.0,69.0,85.0,55.0,13.940000000000005,0.0
1592,2025-02-14 00:00:00,64.98,2.119999999999997,0.0,21.0,76.98666666666666,63.57,0.0,73.99,40.07333333333333,74.0,0.0,70.0,0.0,73.78666666666668,,,67.0,69.0,85.0,55.0,17.78,0.0
1593,2025-02-14 00:15:00,64.98333333333333,4.229999999999997,0.0,20.166666666666668,80.20333333333333,63.57,0.0,73.99,44.46666666666667,74.0,0.0,70.0,0.0,73.67,,,67.0,69.0,85.0,55.0,21.99,0.0
1594,2025-02-14 00:30:00,64.98333333333333,0.0,0.0,19.33333333333333,84.89333333333333,63.57,0.0,73.99,51.35999999999999,74.0,0.0,70.0,0.0,73.47333333333334,,,67.0,69.0,85.0,55.0,24.660000000000004,0.0
1595,2025-02-14 00:45:00,63.57,2.119999999999997,0.0,19.0,91.31333333333332,63.57,0.0,73.99,59.98333333333333,74.0,0.0,70.0,0.0,73.27999999999999,,,67.0,69.0,85.0,55.0,31.36,0.0
1596,2025-02-14 01:00:00,64.27666666666666,2.119999999999997,0.0,19.33333333333333,96.23666666666666,63.57,0.0,73.99,66.69333333333333,74.0,0.0,70.0,0.0,73.23333333333333,,,67.0,69.0,85.0,55.0,37.940000000000005,0.0
1597,2025-02-14 01:15:00,63.57,0.0,0.0,19.5,99.68666666666668,63.57,0.0,73.99,72.16666666666667,74.0,0.0,70.0,0.0,73.24,,,67.0,69.0,85.0,55.0,41.92,0.0
1598,2025-02-14 01:30:00,64.27666666666666,0.0,0.0,19.666666666666668,102.44666666666666,63.57,0.0,73.99,76.92333333333333,74.0,0.0,70.0,0.0,73.23333333333333,,,67.0,69.0,85.0,55.0,44.43000000000001,0.0
1599,2025-02-14 01:45:00,65.69,0.0,0.0,20.666666666666668,105.41666666666669,63.57,0.0,73.99,83.24333333333334,74.0,0.0,70.0,0.0,73.22,,,67.0,69.0,85.0,55.0,48.17,0.0
1600,2025-02-14 02:00:00,62.86333333333334,-2.119999999999997,0.0,21.166666666666668,107.85666666666668,63.57,0.0,73.99,88.55666666666667,74.0,0.0,70.0,0.0,73.22666666666667,,,67.0,69.0,85.0,55.0,52.31,0.0
1601,2025-02-14 02:15:00,64.98333333333333,2.119999999999997,0.0,21.33333333333333,110.24,63.57,0.0,73.99,96.58,74.0,0.0,70.0,0.0,73.12333333333333,,,67.0,69.0,85.0,55.0,53.06,0.0
1602,2025-02-14 02:30:00,64.98,0.0,0.0,22.0,110.66,63.57,0.0,73.99,99.77666666666666,74.0,0.0,70.0,0.0,73.22,,,67.0,69.0,85.0,55.0,55.3,0.0
1603,2025-02-14 02:45:00,65.69,0.0,0.0,21.83333333333333,110.81,63.57,0.0,73.99,100.0,74.0,0.0,70.0,0.0,73.22666666666667,,,67.0,69.0,85.0,55.0,55.52,0.0
1604,2025-02-14 03:00:00,64.27666666666666,2.119999999999997,0.0,21.5,110.40333333333332,63.57,0.0,73.99,100.0,74.0,0.0,70.0,0.0,73.19666666666667,,,67.0,69.0,85.0,55.0,55.82999999999999,0.0
1605,2025-02-14 03:15:00,63.57,0.0,0.0,20.666666666666668,110.33666666666666,63.57,0.0,73.99,100.0,74.0,0.0,70.0,0.0,73.22666666666667,,,67.0,69.0,85.0,55.0,55.46,0.0
1606,2025-02-14 03:30:00,64.98333333333333,0.0,0.0,20.33333333333333,110.01,63.57,0.0,73.99,100.0,74.0,0.0,70.0,0.0,73.24,,,67.0,69.0,85.0,55.0,55.6,0.0
1607,2025-02-14 03:45:00,64.27666666666666,0.0,0.0,20.0,109.95333333333332,63.57,0.0,73.99,100.0,74.0,0.0,70.0,0.0,73.15333333333332,,,67.0,69.0,85.0,55.0,55.21,0.0
1608,2025-02-14 04:00:00,62.86333333333334,2.119999999999997,0.0,20.0,109.86,63.57,0.0,73.99,100.0,74.0,0.0,70.0,0.0,73.19333333333334,,,67.0,69.0,85.0,55.0,55.21,0.0
1609,2025-02-14 04:15:00,63.56999999999999,0.0,0.0,21.0,109.73,63.57,0.0,73.99,100.0,74.0,0.0,70.0,0.0,73.22,,,67.0,69.0,85.0,55.0,55.06999999999999,0.0
1610,2025-02-14 04:30:00,63.57,-2.119999999999997,0.0,21.5,110.01,63.57,0.0,73.99,100.0,74.0,0.0,70.0,0.0,73.22,,,67.0,69.0,85.0,55.0,55.11,0.0
1611,2025-02-14 04:45:00,64.98,0.0,0.0,21.33333333333333,110.25333333333332,63.57,0.0,73.99,100.0,74.0,0.0,70.0,0.0,73.24,,,67.0,69.0,85.0,55.0,55.51,0.0
1612,2025-02-14 05:00:00,64.27666666666666,0.0,0.0,21.166666666666668,109.95666666666666,63.57,0.0,73.99,100.0,74.0,0.0,70.0,0.0,73.15333333333334,,,67.0,69.0,85.0,55.0,55.71,0.0
1613,2025-02-14 05:15:00,64.27666666666666,2.119999999999997,0.0,20.166666666666668,109.67,63.57,0.0,73.99,100.0,74.0,0.0,70.0,0.0,73.10333333333334,,,67.0,69.0,85.0,55.0,55.04,0.0
1614,2025-02-14 05:30:00,64.98333333333333,0.0,0.0,20.5,109.60666666666668,63.57,0.0,73.99,100.0,74.0,0.0,70.0,0.0,73.09,,,67.0,69.0,85.0,55.0,55.23,0.0
1615,2025-02-14 05:45:00,62.86333333333334,2.119999999999997,0.0,20.0,109.15,63.57,0.0,73.99,100.0,74.0,0.0,70.0,0.0,73.09,,,67.0,69.0,85.0,55.0,55.16,0.0
1616,2025-02-14 06:00:00,65.68666666666667,4.229999999999997,0.0,20.33333333333333,109.71333333333332,63.57,0.0,73.99,100.0,74.0,0.0,70.0,0.0,73.05666666666667,,,67.0,69.0,85.0,55.0,55.620000000000005,0.0
1617,2025-02-14 06:15:00,63.57,2.119999999999997,0.0,19.83333333333333,109.37333333333332,63.57,0.0,73.99,100.0,74.0,0.0,70.0,0.0,72.99666666666667,,,67.0,69.0,85.0,55.0,55.16,0.0
1618,2025-02-14 06:30:00,64.98333333333333,-2.119999999999997,0.0,20.0,109.25333333333332,63.57,0.0,73.99,100.0,74.0,0.0,70.0,0.0,73.08,,,67.0,69.0,85.0,55.0,55.25,0.0
1619,2025-02-14 06:45:00,62.156666666666666,-2.119999999999997,0.0,20.166666666666668,109.54,63.57,0.0,73.99,100.0,74.0,0.0,70.0,0.0,73.04,,,67.0,69.0,85.0,55.0,55.440000000000005,0.0
1620,2025-02-14 07:00:00,64.98333333333333,-2.119999999999997,0.0,21.0,109.45666666666666,63.57,0.0,73.99,100.0,74.0,0.0,70.0,0.0,72.98666666666666,,,67.0,69.0,85.0,55.0,56.17,0.0
1621,2025-02-14 07:15:00,64.27666666666666,2.119999999999997,0.0,21.33333333333333,109.16666666666669,63.57,0.0,73.99,100.0,74.0,0.0,70.0,0.0,72.95,,,67.0,69.0,85.0,55.0,55.88999999999999,0.0
1622,2025-02-14 07:30:00,64.27666666666666,-2.119999999999997,0.0,21.0,109.02,63.57,0.0,73.99,100.0,74.0,0.0,70.0,0.0,72.95,,,67.0,69.0,85.0,55.0,56.14,0.0
1623,2025-02-14 07:45:00,65.68666666666667,2.119999999999997,0.0,19.83333333333333,108.87,63.57,0.0,73.99,100.0,74.0,0.0,70.0,0.0,72.92333333333333,,,67.0,69.0,85.0,55.0,55.3,0.0
1624,2025-02-14 08:00:00,64.27666666666666,0.0,0.0,20.666666666666668,109.34666666666664,63.57,0.0,73.99,100.0,74.0,0.0,70.0,0.0,72.90333333333334,,,67.0,69.0,85.0,55.0,55.88,0.0
1625,2025-02-14 08:15:00,64.98,4.229999999999997,0.0,19.83333333333333,108.74666666666668,63.57,0.0,73.99,100.0,74.0,0.0,70.0,0.0,72.83666666666666,,,67.0,69.0,85.0,55.0,55.6,0.0
1626,2025-02-14 08:30:00,62.156666666666666,-2.119999999999997,0.0,20.33333333333333,109.15,63.57,0.0,73.99,100.0,74.0,0.0,70.0,0.0,72.81,,,67.0,69.0,85.0,55.0,55.88,0.0
1627,2025-02-14 08:45:00,64.98333333333333,2.119999999999997,0.0,21.33333333333333,108.90333333333336,63.57,0.0,73.99,100.0,74.0,0.0,70.0,0.0,72.76333333333334,,,67.0,69.0,85.0,55.0,55.580000000000005,0.0
1628,2025-02-14 09:00:00,64.98333333333333,2.119999999999997,0.0,21.33333333333333,109.09333333333336,63.57,0.0,73.99,100.0,74.0,0.0,70.0,0.0,72.72,,,67.0,69.0,85.0,55.0,56.42000000000001,0.0
1629,2025-02-14 09:15:00,62.86333333333334,0.0,0.0,20.83333333333333,108.91666666666669,63.57,0.0,73.99,100.0,74.0,0.0,70.0,0.0,72.66666666666667,,,67.0,69.0,85.0,55.0,55.830000000000005,0.0
1630,2025-02-14 09:30:00,64.98,0.0,0.0,23.83333333333333,110.08,63.57,0.0,73.99,100.0,74.0,0.0,70.0,0.0,72.64333333333333,,,67.0,69.0,85.0,55.0,56.63999999999999,0.0
1631,2025-02-14 09:45:00,63.57,2.119999999999997,0.0,20.5,109.18333333333334,63.57,0.0,73.99,100.0,74.0,0.0,70.0,0.0,72.65333333333332,,,67.0,69.0,85.0,55.0,56.71,0.0
1632,2025-02-14 10:00:00,64.27666666666666,0.0,0.0,20.166666666666668,108.30333333333334,63.57,0.0,73.99,100.0,74.0,0.0,70.0,0.0,72.64666666666666,,,67.0,69.0,85.0,55.0,56.14,0.0
1633,2025-02-14 10:15:00,64.27333333333333,4.229999999999997,0.0,20.5,108.54666666666668,63.57,0.0,73.99,100.0,74.0,0.0,70.0,0.0,72.62333333333333,,,67.0,69.0,85.0,55.0,56.02000000000001,0.0
1634,2025-02-14 10:30:00,64.27666666666666,0.0,0.0,22.33333333333333,109.07666666666668,63.57,0.0,73.99,100.0,74.0,0.0,70.0,0.0,72.52999999999999,,,67.0,69.0,85.0,55.0,56.49999999999999,0.0
1635,2025-02-14 10:45:00,64.98333333333333,0.0,0.0,21.0,108.90000000000002,63.57,0.0,73.99,100.0,74.0,0.0,70.0,0.0,72.42,,,67.0,69.0,85.0,55.0,56.900000000000006,0.0
1636,2025-02-14 11:00:00,64.27666666666666,2.119999999999997,0.0,20.166666666666668,108.21,63.57,0.0,73.99,100.0,74.0,0.0,70.0,0.0,72.36666666666667,,,67.0,69.0,85.0,55.0,56.23,0.0
1637,2025-02-14 11:15:00,64.27666666666666,0.0,0.0,20.166666666666668,107.4,63.57,0.0,73.99,100.0,74.0,0.0,70.0,0.0,72.36333333333333,,,67.0,69.0,85.0,55.0,54.98,0.0
1638,2025-02-14 11:30:00,63.56999999999999,0.0,0.0,20.666666666666668,107.44333333333331,63.57,0.0,73.99,100.0,74.0,0.0,70.0,0.0,72.26666666666667,,,67.0,69.0,85.0,55.0,55.190000000000005,0.0
1639,2025-02-14 11:45:00,64.27333333333333,4.229999999999997,0.0,21.166666666666668,107.39666666666666,63.57,0.0,73.99,100.0,74.0,0.0,70.0,0.0,72.17333333333333,,,67.0,69.0,85.0,55.0,55.46000000000001,0.0
1640,2025-02-14 12:00:00,65.69,2.119999999999997,0.0,20.5,107.55666666666669,63.57,0.0,73.99,100.0,74.0,0.0,70.0,0.0,72.06333333333333,,,67.0,69.0,85.0,55.0,55.73,0.0
1641,2025-02-14 12:15:00,63.57,0.0,0.0,19.666666666666668,107.52333333333333,63.57,0.0,73.99,100.0,74.0,0.0,70.0,0.0,72.05,,,67.0,69.0,85.0,55.0,55.56,0.0
1642,2025-02-14 12:30:00,64.98333333333333,0.0,0.0,19.33333333333333,107.01666666666668,63.57,0.0,73.99,100.0,74.0,0.0,70.0,0.0,72.02,,,67.0,69.0,85.0,55.0,55.1,0.0
1643,2025-02-14 12:45:00,62.156666666666666,0.0,0.0,19.666666666666668,107.42,63.57,0.0,73.99,100.0,74.0,0.0,70.0,0.0,71.93333333333334,,,67.0,69.0,85.0,55.0,55.16,0.0
1644,2025-02-14 13:00:00,64.98333333333333,-2.119999999999997,0.0,21.5,108.42333333333332,63.57,0.0,73.99,100.0,74.0,0.0,70.0,0.0,71.93666666666667,,,67.0,69.0,85.0,55.0,55.6,0.0
1645,2025-02-14 13:15:00,65.68666666666667,4.229999999999997,0.0,20.0,108.13,63.57,0.0,73.99,100.0,74.0,0.0,70.0,0.0,72.45333333333333,,,67.0,69.0,85.0,55.0,55.31,0.0
1646,2025-02-14 13:30:00,63.57,0.0,0.0,19.5,108.36333333333334,63.57,0.0,73.99,100.0,74.0,0.0,70.0,0.0,72.26666666666667,,,67.0,69.0,85.0,55.0,55.36000000000001,0.0
1647,2025-02-14 13:45:00,65.69,2.119999999999997,0.0,20.666666666666668,108.71,63.57,0.0,73.99,100.0,74.0,0.0,70.0,0.0,73.03,,,67.0,69.0,85.0,55.0,55.150000000000006,0.0
1648,2025-02-14 14:00:00,65.68666666666667,0.0,0.0,21.33333333333333,109.02666666666666,63.57,0.0,73.99,99.83333333333331,74.0,0.0,70.0,0.0,73.83333333333333,,,67.0,69.0,85.0,55.0,55.09,0.0
1649,2025-02-14 14:15:00,66.39333333333333,2.119999999999997,0.0,20.0,107.78000000000002,63.57,0.0,73.99,90.11666666666667,74.0,0.0,70.0,0.0,74.41333333333334,,,67.0,69.0,85.0,55.0,54.73,0.0
1650,2025-02-14 14:30:00,64.27666666666666,0.0,0.0,19.666666666666668,104.85333333333334,63.57,0.0,73.99,84.95,74.0,0.0,70.0,0.0,74.46,,,67.0,69.0,85.0,55.0,49.970000000000006,0.0
1651,2025-02-14 14:45:00,64.98333333333333,0.0,0.0,18.83333333333333,104.87,63.57,0.0,73.99,81.54666666666667,74.0,0.0,70.0,0.0,74.50333333333333,,,67.0,69.0,85.0,55.0,52.8,0.0
1652,2025-02-14 15:00:00,64.27666666666666,0.0,0.0,18.166666666666668,95.69666666666669,63.57,0.0,73.99,64.86333333333333,74.0,0.0,70.0,0.0,75.02666666666666,,,67.0,69.0,85.0,55.0,43.50000000000001,0.0
1653,2025-02-14 15:15:00,63.57,0.0,0.0,19.0,87.46333333333332,63.57,0.0,73.99,52.833333333333336,74.0,0.0,70.0,0.0,75.18666666666667,,,67.0,69.0,85.0,55.0,34.739999999999995,0.0
1654,2025-02-14 15:30:00,65.69,2.119999999999997,0.0,20.5,86.55666666666666,63.57,0.0,73.99,55.03,74.0,0.0,70.0,0.0,74.68333333333334,,,67.0,69.0,85.0,55.0,25.73,0.0
1655,2025-02-14 15:45:00,64.98333333333333,2.119999999999997,0.0,19.5,98.11666666666667,63.57,0.0,73.99,70.13666666666667,74.0,0.0,70.0,0.0,73.85333333333334,,,67.0,69.0,85.0,55.0,38.95,0.0
1656,2025-02-14 16:00:00,65.68666666666667,4.229999999999997,0.0,19.0,102.92,63.57,0.0,73.99,77.29666666666667,74.0,0.0,70.0,0.0,73.60000000000001,,,67.0,69.0,85.0,55.0,45.27,0.0
1657,2025-02-14 16:15:00,63.57,2.119999999999997,0.0,19.0,105.83666666666666,63.57,0.0,73.99,82.3,74.0,0.0,70.0,0.0,73.53,,,67.0,69.0,85.0,55.0,47.89000000000001,0.0
1658,2025-02-14 16:30:00,65.69,2.119999999999997,0.0,19.33333333333333,107.81666666666666,63.57,0.0,73.99,85.75999999999999,74.0,0.0,70.0,0.0,73.53,,,67.0,69.0,85.0,55.0,49.93000000000001,0.0
1659,2025-02-14 16:45:00,64.27666666666666,0.0,0.0,20.33333333333333,108.53000000000002,63.57,0.0,73.99,86.70333333333333,74.0,0.0,70.0,0.0,73.64666666666666,,,67.0,69.0,85.0,55.0,50.88,0.0
1660,2025-02-14 17:00:00,64.27666666666666,0.0,0.0,20.83333333333333,109.56333333333332,63.57,0.0,73.99,88.46,74.0,0.0,70.0,0.0,73.68333333333334,,,67.0,69.0,85.0,55.0,50.9,0.0
1661,2025-02-14 17:15:00,64.27666666666666,2.119999999999997,0.0,20.5,109.44,63.57,0.0,73.99,87.83999999999999,74.0,0.0,70.0,0.0,73.79666666666667,,,67.0,69.0,85.0,55.0,50.65,0.0
1662,2025-02-14 17:30:00,65.68666666666667,0.0,0.0,20.83333333333333,110.22333333333334,63.57,0.0,73.99,87.87333333333333,74.0,0.0,70.0,0.0,73.87333333333333,,,67.0,69.0,85.0,55.0,51.13,0.0
1663,2025-02-14 17:45:00,65.68666666666667,2.119999999999997,0.0,20.0,109.58666666666666,63.57,0.0,73.99,88.44333333333334,74.0,0.0,70.0,0.0,73.86666666666666,,,67.0,69.0,85.0,55.0,50.17999999999999,0.0
1664,2025-02-14 18:00:00,65.68666666666667,0.0,0.0,19.83333333333333,110.57,63.57,0.0,73.99,90.44333333333334,74.0,0.0,70.0,0.0,73.82333333333334,,,67.0,69.0,85.0,55.0,50.91,0.0
1665,2025-02-14 18:15:00,64.27666666666666,0.0,0.0,20.0,110.99,63.57,0.0,73.99,91.05333333333331,74.0,0.0,70.0,0.0,73.85666666666667,,,67.0,69.0,85.0,55.0,50.79,0.0
1666,2025-02-14 18:30:00,64.98333333333333,0.0,0.0,19.166666666666668,111.29,63.57,0.0,73.99,92.94,74.0,0.0,70.0,0.0,73.82333333333334,,,67.0,69.0,85.0,55.0,50.870000000000005,0.0
1667,2025-02-14 18:45:00,64.27666666666666,0.0,0.0,18.5,111.45,63.57,0.0,73.99,94.03666666666668,74.0,0.0,70.0,0.0,73.82333333333334,,,67.0,69.0,85.0,55.0,50.68,0.0
1668,2025-02-14 19:00:00,65.68666666666667,0.0,0.0,18.166666666666668,111.12333333333332,63.57,0.0,73.99,92.04,74.0,0.0,70.0,0.0,73.96,,,67.0,69.0,85.0,55.0,50.470000000000006,0.0
1669,2025-02-14 19:15:00,63.57,-2.119999999999997,0.0,17.833333333333332,110.1,63.57,0.0,73.99,88.52,74.0,0.0,70.0,0.0,74.14666666666666,,,67.0,69.0,85.0,55.0,49.67999999999999,0.0
1670,2025-02-14 19:30:00,63.56666666666666,4.229999999999997,0.0,18.33333333333333,100.7,63.57,0.0,73.99,67.78333333333333,74.0,0.0,70.0,0.0,74.99,,,67.0,69.0,85.0,55.0,43.330000000000005,0.0
1671,2025-02-14 19:45:00,64.98333333333333,0.0,0.0,18.83333333333333,93.12666666666668,63.57,0.0,73.99,59.39333333333334,74.0,0.0,70.0,0.0,74.96666666666667,,,67.0,69.0,85.0,55.0,31.66,0.0
1672,2025-02-14 20:00:00,65.68666666666667,4.229999999999997,0.0,17.166666666666668,97.63333333333333,63.57,0.0,73.99,66.80333333333334,74.0,0.0,70.0,0.0,74.37,,,67.0,69.0,85.0,55.0,35.669999999999995,0.0
1673,2025-02-14 20:15:00,64.98333333333333,0.0,0.0,16.833333333333332,98.00666666666666,63.57,0.0,73.99,65.91000000000001,74.0,0.0,70.0,0.0,74.28,,,67.0,69.0,85.0,55.0,37.63,0.0
1674,2025-02-14 20:30:00,62.86333333333334,-2.119999999999997,0.0,16.666666666666668,89.27999999999999,63.57,0.0,73.99,52.25,74.0,0.0,70.0,0.0,74.8,,,67.0,69.0,85.0,55.0,33.89,0.0
1675,2025-02-14 20:45:00,64.98,0.0,0.0,16.666666666666668,92.12333333333332,63.57,0.0,73.99,60.18666666666667,74.0,0.0,70.0,0.0,74.17,,,67.0,69.0,85.0,55.0,28.55,0.0
1676,2025-02-14 21:00:00,64.27666666666666,2.119999999999997,0.0,16.5,96.71666666666664,63.57,0.0,73.99,64.85333333333334,74.0,0.0,70.0,0.0,73.94,,,67.0,69.0,85.0,55.0,35.620000000000005,0.0
1677,2025-02-14 21:15:00,64.27666666666666,2.119999999999997,0.0,16.166666666666668,97.35666666666668,63.57,0.0,73.99,65.16666666666667,74.0,0.0,70.0,0.0,73.94666666666666,,,67.0,69.0,85.0,55.0,37.02,0.0
1678,2025-02-14 21:30:00,64.98333333333333,2.119999999999997,0.0,17.166666666666668,99.04666666666668,63.57,0.0,73.99,68.33,74.0,0.0,70.0,0.0,73.81333333333333,,,67.0,69.0,85.0,55.0,37.53000000000001,0.0
1679,2025-02-14 21:45:00,64.27333333333333,-2.119999999999997,0.0,18.0,101.57,63.57,0.0,73.99,73.10000000000001,74.0,0.0,70.0,0.0,73.68333333333334,,,67.0,69.0,85.0,55.0,40.470000000000006,0.0
1680,2025-02-14 22:00:00,64.27666666666666,0.0,0.0,18.33333333333333,94.73,63.57,0.0,73.99,61.41666666666666,74.0,0.0,70.0,0.0,74.27666666666666,,,67.0,69.0,85.0,55.0,37.61,0.0
1681,2025-02-14 22:15:00,63.57,0.0,0.0,18.666666666666668,100.66333333333334,63.57,0.0,73.99,72.48333333333333,74.0,0.0,70.0,0.0,73.68333333333334,,,67.0,69.0,85.0,55.0,37.27,0.0
1682,2025-02-14 22:30:00,62.156666666666666,-2.119999999999997,0.0,18.83333333333333,106.88,63.57,0.0,73.99,84.92333333333333,74.0,0.0,70.0,0.0,73.27999999999999,,,67.0,69.0,85.0,55.0,44.85999999999999,0.0
1683,2025-02-14 22:45:00,66.39333333333333,2.119999999999997,0.0,18.166666666666668,110.07,63.57,0.0,73.99,92.87,74.0,0.0,70.0,0.0,73.15333333333332,,,67.0,69.0,85.0,55.0,48.32,0.0
1684,2025-02-14 23:00:00,63.57,-2.119999999999997,0.0,18.33333333333333,110.90333333333336,63.57,0.0,73.99,96.23,74.0,0.0,70.0,0.0,73.28666666666666,,,67.0,69.0,85.0,55.0,50.18,0.0
1685,2025-02-14 23:15:00,64.98333333333333,2.119999999999997,0.0,18.0,110.42,63.57,0.0,73.99,100.0,74.0,0.0,70.0,0.0,73.16000000000001,,,67.0,69.0,85.0,55.0,49.96,0.0
1686,2025-02-14 23:30:00,64.27666666666666,0.0,0.0,18.83333333333333,110.45666666666666,63.57,0.0,73.99,100.0,74.0,0.0,70.0,0.0,73.25,,,67.0,69.0,85.0,55.0,50.31,0.0
1687,2025-02-14 23:45:00,64.27666666666666,2.119999999999997,0.0,18.0,110.54,63.57,0.0,73.99,100.0,74.0,0.0,70.0,0.0,73.27,,,67.0,69.0,85.0,55.0,49.97,0.0
1688,2025-02-15 00:00:00,63.57,2.119999999999997,0.0,18.33333333333333,110.42666666666666,63.57,0.0,73.99,98.40333333333332,74.0,0.0,70.0,0.0,73.93333333333334,,,67.0,69.0,85.0,55.0,50.0,0.0
1689,2025-02-15 00:15:00,62.86333333333334,2.119999999999997,0.0,18.5,108.35333333333334,63.57,0.0,73.99,86.31666666666666,74.0,0.0,70.0,0.0,74.56,,,67.0,69.0,85.0,55.0,49.68,0.0
1690,2025-02-15 00:30:00,64.27333333333333,4.229999999999997,0.0,18.166666666666668,102.90666666666668,63.57,0.0,73.99,73.90333333333332,74.0,0.0,70.0,0.0,74.87666666666667,,,67.0,69.0,85.0,55.0,44.2,0.0
1691,2025-02-15 00:45:00,65.68666666666667,0.0,0.0,19.166666666666668,97.33333333333331,63.57,0.0,73.99,64.57666666666667,74.0,0.0,70.0,0.0,75.0,,,67.0,69.0,85.0,55.0,39.06999999999999,0.0
1692,2025-02-15 01:00:00,63.57,0.0,0.0,19.0,92.43666666666668,63.57,0.0,73.99,56.63333333333333,74.0,0.0,70.0,0.0,75.00666666666666,,,67.0,69.0,85.0,55.0,33.78,0.0
1693,2025-02-15 01:15:00,64.98333333333333,2.119999999999997,0.0,19.83333333333333,87.42333333333333,63.57,0.0,73.99,49.50333333333333,74.0,0.0,70.0,0.0,74.98666666666666,,,67.0,69.0,85.0,55.0,29.029999999999998,0.0
1694,2025-02-15 01:30:00,64.27666666666666,2.119999999999997,0.0,18.166666666666668,81.76333333333334,63.57,0.0,73.99,41.89333333333334,74.0,0.0,70.0,0.0,75.00666666666666,,,67.0,69.0,85.0,55.0,23.56,0.0
1695,2025-02-15 01:45:00,66.39333333333333,2.119999999999997,0.0,18.5,77.91666666666667,63.57,0.0,73.99,36.92666666666667,74.0,0.0,70.0,0.0,74.87,,,67.0,69.0,85.0,55.0,18.320000000000007,0.0
1696,2025-02-15 02:00:00,62.86333333333334,2.119999999999997,0.0,18.0,77.41666666666667,63.57,0.0,73.99,36.61666666666667,74.0,0.0,70.0,0.0,74.62,,,67.0,69.0,85.0,55.0,17.4,0.0
1697,2025-02-15 02:15:00,64.27666666666666,2.119999999999997,0.0,18.0,77.16000000000001,63.57,0.0,73.99,36.48333333333333,74.0,0.0,70.0,0.0,74.44666666666666,,,67.0,69.0,85.0,55.0,16.740000000000002,0.0
1698,2025-02-15 02:30:00,63.57,0.0,0.0,19.0,77.56,63.57,0.0,73.99,36.88333333333333,74.0,0.0,70.0,0.0,74.28,,,67.0,69.0,85.0,55.0,17.309999999999995,0.0
1699,2025-02-15 02:45:00,66.39,4.229999999999997,0.0,17.666666666666668,78.11333333333333,63.57,0.0,73.99,37.78333333333333,74.0,0.0,70.0,0.0,74.15666666666668,,,67.0,69.0,85.0,55.0,17.520000000000003,0.0
1700,2025-02-15 03:00:00,65.69,2.119999999999997,0.0,18.83333333333333,78.26666666666667,63.57,0.0,73.99,37.78,74.0,0.0,70.0,0.0,74.1,,,67.0,69.0,85.0,55.0,18.32,0.0
1701,2025-02-15 03:15:00,65.69,2.119999999999997,0.0,18.166666666666668,79.09666666666666,63.57,0.0,73.99,39.21,74.0,0.0,70.0,0.0,74.01333333333334,,,67.0,69.0,85.0,55.0,18.14,0.0
1702,2025-02-15 03:30:00,63.57,-2.119999999999997,0.0,18.5,79.85000000000001,63.57,0.0,73.99,39.89333333333334,74.0,0.0,70.0,0.0,73.98,,,67.0,69.0,85.0,55.0,19.58,0.0
1703,2025-02-15 03:45:00,64.27666666666666,2.119999999999997,0.0,18.83333333333333,79.88000000000001,63.57,0.0,73.99,40.01,74.0,0.0,70.0,0.0,73.98,,,67.0,69.0,85.0,55.0,19.61,0.0
1704,2025-02-15 04:00:00,64.98,0.0,0.0,18.0,80.19333333333334,63.57,0.0,73.99,40.49666666666667,74.0,0.0,70.0,0.0,73.96666666666665,,,67.0,69.0,85.0,55.0,19.940000000000005,0.0
1705,2025-02-15 04:15:00,63.57,0.0,0.0,17.5,80.32333333333334,63.57,0.0,73.99,40.5,74.0,0.0,70.0,0.0,73.98,,,67.0,69.0,85.0,55.0,20.290000000000006,0.0
1706,2025-02-15 04:30:00,65.68666666666667,0.0,0.0,19.166666666666668,80.75,63.57,0.0,73.99,41.06,74.0,0.0,70.0,0.0,73.95333333333333,,,67.0,69.0,85.0,55.0,20.340000000000003,0.0
1707,2025-02-15 04:45:00,64.27666666666666,-2.119999999999997,0.0,19.666666666666668,80.94333333333334,63.57,0.0,73.99,41.09,74.0,0.0,70.0,0.0,73.97333333333334,,,67.0,69.0,85.0,55.0,20.840000000000003,0.0
1708,2025-02-15 05:00:00,64.98333333333333,2.119999999999997,0.0,19.0,81.13,63.57,0.0,73.99,41.473333333333336,74.0,0.0,70.0,0.0,73.96,,,67.0,69.0,85.0,55.0,20.72,0.0
1709,2025-02-15 05:15:00,63.57,0.0,0.0,18.5,81.35000000000001,63.57,0.0,73.99,41.61000000000001,74.0,0.0,70.0,0.0,73.96666666666665,,,67.0,69.0,85.0,55.0,21.20000000000001,0.0
1710,2025-02-15 05:30:00,67.09666666666666,4.229999999999997,0.0,18.0,81.42999999999999,63.57,0.0,73.99,41.84666666666666,74.0,0.0,70.0,0.0,73.96,,,67.0,69.0,85.0,55.0,20.87,0.0
1711,2025-02-15 05:45:00,67.09666666666666,4.229999999999997,0.0,18.83333333333333,81.58666666666666,63.57,0.0,73.99,41.943333333333335,74.0,0.0,70.0,0.0,73.96666666666665,,,67.0,69.0,85.0,55.0,21.36,0.0
1712,2025-02-15 06:00:00,64.27666666666666,0.0,0.0,18.83333333333333,81.54333333333334,63.57,0.0,73.99,41.99666666666667,74.0,0.0,70.0,0.0,73.98,,,67.0,69.0,85.0,55.0,21.03000000000001,0.0
1713,2025-02-15 06:15:00,64.27666666666666,0.0,0.0,18.166666666666668,81.78333333333335,63.57,0.0,73.99,42.29333333333333,74.0,0.0,70.0,0.0,73.98,,,67.0,69.0,85.0,55.0,21.47,0.0
1714,2025-02-15 06:30:00,64.27666666666666,0.0,0.0,18.5,81.76666666666667,63.57,0.0,73.99,42.43666666666667,74.0,0.0,70.0,0.0,73.97333333333334,,,67.0,69.0,85.0,55.0,21.26,0.0
1715,2025-02-15 06:45:00,65.69,2.119999999999997,0.0,18.5,82.03000000000002,63.57,0.0,73.99,42.6,74.0,0.0,70.0,0.0,73.96666666666665,,,67.0,69.0,85.0,55.0,21.410000000000004,0.0
1716,2025-02-15 07:00:00,64.98,2.119999999999997,0.0,18.5,82.05,63.57,0.0,73.99,42.77666666666667,74.0,0.0,70.0,0.0,73.97333333333334,,,67.0,69.0,85.0,55.0,21.570000000000007,0.0
1717,2025-02-15 07:15:00,63.57,0.0,0.0,18.83333333333333,82.10000000000001,63.57,0.0,73.99,42.93,74.0,0.0,70.0,0.0,73.98,,,67.0,69.0,85.0,55.0,21.770000000000003,0.0
1718,2025-02-15 07:30:00,64.27666666666666,0.0,0.0,18.83333333333333,81.86666666666667,63.57,0.0,73.99,42.61333333333334,74.0,0.0,70.0,0.0,73.99333333333334,,,67.0,69.0,85.0,55.0,21.960000000000008,0.0
1719,2025-02-15 07:45:00,62.86333333333334,0.0,0.0,18.83333333333333,82.01666666666667,63.57,0.0,73.99,42.21333333333333,74.0,0.0,70.0,0.0,74.01333333333334,,,67.0,69.0,85.0,55.0,21.67,0.0
1720,2025-02-15 08:00:00,65.68666666666667,0.0,0.0,17.666666666666668,81.69666666666667,63.57,0.0,73.99,41.77333333333333,74.0,0.0,70.0,0.0,74.03,,,67.0,69.0,85.0,55.0,21.16,0.0
1721,2025-02-15 08:15:00,64.98,4.229999999999997,0.0,18.83333333333333,81.61999999999999,63.57,0.0,73.99,41.85666666666667,74.0,0.0,70.0,0.0,74.00333333333333,,,67.0,69.0,85.0,55.0,20.79,0.0
1722,2025-02-15 08:30:00,63.57,0.0,0.0,19.83333333333333,81.77666666666667,63.57,0.0,73.99,42.02666666666666,74.0,0.0,70.0,0.0,74.00666666666667,,,67.0,69.0,85.0,55.0,21.830000000000005,0.0
1723,2025-02-15 08:45:00,64.27666666666666,0.0,0.0,18.166666666666668,81.75,63.57,0.0,73.99,42.02,74.0,0.0,70.0,0.0,73.98666666666666,,,67.0,69.0,85.0,55.0,21.090000000000003,0.0
1724,2025-02-15 09:00:00,64.27666666666666,0.0,0.0,19.33333333333333,81.52666666666666,63.57,0.0,73.99,41.35333333333333,74.0,0.0,70.0,0.0,74.02333333333333,,,67.0,69.0,85.0,55.0,21.020000000000003,0.0
1725,2025-02-15 09:15:00,64.98,2.119999999999997,0.0,19.0,81.21666666666665,63.57,0.0,73.99,41.24333333333333,74.0,0.0,70.0,0.0,74.01,,,67.0,69.0,85.0,55.0,20.47,0.0
1726,2025-02-15 09:30:00,64.98333333333333,0.0,0.0,18.166666666666668,81.56,63.57,0.0,73.99,42.11000000000001,74.0,0.0,70.0,0.0,73.98,,,67.0,69.0,85.0,55.0,21.020000000000003,0.0
1727,2025-02-15 09:45:00,62.86333333333334,0.0,0.0,19.166666666666668,81.46999999999998,63.57,0.0,73.99,41.95333333333333,74.0,0.0,70.0,0.0,73.99000000000001,,,67.0,69.0,85.0,55.0,21.48,0.0
1728,2025-02-15 10:00:00,66.39333333333333,2.119999999999997,0.0,18.5,81.58999999999999,63.57,0.0,73.99,42.330000000000005,74.0,0.0,70.0,0.0,73.98,,,67.0,69.0,85.0,55.0,21.609999999999992,0.0
1729,2025-02-15 10:15:00,64.27666666666666,0.0,0.0,18.666666666666668,81.63666666666667,63.57,0.0,73.99,42.086666666666666,74.0,0.0,70.0,0.0,73.99333333333334,,,67.0,69.0,85.0,55.0,21.770000000000003,0.0
1730,2025-02-15 10:30:00,64.98333333333333,2.119999999999997,0.0,18.5,81.64333333333333,63.57,0.0,73.99,42.5,74.0,0.0,70.0,0.0,73.98,,,67.0,69.0,85.0,55.0,21.58,0.0
1731,2025-02-15 10:45:00,64.27666666666666,-2.119999999999997,0.0,18.33333333333333,81.74666666666667,63.57,0.0,73.99,42.61333333333334,74.0,0.0,70.0,0.0,73.98,,,67.0,69.0,85.0,55.0,21.94,0.0
1732,2025-02-15 11:00:00,62.86333333333334,0.0,0.0,18.666666666666668,81.84333333333333,63.57,0.0,73.99,42.71666666666667,74.0,0.0,70.0,0.0,73.98,,,67.0,69.0,85.0,55.0,21.71,0.0
1733,2025-02-15 11:15:00,65.68666666666667,0.0,0.0,18.666666666666668,81.80333333333333,63.57,0.0,73.99,42.77,74.0,0.0,70.0,0.0,73.98,,,67.0,69.0,85.0,55.0,22.16,0.0
1734,2025-02-15 11:30:00,64.98333333333333,2.119999999999997,0.0,18.166666666666668,81.52666666666666,63.57,0.0,73.99,42.23666666666667,74.0,0.0,70.0,0.0,74.0,,,67.0,69.0,85.0,55.0,21.51,0.0
1735,2025-02-15 11:45:00,63.57,2.119999999999997,0.0,19.166666666666668,82.01666666666667,63.57,0.0,73.99,42.72666666666667,74.0,0.0,70.0,0.0,73.98333333333333,,,67.0,69.0,85.0,55.0,22.200000000000003,0.0
1736,2025-02-15 12:00:00,65.68666666666667,4.229999999999997,0.0,17.833333333333332,81.37,63.57,0.0,73.99,41.86000000000001,74.0,0.0,70.0,0.0,74.03,,,67.0,69.0,85.0,55.0,21.17,0.0
1737,2025-02-15 12:15:00,63.57,0.0,0.0,18.166666666666668,81.86333333333333,63.57,0.0,73.99,42.31666666666667,74.0,0.0,70.0,0.0,73.99333333333334,,,67.0,69.0,85.0,55.0,21.279999999999998,0.0
1738,2025-02-15 12:30:00,64.98333333333333,2.119999999999997,0.0,19.0,81.02333333333333,63.57,0.0,73.99,41.41333333333333,74.0,0.0,70.0,0.0,74.04333333333334,,,67.0,69.0,85.0,55.0,21.02,0.0
1739,2025-02-15 12:45:00,66.39333333333333,2.119999999999997,0.0,17.833333333333332,81.20333333333333,63.57,0.0,73.99,41.74,74.0,0.0,70.0,0.0,74.00666666666667,,,67.0,69.0,85.0,55.0,21.130000000000003,0.0
1740,2025-02-15 13:00:00,64.27666666666666,2.119999999999997,0.0,18.166666666666668,80.89,63.57,0.0,73.99,40.803333333333335,74.0,0.0,70.0,0.0,74.04333333333334,,,67.0,69.0,85.0,55.0,21.050000000000004,0.0
1741,2025-02-15 13:15:00,64.98333333333333,0.0,0.0,18.166666666666668,81.05333333333334,63.57,0.0,73.99,41.303333333333335,74.0,0.0,70.0,0.0,74.00333333333333,,,67.0,69.0,85.0,55.0,20.410000000000004,0.0
1742,2025-02-15 13:30:00,64.98333333333333,2.119999999999997,0.0,18.33333333333333,81.0,63.57,0.0,73.99,41.09333333333333,74.0,0.0,70.0,0.0,74.01333333333334,,,67.0,69.0,85.0,55.0,20.99,0.0
1743,2025-02-15 13:45:00,65.69,2.119999999999997,0.0,18.33333333333333,80.68333333333334,63.57,0.0,73.99,40.876666666666665,74.0,0.0,70.0,0.0,74.00333333333333,,,67.0,69.0,85.0,55.0,20.21999999999999,0.0
1744,2025-02-15 14:00:00,64.27666666666666,0.0,0.0,17.666666666666668,80.74,63.57,0.0,73.99,41.05666666666667,74.0,0.0,70.0,0.0,73.99333333333334,,,67.0,69.0,85.0,55.0,20.89,0.0
1745,2025-02-15 14:15:00,64.27666666666666,2.119999999999997,0.0,17.666666666666668,80.78666666666668,63.57,0.0,73.99,41.29666666666667,74.0,0.0,70.0,0.0,73.99666666666667,,,67.0,69.0,85.0,55.0,20.520000000000003,0.0
1746,2025-02-15 14:30:00,65.69,2.119999999999997,0.0,17.833333333333332,81.21333333333332,63.57,0.0,73.99,41.66,74.0,0.0,70.0,0.0,73.98,,,67.0,69.0,85.0,55.0,20.959999999999997,0.0
1747,2025-02-15 14:45:00,63.57,-2.119999999999997,0.0,17.833333333333332,80.39666666666666,63.57,0.0,73.99,40.63333333333333,74.0,0.0,70.0,0.0,74.02,,,67.0,69.0,85.0,55.0,20.26,0.0
1748,2025-02-15 15:00:00,64.98333333333333,0.0,0.0,19.0,81.28666666666668,63.57,0.0,73.99,41.56666666666667,74.0,0.0,70.0,0.0,73.98,,,67.0,69.0,85.0,55.0,21.200000000000003,0.0
1749,2025-02-15 15:15:00,65.69,2.119999999999997,0.0,18.33333333333333,80.92333333333333,63.57,0.0,73.99,41.053333333333335,74.0,0.0,70.0,0.0,73.99333333333333,,,67.0,69.0,85.0,55.0,21.020000000000003,0.0
1750,2025-02-15 15:30:00,62.86333333333334,0.0,0.0,18.166666666666668,81.17,63.57,0.0,73.99,41.196666666666665,74.0,0.0,70.0,0.0,73.99333333333334,,,67.0,69.0,85.0,55.0,20.53,0.0
1751,2025-02-15 15:45:00,64.27666666666666,0.0,0.0,19.0,80.92333333333333,63.57,0.0,73.99,40.24,74.0,0.0,70.0,0.0,74.04,,,67.0,69.0,85.0,55.0,20.44,0.0
1752,2025-02-15 16:00:00,65.69,2.119999999999997,0.0,18.666666666666668,80.31666666666666,63.57,0.0,73.99,39.49666666666666,74.0,0.0,70.0,0.0,74.05,,,67.0,69.0,85.0,55.0,18.92,0.0
1753,2025-02-15 16:15:00,64.27666666666666,2.119999999999997,0.0,17.833333333333332,80.43666666666667,63.57,0.0,73.99,39.27666666666666,74.0,0.0,70.0,0.0,74.04333333333334,,,67.0,69.0,85.0,55.0,19.130000000000003,0.0
1754,2025-02-15 16:30:00,67.09666666666666,4.229999999999997,0.0,17.666666666666668,79.57333333333334,63.57,0.0,73.99,38.10666666666666,74.0,0.0,70.0,0.0,74.07666666666667,,,67.0,69.0,85.0,55.0,18.349999999999994,0.0
1755,2025-02-15 16:45:00,64.27666666666666,0.0,0.0,17.5,80.40333333333334,63.57,0.0,73.99,39.13,74.0,0.0,70.0,0.0,74.01,,,67.0,69.0,85.0,55.0,18.73,0.0
1756,2025-02-15 17:00:00,63.57,0.0,0.0,18.0,79.88666666666667,63.57,0.0,73.99,38.28333333333333,74.0,0.0,70.0,0.0,74.03666666666668,,,67.0,69.0,85.0,55.0,18.260000000000005,0.0
1757,2025-02-15 17:15:00,64.27666666666666,0.0,0.0,18.83333333333333,80.37333333333333,63.57,0.0,73.99,38.693333333333335,74.0,0.0,70.0,0.0,74.00333333333333,,,67.0,69.0,85.0,55.0,18.28,0.0
1758,2025-02-15 17:30:00,66.39333333333333,2.119999999999997,0.0,17.833333333333332,79.81,63.57,0.0,73.99,38.10666666666666,74.0,0.0,70.0,0.0,74.03,,,67.0,69.0,85.0,55.0,17.940000000000005,0.0
1759,2025-02-15 17:45:00,64.98333333333333,0.0,0.0,17.333333333333332,80.22,63.57,0.0,73.99,38.78,74.0,0.0,70.0,0.0,73.98333333333333,,,67.0,69.0,85.0,55.0,18.11,0.0
1760,2025-02-15 18:00:00,62.86333333333334,0.0,0.0,17.166666666666668,80.59666666666666,63.57,0.0,73.99,38.7,74.0,0.0,70.0,0.0,74.0,,,67.0,69.0,85.0,55.0,18.65,0.0
1761,2025-02-15 18:15:00,64.98,0.0,0.0,18.5,80.34666666666668,63.57,0.0,73.99,38.263333333333335,74.0,0.0,70.0,0.0,74.0,,,67.0,69.0,85.0,55.0,17.56000000000001,0.0
1762,2025-02-15 18:30:00,64.98333333333333,2.119999999999997,0.0,18.5,80.01,63.57,0.0,73.99,36.99333333333333,74.0,0.0,70.0,0.0,74.05666666666666,,,67.0,69.0,85.0,55.0,17.67,0.0
1763,2025-02-15 18:45:00,64.98333333333333,2.119999999999997,0.0,18.166666666666668,79.24333333333334,63.57,0.0,73.99,35.870000000000005,74.0,0.0,70.0,0.0,74.08,,,67.0,69.0,85.0,55.0,16.119999999999997,0.0
1764,2025-02-15 19:00:00,65.69,2.119999999999997,0.0,18.0,79.36666666666667,63.57,0.0,73.99,35.586666666666666,74.0,0.0,70.0,0.0,74.07333333333332,,,67.0,69.0,85.0,55.0,15.730000000000004,0.0
1765,2025-02-15 19:15:00,64.27666666666666,0.0,0.0,17.0,79.18,63.57,0.0,73.99,34.4,74.0,0.0,70.0,0.0,74.08,,,67.0,69.0,85.0,55.0,14.739999999999997,0.0
1766,2025-02-15 19:30:00,64.27666666666666,2.119999999999997,0.0,17.333333333333332,78.90333333333332,63.57,0.0,73.99,34.23666666666667,74.0,0.0,70.0,0.0,74.06,,,67.0,69.0,85.0,55.0,14.700000000000005,0.0
1767,2025-02-15 19:45:00,63.57,2.119999999999997,0.0,17.833333333333332,78.90333333333332,63.57,0.0,73.99,33.82,74.0,0.0,70.0,0.0,74.06,,,67.0,69.0,85.0,55.0,14.86,0.0
1768,2025-02-15 20:00:00,66.39333333333333,2.119999999999997,0.0,18.0,78.50333333333333,63.57,0.0,73.99,33.03333333333333,74.0,0.0,70.0,0.0,74.06666666666666,,,67.0,69.0,85.0,55.0,13.97,0.0
1769,2025-02-15 20:15:00,63.57,0.0,0.0,16.833333333333332,78.70333333333333,63.57,0.0,73.99,33.06333333333333,74.0,0.0,70.0,0.0,74.05333333333333,,,67.0,69.0,85.0,55.0,14.290000000000006,0.0
1770,2025-02-15 20:30:00,64.27666666666666,0.0,0.0,17.0,78.48333333333333,63.57,0.0,73.99,32.830000000000005,74.0,0.0,70.0,0.0,74.04,,,67.0,69.0,85.0,55.0,13.210000000000008,0.0
1771,2025-02-15 20:45:00,66.39333333333333,6.350000000000001,0.0,16.5,78.53666666666666,63.57,0.0,73.99,32.056666666666665,74.0,0.0,70.0,0.0,74.06,,,67.0,69.0,85.0,55.0,13.39,0.0
1772,2025-02-15 21:00:00,65.69,2.119999999999997,0.0,16.5,78.23333333333333,63.57,0.0,73.99,31.58333333333333,74.0,0.0,70.0,0.0,74.05333333333333,,,67.0,69.0,85.0,55.0,12.620000000000005,0.0
1773,2025-02-15 21:15:00,64.27666666666666,-2.119999999999997,0.0,16.166666666666668,82.31,63.57,0.0,73.99,38.99333333333333,74.0,0.0,70.0,0.0,73.71666666666667,,,67.0,69.0,85.0,55.0,14.730000000000004,0.0
1774,2025-02-15 21:30:00,62.86333333333334,0.0,0.0,16.333333333333332,87.13333333333333,63.57,0.0,73.99,44.71666666666667,74.0,0.0,70.0,0.0,73.55666666666667,,,67.0,69.0,85.0,55.0,19.13000000000001,0.0
1775,2025-02-15 21:45:00,64.98333333333333,2.119999999999997,0.0,17.166666666666668,91.71666666666664,63.57,0.0,73.99,51.32333333333333,74.0,0.0,70.0,0.0,73.42333333333333,,,67.0,69.0,85.0,55.0,24.540000000000006,0.0
1776,2025-02-15 22:00:00,64.98,0.0,0.0,17.5,95.79,63.57,0.0,73.99,56.973333333333336,74.0,0.0,70.0,0.0,73.37333333333333,,,67.0,69.0,85.0,55.0,28.94999999999999,0.0
1777,2025-02-15 22:15:00,62.86333333333334,-2.119999999999997,0.0,17.5,98.85666666666668,63.57,0.0,73.99,61.54,74.0,0.0,70.0,0.0,73.38,,,67.0,69.0,85.0,55.0,32.480000000000004,0.0
1778,2025-02-15 22:30:00,64.98333333333333,0.0,0.0,17.666666666666668,102.05,63.57,0.0,73.99,66.06666666666666,74.0,0.0,70.0,0.0,73.38,,,67.0,69.0,85.0,55.0,35.83,0.0
1779,2025-02-15 22:45:00,65.68666666666667,0.0,0.0,16.666666666666668,104.53666666666668,63.57,0.0,73.99,70.03333333333335,74.0,0.0,70.0,0.0,73.41333333333334,,,67.0,69.0,85.0,55.0,39.03,0.0
1780,2025-02-15 23:00:00,63.57,2.119999999999997,0.0,17.333333333333332,106.99666666666668,63.57,0.0,73.99,73.69,74.0,0.0,70.0,0.0,73.43666666666667,,,67.0,69.0,85.0,55.0,41.510000000000005,0.0
1781,2025-02-15 23:15:00,65.68666666666667,0.0,0.0,17.833333333333332,108.27333333333333,63.57,0.0,73.99,76.51666666666667,74.0,0.0,70.0,0.0,73.50333333333333,,,67.0,69.0,85.0,55.0,43.06999999999999,0.0
1782,2025-02-15 23:30:00,65.69,2.119999999999997,0.0,18.0,109.74333333333334,63.57,0.0,73.99,79.71666666666665,74.0,0.0,70.0,0.0,73.51666666666667,,,67.0,69.0,85.0,55.0,44.05,0.0
1783,2025-02-15 23:45:00,64.27666666666666,0.0,0.0,17.666666666666668,111.24,63.57,0.0,73.99,82.91666666666667,74.0,0.0,70.0,0.0,73.53666666666668,,,67.0,69.0,85.0,55.0,45.38,0.0
1784,2025-02-16 00:00:00,64.98333333333333,2.119999999999997,0.0,17.5,112.09333333333332,63.57,0.0,73.99,84.97666666666667,74.0,0.0,70.0,0.0,73.59333333333333,,,67.0,69.0,85.0,55.0,46.78999999999999,0.0
1785,2025-02-16 00:15:00,61.45000000000001,-2.119999999999997,0.0,17.0,112.86666666666667,63.57,0.0,73.99,86.76666666666665,74.0,0.0,70.0,0.0,73.63666666666667,,,67.0,69.0,85.0,55.0,47.23,0.0
1786,2025-02-16 00:30:00,62.86333333333334,2.119999999999997,0.0,17.5,113.81666666666666,63.57,0.0,73.99,88.72666666666667,74.0,0.0,70.0,0.0,73.67666666666666,,,67.0,69.0,85.0,55.0,48.21,0.0
1787,2025-02-16 00:45:00,64.27666666666666,0.0,0.0,18.33333333333333,114.71999999999998,63.57,0.0,73.99,90.89,74.0,0.0,70.0,0.0,73.69,,,67.0,69.0,85.0,55.0,49.14,0.0
1788,2025-02-16 01:00:00,64.98,-2.119999999999997,0.0,18.0,115.35666666666668,63.57,0.0,73.99,92.28333333333336,74.0,0.0,70.0,0.0,73.72333333333334,,,67.0,69.0,85.0,55.0,49.95,0.0
1789,2025-02-16 01:15:00,64.98333333333333,2.119999999999997,0.0,17.5,115.01666666666668,63.57,0.0,73.99,92.25666666666666,74.0,0.0,70.0,0.0,73.8,,,67.0,69.0,85.0,55.0,49.49,0.0
1790,2025-02-16 01:30:00,64.98333333333333,2.119999999999997,0.0,17.333333333333332,114.96666666666664,63.57,0.0,73.99,94.01666666666668,74.0,0.0,70.0,0.0,73.79666666666667,,,67.0,69.0,85.0,55.0,50.46,0.0
1791,2025-02-16 01:45:00,63.57,0.0,0.0,17.833333333333332,115.70666666666666,63.57,0.0,73.99,97.19,74.0,0.0,70.0,0.0,73.72666666666667,,,67.0,69.0,85.0,55.0,51.05,0.0
1792,2025-02-16 02:00:00,62.86333333333334,0.0,0.0,18.33333333333333,115.46,63.57,0.0,73.99,99.78333333333336,74.0,0.0,70.0,0.0,73.67,,,67.0,69.0,85.0,55.0,50.63,0.0
1793,2025-02-16 02:15:00,63.57,0.0,0.0,18.5,115.67666666666666,63.57,0.0,73.99,100.0,74.0,0.0,70.0,0.0,73.67666666666666,,,67.0,69.0,85.0,55.0,50.900000000000006,0.0
1794,2025-02-16 02:30:00,64.27666666666666,2.119999999999997,0.0,18.5,115.91,63.57,0.0,73.99,100.0,74.0,0.0,70.0,0.0,73.76333333333334,,,67.0,69.0,85.0,55.0,50.99,0.0
1795,2025-02-16 02:45:00,64.98333333333333,2.119999999999997,0.0,18.5,115.71666666666668,63.57,0.0,73.99,100.0,74.0,0.0,70.0,0.0,73.78,,,67.0,69.0,85.0,55.0,50.85000000000001,0.0
1796,2025-02-16 03:00:00,65.68666666666667,0.0,0.0,18.5,115.59333333333332,63.57,0.0,73.99,100.0,74.0,0.0,70.0,0.0,73.81333333333333,,,67.0,69.0,85.0,55.0,50.91,0.0
1797,2025-02-16 03:15:00,64.27666666666666,0.0,0.0,17.5,115.67333333333332,63.57,0.0,73.99,100.0,74.0,0.0,70.0,0.0,73.80666666666667,,,67.0,69.0,85.0,55.0,50.73,0.0
1798,2025-02-16 03:30:00,64.98333333333333,0.0,0.0,18.5,116.11,63.57,0.0,73.99,100.0,74.0,0.0,70.0,0.0,73.79333333333334,,,67.0,69.0,85.0,55.0,51.17,0.0
1799,2025-02-16 03:45:00,63.57,0.0,0.0,18.5,115.765,63.57,0.0,73.99,100.0,74.0,0.0,70.0,0.0,73.81,,,67.0,69.0,85.0,55.0,50.75,0.0
1800,2025-02-16 04:00:00,66.39333333333333,2.119999999999997,0.0,18.5,115.65666666666668,63.57,0.0,73.99,100.0,74.0,0.0,70.0,0.0,73.80666666666667,,,67.0,69.0,85.0,55.0,51.07000000000001,0.0
1801,2025-02-16 04:15:00,64.98333333333333,0.0,0.0,17.5,115.61,63.57,0.0,73.99,100.0,74.0,0.0,70.0,0.0,73.81666666666666,,,67.0,69.0,85.0,55.0,50.72,0.0
1802,2025-02-16 04:30:00,64.27666666666666,-2.119999999999997,0.0,17.333333333333332,115.88,63.57,0.0,73.99,100.0,74.0,0.0,70.0,0.0,73.83,,,67.0,69.0,85.0,55.0,50.95,0.0
1803,2025-02-16 04:45:00,64.98333333333333,0.0,0.0,17.5,115.92666666666668,63.57,0.0,73.99,100.0,74.0,0.0,70.0,0.0,73.82333333333334,,,67.0,69.0,85.0,55.0,51.290000000000006,0.0
1804,2025-02-16 05:00:00,66.39333333333333,2.119999999999997,0.0,18.5,115.91333333333334,63.57,0.0,73.99,100.0,74.0,0.0,70.0,0.0,73.82333333333334,,,67.0,69.0,85.0,55.0,51.49,0.0
1805,2025-02-16 05:15:00,63.56999999999999,0.0,0.0,18.5,115.93666666666668,63.57,0.0,73.99,100.0,74.0,0.0,70.0,0.0,73.82333333333334,,,67.0,69.0,85.0,55.0,51.49000000000001,0.0
1806,2025-02-16 05:30:00,67.09666666666666,6.350000000000001,0.0,18.0,115.56333333333332,63.57,0.0,73.99,100.0,74.0,0.0,70.0,0.0,73.82333333333334,,,67.0,69.0,85.0,55.0,51.25,0.0
1807,2025-02-16 05:45:00,64.27666666666666,2.119999999999997,0.0,17.833333333333332,116.14,63.57,0.0,73.99,100.0,74.0,0.0,70.0,0.0,73.81666666666666,,,67.0,69.0,85.0,55.0,51.73,0.0
1808,2025-02-16 06:00:00,62.86333333333334,0.0,0.0,18.33333333333333,115.94666666666669,63.57,0.0,73.99,100.0,74.0,0.0,70.0,0.0,73.82333333333334,,,67.0,69.0,85.0,55.0,51.61,0.0
1809,2025-02-16 06:15:00,62.86333333333334,-2.119999999999997,0.0,19.0,115.56666666666666,63.57,0.0,73.99,100.0,74.0,0.0,70.0,0.0,73.81666666666666,,,67.0,69.0,85.0,55.0,51.150000000000006,0.0
1810,2025-02-16 06:30:00,63.57,2.119999999999997,0.0,19.0,115.60333333333334,63.57,0.0,73.99,100.0,74.0,0.0,70.0,0.0,73.81,,,67.0,69.0,85.0,55.0,51.41,0.0
1811,2025-02-16 06:45:00,66.39,4.229999999999997,0.0,18.33333333333333,115.23333333333332,63.57,0.0,73.99,100.0,74.0,0.0,70.0,0.0,73.81,,,67.0,69.0,85.0,55.0,51.470000000000006,0.0
1812,2025-02-16 07:00:00,62.86333333333334,-4.240000000000002,0.0,19.33333333333333,115.71333333333332,63.57,0.0,73.99,100.0,74.0,0.0,70.0,0.0,73.81,,,67.0,69.0,85.0,55.0,51.89,0.0
1813,2025-02-16 07:15:00,67.09666666666666,2.119999999999997,0.0,18.83333333333333,115.12333333333332,63.57,0.0,73.99,100.0,74.0,0.0,70.0,0.0,73.83,,,67.0,69.0,85.0,55.0,51.74,0.0
1814,2025-02-16 07:30:00,64.98,0.0,0.0,18.0,115.29333333333334,63.57,0.0,73.99,100.0,74.0,0.0,70.0,0.0,73.83,,,67.0,69.0,85.0,55.0,51.74,0.0
1815,2025-02-16 07:45:00,65.68666666666667,0.0,0.0,19.0,115.58,63.57,0.0,73.99,100.0,74.0,0.0,70.0,0.0,73.83,,,67.0,69.0,85.0,55.0,51.88,0.0
1816,2025-02-16 08:00:00,64.98,2.119999999999997,0.0,19.5,115.83666666666666,63.57,0.0,73.99,100.0,74.0,0.0,70.0,0.0,73.81666666666666,,,67.0,69.0,85.0,55.0,51.63,0.0
1817,2025-02-16 08:15:00,64.27333333333333,4.229999999999997,0.0,18.33333333333333,115.75,63.57,0.0,73.99,100.0,74.0,0.0,70.0,0.0,73.82333333333334,,,67.0,69.0,85.0,55.0,52.01,0.0
1818,2025-02-16 08:30:00,63.57,0.0,0.0,18.33333333333333,115.92,63.57,0.0,73.99,100.0,74.0,0.0,70.0,0.0,73.92666666666666,,,67.0,69.0,85.0,55.0,52.18000000000001,0.0
1819,2025-02-16 08:45:00,64.27666666666666,0.0,0.0,18.83333333333333,116.08,63.57,0.0,73.99,100.0,74.0,0.0,70.0,0.0,73.91666666666667,,,67.0,69.0,85.0,55.0,52.42,0.0
1820,2025-02-16 09:00:00,64.98,0.0,0.0,19.5,115.91666666666669,63.57,0.0,73.99,100.0,74.0,0.0,70.0,0.0,73.92666666666666,,,67.0,69.0,85.0,55.0,52.17,0.0
1821,2025-02-16 09:15:00,63.57,0.0,0.0,19.666666666666668,115.94666666666666,63.57,0.0,73.99,100.0,74.0,0.0,70.0,0.0,73.92666666666666,,,67.0,69.0,85.0,55.0,51.99999999999999,0.0
1822,2025-02-16 09:30:00,64.98333333333333,2.119999999999997,0.0,19.666666666666668,115.65,63.57,0.0,73.99,100.0,74.0,0.0,70.0,0.0,73.96,,,67.0,69.0,85.0,55.0,52.44,0.0
1823,2025-02-16 09:45:00,64.27666666666666,0.0,0.0,18.166666666666668,115.29666666666668,63.57,0.0,73.99,100.0,74.0,0.0,70.0,0.0,73.97333333333334,,,67.0,69.0,85.0,55.0,52.21999999999999,0.0
1824,2025-02-16 10:00:00,63.57,0.0,0.0,19.33333333333333,114.75666666666666,63.57,0.0,73.99,100.0,74.0,0.0,70.0,0.0,73.94,,,67.0,69.0,85.0,55.0,52.61,0.0
1825,2025-02-16 10:15:00,64.27666666666666,2.119999999999997,0.0,18.5,114.03000000000002,63.57,0.0,73.99,100.0,74.0,0.0,70.0,0.0,73.84333333333333,,,67.0,69.0,85.0,55.0,52.3,0.0
1826,2025-02-16 10:30:00,64.98,0.0,0.0,19.33333333333333,114.09333333333332,63.57,0.0,73.99,100.0,74.0,0.0,70.0,0.0,73.74333333333333,,,67.0,69.0,85.0,55.0,53.10000000000001,0.0
1827,2025-02-16 10:45:00,64.98,0.0,0.0,19.0,113.40000000000002,63.57,0.0,73.99,100.0,74.0,0.0,70.0,0.0,73.67,,,67.0,69.0,85.0,55.0,53.59,0.0
1828,2025-02-16 11:00:00,64.98333333333333,0.0,0.0,20.0,113.59333333333332,63.57,0.0,73.99,100.0,74.0,0.0,70.0,0.0,73.58,,,67.0,69.0,85.0,55.0,54.24999999999999,0.0
1829,2025-02-16 11:15:00,64.98333333333333,0.0,0.0,20.33333333333333,113.63,63.57,0.0,73.99,100.0,74.0,0.0,70.0,0.0,73.51666666666667,,,67.0,69.0,85.0,55.0,54.64000000000001,0.0
1830,2025-02-16 11:30:00,64.27666666666666,0.0,0.0,20.0,113.35333333333334,63.57,0.0,73.99,100.0,74.0,0.0,70.0,0.0,73.45333333333333,,,67.0,69.0,85.0,55.0,54.64,0.0
1831,2025-02-16 11:45:00,64.98333333333333,2.119999999999997,0.0,20.0,113.38333333333333,63.57,0.0,73.99,100.0,74.0,0.0,70.0,0.0,73.38,,,67.0,69.0,85.0,55.0,54.3,0.0
1832,2025-02-16 12:00:00,66.39333333333333,2.119999999999997,0.0,20.166666666666668,113.04,63.57,0.0,73.99,100.0,74.0,0.0,70.0,0.0,73.38666666666667,,,67.0,69.0,85.0,55.0,54.7,0.0
1833,2025-02-16 12:15:00,65.69,2.119999999999997,0.0,19.33333333333333,112.86333333333332,63.57,0.0,73.99,100.0,74.0,0.0,70.0,0.0,73.38,,,67.0,69.0,85.0,55.0,54.85999999999999,0.0
1834,2025-02-16 12:30:00,64.98333333333333,0.0,0.0,19.666666666666668,112.25666666666666,63.57,0.0,73.99,100.0,74.0,0.0,70.0,0.0,73.38,,,67.0,69.0,85.0,55.0,54.6,0.0
1835,2025-02-16 12:45:00,64.98333333333333,2.119999999999997,0.0,20.0,112.66333333333334,63.57,0.0,73.99,100.0,74.0,0.0,70.0,0.0,73.37333333333333,,,67.0,69.0,85.0,55.0,54.81,0.0
1836,2025-02-16 13:00:00,65.68666666666667,4.229999999999997,0.0,19.166666666666668,112.67,63.57,0.0,73.99,100.0,74.0,0.0,70.0,0.0,73.38,,,67.0,69.0,85.0,55.0,54.65,0.0
1837,2025-02-16 13:15:00,64.98333333333333,0.0,0.0,19.5,112.93,63.57,0.0,73.99,100.0,74.0,0.0,70.0,0.0,73.37333333333333,,,67.0,69.0,85.0,55.0,54.92,0.0
1838,2025-02-16 13:30:00,64.98333333333333,2.119999999999997,0.0,20.0,113.33666666666666,63.57,0.0,73.99,100.0,74.0,0.0,70.0,0.0,73.49666666666667,,,67.0,69.0,85.0,55.0,54.96000000000001,0.0
1839,2025-02-16 13:45:00,64.27666666666666,2.119999999999997,0.0,20.33333333333333,113.33666666666666,63.57,0.0,73.99,100.0,74.0,0.0,70.0,0.0,73.51,,,67.0,69.0,85.0,55.0,54.86,0.0
1840,2025-02-16 14:00:00,64.27333333333333,4.229999999999997,0.0,19.33333333333333,112.83666666666666,63.57,0.0,73.99,100.0,74.0,0.0,70.0,0.0,73.53,,,67.0,69.0,85.0,55.0,54.24,0.0
1841,2025-02-16 14:15:00,64.27666666666666,0.0,0.0,20.0,112.89666666666666,63.57,0.0,73.99,100.0,74.0,0.0,70.0,0.0,73.55666666666667,,,67.0,69.0,85.0,55.0,54.68,0.0
1842,2025-02-16 14:30:00,65.69,2.119999999999997,0.0,20.0,112.74333333333334,63.57,0.0,73.99,100.0,74.0,0.0,70.0,0.0,73.61999999999999,,,67.0,69.0,85.0,55.0,53.75999999999999,0.0
1843,2025-02-16 14:45:00,65.68666666666667,,0.0,20.0,112.08333333333331,63.57,0.0,73.99,100.0,74.0,0.0,70.0,0.0,73.68333333333334,,,67.0,69.0,85.0,55.0,,
1844,2025-02-16 15:00:00,64.27666666666666,0.0,0.0,19.33333333333333,111.91333333333334,63.57,0.0,73.99,100.0,74.0,0.0,70.0,0.0,73.76,,,67.0,69.0,85.0,55.0,53.7,0.0
1845,2025-02-16 15:15:00,64.27666666666666,0.0,0.0,19.83333333333333,111.7,63.57,0.0,73.99,100.0,74.0,0.0,70.0,0.0,73.79333333333334,,,67.0,69.0,85.0,55.0,53.290000000000006,0.0
1846,2025-02-16 15:30:00,64.27666666666666,2.119999999999997,0.0,19.33333333333333,112.08666666666666,63.57,0.0,73.99,100.0,74.0,0.0,70.0,0.0,73.81,,,67.0,69.0,85.0,55.0,53.34,0.0
1847,2025-02-16 15:45:00,62.86333333333334,-2.119999999999997,0.0,20.33333333333333,112.43,63.57,0.0,73.99,100.0,74.0,0.0,70.0,0.0,73.82333333333334,,,67.0,69.0,85.0,55.0,54.36999999999999,0.0
1848,2025-02-16 16:00:00,64.27666666666666,0.0,0.0,20.166666666666668,112.28666666666668,63.57,0.0,73.99,100.0,74.0,0.0,70.0,0.0,73.86333333333333,,,67.0,69.0,85.0,55.0,53.72,0.0
1849,2025-02-16 16:15:00,63.57,-2.119999999999997,0.0,21.0,112.46666666666664,63.57,0.0,73.99,100.0,74.0,0.0,70.0,0.0,73.94,,,67.0,69.0,85.0,55.0,54.53,0.0
1850,2025-02-16 16:30:00,65.69,2.119999999999997,0.0,20.83333333333333,112.79,63.57,0.0,73.99,100.0,74.0,0.0,70.0,0.0,73.96,,,67.0,69.0,85.0,55.0,54.10000000000001,0.0
1851,2025-02-16 16:45:00,64.27666666666666,0.0,0.0,20.5,112.14333333333332,63.57,0.0,73.99,100.0,74.0,0.0,70.0,0.0,73.93333333333334,,,67.0,69.0,85.0,55.0,54.47,0.0
1852,2025-02-16 17:00:00,64.27666666666666,2.119999999999997,0.0,20.0,112.21999999999998,63.57,0.0,73.99,100.0,74.0,0.0,70.0,0.0,73.83,,,67.0,69.0,85.0,55.0,54.02,0.0
1853,2025-02-16 17:15:00,64.98,0.0,0.0,19.666666666666668,112.14666666666666,63.57,0.0,73.99,100.0,74.0,0.0,70.0,0.0,73.83,,,67.0,69.0,85.0,55.0,54.28999999999999,0.0
1854,2025-02-16 17:30:00,65.68666666666667,0.0,0.0,21.0,111.79333333333334,63.57,0.0,73.99,100.0,74.0,0.0,70.0,0.0,73.81666666666666,,,67.0,69.0,85.0,55.0,54.31,0.0
1855,2025-02-16 17:45:00,64.27666666666666,0.0,0.0,20.0,111.78666666666668,63.57,0.0,73.99,100.0,74.0,0.0,70.0,0.0,73.83,,,67.0,69.0,85.0,55.0,53.870000000000005,0.0
1856,2025-02-16 18:00:00,63.56999999999999,0.0,0.0,19.666666666666668,111.99666666666668,63.57,0.0,73.99,100.0,74.0,0.0,70.0,0.0,73.81,,,67.0,69.0,85.0,55.0,54.36000000000001,0.0
1857,2025-02-16 18:15:00,64.27666666666666,0.0,0.0,20.0,112.21999999999998,63.57,0.0,73.99,100.0,74.0,0.0,70.0,0.0,73.83,,,67.0,69.0,85.0,55.0,54.22999999999999,0.0
1858,2025-02-16 18:30:00,64.98,0.0,0.0,20.0,112.26333333333332,63.57,0.0,73.99,100.0,74.0,0.0,70.0,0.0,73.83,,,67.0,69.0,85.0,55.0,54.09,0.0
1859,2025-02-16 18:45:00,62.156666666666666,0.0,0.0,19.33333333333333,112.01666666666668,63.57,0.0,73.99,100.0,74.0,0.0,70.0,0.0,73.82333333333334,,,67.0,69.0,85.0,55.0,53.68,0.0
1860,2025-02-16 19:00:00,61.45000000000001,-2.119999999999997,0.0,19.83333333333333,112.25333333333332,63.57,0.0,73.99,100.0,74.0,0.0,70.0,0.0,73.81666666666666,,,67.0,69.0,85.0,55.0,53.7,0.0
1861,2025-02-16 19:15:00,64.27333333333333,0.0,0.0,20.166666666666668,111.37333333333332,63.57,0.0,73.99,100.0,74.0,0.0,70.0,0.0,73.77333333333333,,,67.0,69.0,85.0,55.0,53.53,0.0
1862,2025-02-16 19:30:00,66.39333333333333,2.119999999999997,0.0,20.0,111.48666666666666,63.57,0.0,73.99,100.0,74.0,0.0,70.0,0.0,73.67666666666666,,,67.0,69.0,85.0,55.0,53.5,0.0
1863,2025-02-16 19:45:00,64.98333333333333,2.119999999999997,0.0,19.83333333333333,111.26666666666668,63.57,0.0,73.99,100.0,74.0,0.0,70.0,0.0,73.67666666666666,,,67.0,69.0,85.0,55.0,53.35,0.0
1864,2025-02-16 20:00:00,64.98333333333333,2.119999999999997,0.0,19.0,111.42333333333332,63.57,0.0,73.99,100.0,74.0,0.0,70.0,0.0,73.67,,,67.0,69.0,85.0,55.0,53.26,0.0
1865,2025-02-16 20:15:00,62.156666666666666,-4.240000000000002,0.0,19.666666666666668,111.30333333333331,63.57,0.0,73.99,100.0,74.0,0.0,70.0,0.0,73.66333333333334,,,67.0,69.0,85.0,55.0,53.98,0.0
1866,2025-02-16 20:30:00,63.57,0.0,0.0,20.5,111.18,63.57,0.0,73.99,100.0,74.0,0.0,70.0,0.0,73.63666666666667,,,67.0,69.0,85.0,55.0,53.97999999999999,0.0
1867,2025-02-16 20:45:00,64.27666666666666,0.0,0.0,19.83333333333333,111.16,63.57,0.0,73.99,100.0,74.0,0.0,70.0,0.0,73.63666666666667,,,67.0,69.0,85.0,55.0,53.62,0.0
1868,2025-02-16 21:00:00,64.98333333333333,2.119999999999997,0.0,19.5,111.34666666666668,63.57,0.0,73.99,100.0,74.0,0.0,70.0,0.0,73.63,,,67.0,69.0,85.0,55.0,53.830000000000005,0.0
1869,2025-02-16 21:15:00,63.57,0.0,0.0,19.666666666666668,111.46333333333332,63.57,0.0,73.99,100.0,74.0,0.0,70.0,0.0,73.62666666666667,,,67.0,69.0,85.0,55.0,54.02,0.0
1870,2025-02-16 21:30:00,64.27666666666666,0.0,0.0,20.5,111.93,63.57,0.0,73.99,100.0,74.0,0.0,70.0,0.0,73.63,,,67.0,69.0,85.0,55.0,54.63,0.0
1871,2025-02-16 21:45:00,62.86333333333334,0.0,0.0,19.33333333333333,111.8,63.57,0.0,73.99,100.0,74.0,0.0,70.0,0.0,73.67,,,67.0,69.0,85.0,55.0,54.35,0.0
1872,2025-02-16 22:00:00,64.98333333333333,2.119999999999997,0.0,20.0,112.06333333333332,63.57,0.0,73.99,100.0,74.0,0.0,70.0,0.0,73.67666666666666,,,67.0,69.0,85.0,55.0,54.49999999999999,0.0
1873,2025-02-16 22:15:00,63.57,0.0,0.0,20.5,111.68333333333334,63.57,0.0,73.99,100.0,74.0,0.0,70.0,0.0,73.73,,,67.0,69.0,85.0,55.0,54.41,0.0
1874,2025-02-16 22:30:00,63.57,2.119999999999997,0.0,20.666666666666668,111.64333333333332,63.57,0.0,73.99,100.0,74.0,0.0,70.0,0.0,73.78,,,67.0,69.0,85.0,55.0,54.74,0.0
1875,2025-02-16 22:45:00,64.63,2.119999999999997,0.0,20.0,112.015,63.57,0.0,73.99,100.0,74.0,0.0,70.0,0.0,73.77000000000001,,,67.0,69.0,85.0,55.0,54.86,0.0
1876,2025-02-16 23:00:00,66.39,4.229999999999997,0.0,19.5,111.70666666666666,63.57,0.0,73.99,100.0,74.0,0.0,70.0,0.0,73.80333333333333,,,67.0,69.0,85.0,55.0,54.25000000000001,0.0
1877,2025-02-16 23:15:00,64.98333333333333,0.0,0.0,20.666666666666668,111.99333333333334,63.57,0.0,73.99,100.0,74.0,0.0,70.0,0.0,73.80333333333333,,,67.0,69.0,85.0,55.0,54.54,0.0
1878,2025-02-16 23:30:00,65.68666666666667,4.229999999999997,0.0,20.5,111.56666666666666,63.57,0.0,73.99,100.0,74.0,0.0,70.0,0.0,73.79666666666667,,,67.0,69.0,85.0,55.0,54.38,0.0
1879,2025-02-16 23:45:00,63.57,2.119999999999997,0.0,20.166666666666668,111.80666666666666,63.57,0.0,73.99,100.0,74.0,0.0,70.0,0.0,73.68,,,67.0,69.0,85.0,55.0,54.95,0.0
1880,2025-02-17 00:00:00,64.27666666666666,2.119999999999997,0.0,20.0,111.41,63.57,0.0,73.99,100.0,74.0,0.0,70.0,0.0,73.66333333333334,,,67.0,69.0,85.0,55.0,54.81,0.0
1881,2025-02-17 00:15:00,64.27666666666666,2.119999999999997,0.0,20.0,111.43333333333334,63.57,0.0,73.99,100.0,74.0,0.0,70.0,0.0,73.68333333333334,,,67.0,69.0,85.0,55.0,54.53,0.0
1882,2025-02-17 00:30:00,65.69,2.119999999999997,0.0,20.0,111.61666666666667,63.57,0.0,73.99,100.0,74.0,0.0,70.0,0.0,73.67666666666666,,,67.0,69.0,85.0,55.0,54.09,0.0
1883,2025-02-17 00:45:00,64.27666666666666,0.0,0.0,20.83333333333333,111.60666666666668,63.57,0.0,73.99,100.0,74.0,0.0,70.0,0.0,73.69,,,67.0,69.0,85.0,55.0,54.82,0.0
1884,2025-02-17 01:00:00,65.68666666666667,4.229999999999997,0.0,20.83333333333333,111.55,63.57,0.0,73.99,100.0,74.0,0.0,70.0,0.0,73.67,,,67.0,69.0,85.0,55.0,55.0,0.0
1885,2025-02-17 01:15:00,63.57,0.0,0.0,20.5,111.48,63.57,0.0,73.99,100.0,74.0,0.0,70.0,0.0,73.68333333333334,,,67.0,69.0,85.0,55.0,54.5,0.0
1886,2025-02-17 01:30:00,64.27666666666666,-2.119999999999997,0.0,20.5,111.50666666666666,63.57,0.0,73.99,100.0,74.0,0.0,70.0,0.0,73.67666666666666,,,67.0,69.0,85.0,55.0,55.21,0.0
1887,2025-02-17 01:45:00,63.57,0.0,0.0,20.0,111.53000000000002,63.57,0.0,73.99,100.0,74.0,0.0,70.0,0.0,73.67666666666666,,,67.0,69.0,85.0,55.0,54.580000000000005,0.0
1888,2025-02-17 02:00:00,63.57,-2.119999999999997,0.0,20.83333333333333,111.23333333333332,63.57,0.0,73.99,100.0,74.0,0.0,70.0,0.0,73.67666666666666,,,67.0,69.0,85.0,55.0,54.73,0.0
1889,2025-02-17 02:15:00,64.27666666666666,0.0,0.0,20.0,111.26333333333334,63.57,0.0,73.99,100.0,74.0,0.0,70.0,0.0,73.66333333333334,,,67.0,69.0,85.0,55.0,54.78,0.0
1890,2025-02-17 02:30:00,64.98,0.0,0.0,19.666666666666668,111.6,63.57,0.0,73.99,100.0,74.0,0.0,70.0,0.0,73.64333333333333,,,67.0,69.0,85.0,55.0,54.98,0.0
1891,2025-02-17 02:45:00,64.98,4.229999999999997,0.0,19.5,110.92333333333332,63.57,0.0,73.99,100.0,74.0,0.0,70.0,0.0,73.64999999999999,,,67.0,69.0,85.0,55.0,54.720000000000006,0.0
1892,2025-02-17 03:00:00,64.98333333333333,2.119999999999997,0.0,20.5,110.94666666666669,63.57,0.0,73.99,100.0,74.0,0.0,70.0,0.0,73.63,,,67.0,69.0,85.0,55.0,54.7,0.0
1893,2025-02-17 03:15:00,65.68666666666667,2.119999999999997,0.0,19.5,111.12,63.57,0.0,73.99,100.0,74.0,0.0,70.0,0.0,73.60333333333334,,,67.0,69.0,85.0,55.0,54.73,0.0
1894,2025-02-17 03:30:00,62.86333333333334,-2.119999999999997,0.0,20.5,111.18,63.57,0.0,73.99,100.0,74.0,0.0,70.0,0.0,73.56333333333333,,,67.0,69.0,85.0,55.0,55.31,0.0
1895,2025-02-17 03:45:00,64.27666666666666,0.0,0.0,19.666666666666668,110.71999999999998,63.57,0.0,73.99,100.0,74.0,0.0,70.0,0.0,73.53333333333335,,,67.0,69.0,85.0,55.0,54.53,0.0
1896,2025-02-17 04:00:00,63.57,0.0,0.0,20.666666666666668,111.22666666666667,63.57,0.0,73.99,100.0,74.0,0.0,70.0,0.0,73.51666666666667,,,67.0,69.0,85.0,55.0,55.02,0.0
1897,2025-02-17 04:15:00,64.98333333333333,0.0,0.0,20.166666666666668,110.59,63.57,0.0,73.99,100.0,74.0,0.0,70.0,0.0,73.41,,,67.0,69.0,85.0,55.0,55.01,0.0
1898,2025-02-17 04:30:00,66.39333333333333,2.119999999999997,0.0,19.83333333333333,110.90666666666668,63.57,0.0,73.99,100.0,74.0,0.0,70.0,0.0,73.37333333333333,,,67.0,69.0,85.0,55.0,55.07,0.0
1899,2025-02-17 04:45:00,64.27666666666666,0.0,0.0,20.0,110.81333333333332,63.57,0.0,73.99,100.0,74.0,0.0,70.0,0.0,73.34333333333332,,,67.0,69.0,85.0,55.0,55.16,0.0
1900,2025-02-17 05:00:00,64.98333333333333,0.0,0.0,20.0,110.58,63.57,0.0,73.99,100.0,74.0,0.0,70.0,0.0,73.26666666666667,,,67.0,69.0,85.0,55.0,54.99,0.0
1901,2025-02-17 05:15:00,63.56999999999999,0.0,0.0,19.666666666666668,110.29,63.57,0.0,73.99,100.0,74.0,0.0,70.0,0.0,73.22666666666667,,,67.0,69.0,85.0,55.0,55.03999999999999,0.0
1902,2025-02-17 05:30:00,64.27666666666666,0.0,0.0,19.33333333333333,110.1,63.57,0.0,73.99,100.0,74.0,0.0,70.0,0.0,73.16000000000001,,,67.0,69.0,85.0,55.0,55.12,0.0
1903,2025-02-17 05:45:00,64.27666666666666,2.119999999999997,0.0,19.33333333333333,109.85333333333334,63.57,0.0,73.99,100.0,74.0,0.0,70.0,0.0,73.09,,,67.0,69.0,85.0,55.0,54.99,0.0
1904,2025-02-17 06:00:00,62.86333333333334,0.0,0.0,19.5,109.27333333333333,63.57,0.0,73.99,100.0,74.0,0.0,70.0,0.0,73.02666666666667,,,67.0,69.0,85.0,55.0,55.03000000000001,0.0
1905,2025-02-17 06:15:00,65.69,2.119999999999997,0.0,21.33333333333333,110.25666666666666,63.57,0.0,73.99,100.0,74.0,0.0,70.0,0.0,72.92333333333333,,,67.0,69.0,85.0,55.0,56.31,0.0
1906,2025-02-17 06:30:00,63.57,0.0,0.0,20.0,110.02333333333333,63.57,0.0,73.99,100.0,74.0,0.0,70.0,0.0,72.87333333333333,,,67.0,69.0,85.0,55.0,55.790000000000006,0.0
1907,2025-02-17 06:45:00,64.98333333333333,2.119999999999997,0.0,21.5,110.07,63.57,0.0,73.99,100.0,74.0,0.0,70.0,0.0,72.80333333333334,,,67.0,69.0,85.0,55.0,55.96,0.0
1908,2025-02-17 07:00:00,65.69,2.119999999999997,0.0,21.0,110.51333333333332,63.57,0.0,73.99,100.0,74.0,0.0,70.0,0.0,72.81,,,67.0,69.0,85.0,55.0,56.17999999999999,0.0
1909,2025-02-17 07:15:00,64.27666666666666,0.0,0.0,21.5,111.28333333333336,63.57,0.0,73.99,100.0,74.0,0.0,70.0,0.0,72.85333333333334,,,67.0,69.0,85.0,55.0,56.16,0.0
1910,2025-02-17 07:30:00,64.98333333333333,2.119999999999997,0.0,20.166666666666668,110.68333333333334,63.57,0.0,73.99,100.0,74.0,0.0,70.0,0.0,72.93,,,67.0,69.0,85.0,55.0,56.04999999999999,0.0
1911,2025-02-17 07:45:00,64.27666666666666,2.119999999999997,0.0,21.166666666666668,110.38,63.57,0.0,73.99,100.0,74.0,0.0,70.0,0.0,72.90666666666667,,,67.0,69.0,85.0,55.0,55.77,0.0
1912,2025-02-17 08:00:00,64.98333333333333,0.0,0.0,20.83333333333333,110.43666666666668,63.57,0.0,73.99,100.0,74.0,0.0,70.0,0.0,72.90666666666667,,,67.0,69.0,85.0,55.0,56.25,0.0
1913,2025-02-17 08:15:00,63.57,0.0,0.0,20.33333333333333,110.13,63.57,0.0,73.99,100.0,74.0,0.0,70.0,0.0,72.91666666666667,,,67.0,69.0,85.0,55.0,55.82000000000001,0.0
1914,2025-02-17 08:30:00,64.98333333333333,2.119999999999997,0.0,21.33333333333333,109.94666666666669,63.57,0.0,73.99,100.0,74.0,0.0,70.0,0.0,72.87,,,67.0,69.0,85.0,55.0,56.08,0.0
1915,2025-02-17 08:45:00,64.27666666666666,2.119999999999997,0.0,21.166666666666668,109.74666666666668,63.57,0.0,73.99,100.0,74.0,0.0,70.0,0.0,72.81,,,67.0,69.0,85.0,55.0,55.690000000000005,0.0
1916,2025-02-17 09:00:00,64.98333333333333,2.119999999999997,0.0,20.33333333333333,109.76,63.57,0.0,73.99,100.0,74.0,0.0,70.0,0.0,72.81333333333333,,,67.0,69.0,85.0,55.0,55.370000000000005,0.0
1917,2025-02-17 09:15:00,64.27666666666666,2.119999999999997,0.0,21.0,109.81,63.57,0.0,73.99,100.0,74.0,0.0,70.0,0.0,72.85333333333334,,,67.0,69.0,85.0,55.0,55.65,0.0
1918,2025-02-17 09:30:00,65.68666666666667,0.0,0.0,19.83333333333333,109.47666666666667,63.57,0.0,73.99,100.0,74.0,0.0,70.0,0.0,72.81333333333333,,,67.0,69.0,85.0,55.0,55.260000000000005,0.0
1919,2025-02-17 09:45:00,65.69,2.119999999999997,0.0,19.83333333333333,109.6,63.57,0.0,73.99,100.0,74.0,0.0,70.0,0.0,72.86,,,67.0,69.0,85.0,55.0,55.1,0.0
1920,2025-02-17 10:00:00,64.27666666666666,2.119999999999997,0.0,20.0,109.43666666666668,63.57,0.0,73.99,100.0,74.0,0.0,70.0,0.0,72.82000000000001,,,67.0,69.0,85.0,55.0,55.31,0.0
1921,2025-02-17 10:15:00,63.57,0.0,0.0,20.83333333333333,109.55,63.57,0.0,73.99,100.0,74.0,0.0,70.0,0.0,72.79,,,67.0,69.0,85.0,55.0,55.7,0.0
1922,2025-02-17 10:30:00,67.80666666666667,2.119999999999997,0.0,21.33333333333333,110.02333333333333,63.57,0.0,73.99,100.0,74.0,0.0,70.0,0.0,72.69666666666666,,,67.0,69.0,85.0,55.0,55.98,0.0
1923,2025-02-17 10:45:00,66.745,4.229999999999997,0.0,20.25,109.31,63.57,0.0,73.99,100.0,74.0,0.0,70.0,0.0,72.65,,,67.0,69.0,85.0,55.0,56.25999999999999,0.0
1924,2025-02-17 11:00:00,64.27666666666666,0.0,0.0,20.166666666666668,109.27666666666666,63.57,0.0,73.99,100.0,74.0,0.0,70.0,0.0,72.60666666666667,,,67.0,69.0,85.0,55.0,56.370000000000005,0.0
1925,2025-02-17 11:15:00,63.57,2.119999999999997,0.0,19.83333333333333,108.92,63.57,0.0,73.99,100.0,74.0,0.0,70.0,0.0,72.51333333333334,,,67.0,69.0,85.0,55.0,55.900000000000006,0.0
1926,2025-02-17 11:30:00,63.57,-2.119999999999997,0.0,21.33333333333333,108.81666666666668,63.57,0.0,73.99,100.0,74.0,0.0,70.0,0.0,72.47333333333334,,,67.0,69.0,85.0,55.0,55.720000000000006,0.0
1927,2025-02-17 11:45:00,64.27666666666666,0.0,0.0,20.5,109.27333333333333,63.57,0.0,73.99,100.0,74.0,0.0,70.0,0.0,72.39999999999999,,,67.0,69.0,85.0,55.0,56.14000000000001,0.0
1928,2025-02-17 12:00:00,63.57,0.0,0.0,20.0,109.21333333333332,63.57,0.0,73.99,100.0,74.0,0.0,70.0,0.0,72.36666666666667,,,67.0,69.0,85.0,55.0,56.45,0.0
1929,2025-02-17 12:15:00,63.57,0.0,0.0,19.83333333333333,109.16,63.57,0.0,73.99,100.0,74.0,0.0,70.0,0.0,72.35333333333334,,,67.0,69.0,85.0,55.0,56.38000000000001,0.0
1930,2025-02-17 12:30:00,64.27666666666666,2.119999999999997,0.0,20.666666666666668,109.23333333333332,63.57,0.0,73.99,100.0,74.0,0.0,70.0,0.0,72.33333333333333,,,67.0,69.0,85.0,55.0,56.41,0.0
1931,2025-02-17 12:45:00,66.39333333333333,2.119999999999997,0.0,21.0,109.47333333333334,63.57,0.0,73.99,100.0,74.0,0.0,70.0,0.0,72.21666666666665,,,67.0,69.0,85.0,55.0,57.55,0.0
1932,2025-02-17 13:00:00,65.68666666666667,2.119999999999997,0.0,20.0,109.17666666666666,63.57,0.0,73.99,100.0,74.0,0.0,70.0,0.0,72.14333333333333,,,67.0,69.0,85.0,55.0,56.72,0.0
1933,2025-02-17 13:15:00,64.27666666666666,2.119999999999997,0.0,19.5,108.83,63.57,0.0,73.99,100.0,74.0,0.0,70.0,0.0,72.17333333333333,,,67.0,69.0,85.0,55.0,56.35,0.0
1934,2025-02-17 13:30:00,64.27666666666666,2.119999999999997,0.0,19.0,108.89666666666666,63.57,0.0,73.99,100.0,74.0,0.0,70.0,0.0,72.32000000000001,,,67.0,69.0,85.0,55.0,56.03,0.0
1935,2025-02-17 13:45:00,63.57,0.0,0.0,18.83333333333333,108.41333333333334,63.57,0.0,73.99,100.0,74.0,0.0,70.0,0.0,72.42,,,67.0,69.0,85.0,55.0,55.86999999999999,0.0
1936,2025-02-17 14:00:00,63.57,0.0,0.0,18.83333333333333,108.52666666666666,63.57,0.0,73.99,100.0,74.0,0.0,70.0,0.0,72.36,,,67.0,69.0,85.0,55.0,55.96000000000001,0.0
1937,2025-02-17 14:15:00,62.86333333333334,-4.240000000000002,0.0,20.33333333333333,108.7,63.57,0.0,73.99,100.0,74.0,0.0,70.0,0.0,72.28,,,67.0,69.0,85.0,55.0,56.63999999999999,0.0
1938,2025-02-17 14:30:00,64.98333333333333,0.0,0.0,19.33333333333333,108.47666666666667,63.57,0.0,73.99,100.0,74.0,0.0,70.0,0.0,72.37,,,67.0,69.0,85.0,55.0,55.69,0.0
1939,2025-02-17 14:45:00,64.27666666666666,2.119999999999997,0.0,18.666666666666668,108.42,63.57,0.0,73.99,100.0,74.0,0.0,70.0,0.0,72.40666666666667,,,67.0,69.0,85.0,55.0,55.41,0.0
1940,2025-02-17 15:00:00,63.57,-2.119999999999997,0.0,18.5,108.30666666666666,63.57,0.0,73.99,100.0,74.0,0.0,70.0,0.0,72.59666666666666,,,67.0,69.0,85.0,55.0,54.88,0.0
1941,2025-02-17 15:15:00,64.98333333333333,2.119999999999997,0.0,18.33333333333333,108.6,63.57,0.0,73.99,100.0,74.0,0.0,70.0,0.0,72.61,,,67.0,69.0,85.0,55.0,54.650000000000006,0.0
1942,2025-02-17 15:30:00,62.86333333333334,2.119999999999997,0.0,19.166666666666668,108.44666666666669,63.57,0.0,73.99,100.0,74.0,0.0,70.0,0.0,72.56,,,67.0,69.0,85.0,55.0,54.46,0.0
1943,2025-02-17 15:45:00,64.98333333333333,2.119999999999997,0.0,18.83333333333333,108.34333333333332,63.57,0.0,73.99,100.0,74.0,0.0,70.0,0.0,72.51333333333334,,,67.0,69.0,85.0,55.0,54.49,0.0
1944,2025-02-17 16:00:00,64.98333333333333,0.0,0.0,19.166666666666668,108.53666666666668,63.57,0.0,73.99,100.0,74.0,0.0,70.0,0.0,72.48666666666666,,,67.0,69.0,85.0,55.0,54.13,0.0
1945,2025-02-17 16:15:00,64.98333333333333,0.0,0.0,18.83333333333333,108.55666666666669,63.57,0.0,73.99,100.0,74.0,0.0,70.0,0.0,72.51333333333334,,,67.0,69.0,85.0,55.0,53.73,0.0
1946,2025-02-17 16:30:00,65.68666666666667,0.0,0.0,19.0,109.07666666666668,63.57,0.0,73.99,100.0,74.0,0.0,70.0,0.0,72.64999999999999,,,67.0,69.0,85.0,55.0,54.60000000000001,0.0
1947,2025-02-17 16:45:00,64.98333333333333,2.119999999999997,0.0,19.0,108.75333333333332,63.57,0.0,73.99,100.0,74.0,0.0,70.0,0.0,72.80333333333334,,,67.0,69.0,85.0,55.0,53.830000000000005,0.0
1948,2025-02-17 17:00:00,63.57,0.0,0.0,18.666666666666668,108.76666666666668,63.57,0.0,73.99,100.0,74.0,0.0,70.0,0.0,72.81666666666666,,,67.0,69.0,85.0,55.0,53.36000000000001,0.0
1949,2025-02-17 17:15:00,65.69,2.119999999999997,0.0,18.33333333333333,108.81333333333332,63.57,0.0,73.99,100.0,74.0,0.0,70.0,0.0,72.79,,,67.0,69.0,85.0,55.0,53.67000000000001,0.0
1950,2025-02-17 17:30:00,61.45,-4.240000000000002,0.0,19.0,109.48,63.57,0.0,73.99,100.0,74.0,0.0,70.0,0.0,72.91666666666667,,,67.0,69.0,85.0,55.0,54.1,0.0
1951,2025-02-17 17:45:00,62.156666666666666,-2.119999999999997,0.0,19.166666666666668,109.36333333333334,63.57,0.0,73.99,100.0,74.0,0.0,70.0,0.0,72.96666666666667,,,67.0,69.0,85.0,55.0,53.60999999999999,0.0
1952,2025-02-17 18:00:00,64.27666666666666,-2.119999999999997,0.0,18.0,109.22333333333334,63.57,0.0,73.99,100.0,74.0,0.0,70.0,0.0,73.08666666666666,,,67.0,69.0,85.0,55.0,53.23,0.0
1953,2025-02-17 18:15:00,62.86333333333334,0.0,0.0,18.5,109.64333333333332,63.57,0.0,73.99,100.0,74.0,0.0,70.0,0.0,73.13333333333334,,,67.0,69.0,85.0,55.0,53.370000000000005,0.0
1954,2025-02-17 18:30:00,65.68666666666667,2.119999999999997,0.0,18.83333333333333,109.81333333333332,63.57,0.0,73.99,100.0,74.0,0.0,70.0,0.0,73.51,,,67.0,69.0,85.0,55.0,53.370000000000005,0.0
1955,2025-02-17 18:45:00,64.98333333333333,2.119999999999997,0.0,17.833333333333332,109.35333333333334,63.57,0.0,73.99,100.0,74.0,0.0,70.0,0.0,73.76666666666667,,,67.0,69.0,85.0,55.0,52.68,0.0
1956,2025-02-17 19:00:00,64.98333333333333,2.119999999999997,0.0,18.0,109.20666666666666,63.57,0.0,73.99,100.0,74.0,0.0,70.0,0.0,73.86,,,67.0,69.0,85.0,55.0,53.32,0.0
1957,2025-02-17 19:15:00,62.86333333333334,0.0,0.0,17.5,108.76,63.57,0.0,73.99,100.0,74.0,0.0,70.0,0.0,73.97333333333334,,,67.0,69.0,85.0,55.0,52.71,0.0
1958,2025-02-17 19:30:00,63.57,0.0,0.0,17.833333333333332,108.78000000000002,63.57,0.0,73.99,100.0,74.0,0.0,70.0,0.0,73.97333333333334,,,67.0,69.0,85.0,55.0,52.53000000000001,0.0
1959,2025-02-17 19:45:00,64.27666666666666,2.119999999999997,0.0,17.166666666666668,108.81333333333332,63.57,0.0,73.99,100.0,74.0,0.0,70.0,0.0,73.86666666666666,,,67.0,69.0,85.0,55.0,51.760000000000005,0.0
1960,2025-02-17 20:00:00,63.57,0.0,0.0,18.0,108.71,63.57,0.0,73.99,100.0,74.0,0.0,70.0,0.0,73.82333333333334,,,67.0,69.0,85.0,55.0,52.17,0.0
1961,2025-02-17 20:15:00,66.745,4.229999999999997,0.0,16.75,108.305,63.57,0.0,73.99,100.0,74.0,0.0,70.0,0.0,73.82,,,67.0,69.0,85.0,55.0,51.49,0.0
1962,2025-02-17 20:30:00,64.27666666666666,0.0,0.0,17.5,108.46999999999998,63.57,0.0,73.99,100.0,74.0,0.0,70.0,0.0,73.58333333333333,,,67.0,69.0,85.0,55.0,51.85999999999999,0.0
1963,2025-02-17 20:45:00,63.57,2.119999999999997,0.0,17.5,108.25333333333332,63.57,0.0,73.99,100.0,74.0,0.0,70.0,0.0,73.40333333333332,,,67.0,69.0,85.0,55.0,51.53,0.0
1964,2025-02-17 21:00:00,64.98333333333333,0.0,0.0,17.5,108.07333333333334,63.57,0.0,73.99,100.0,74.0,0.0,70.0,0.0,73.34666666666666,,,67.0,69.0,85.0,55.0,51.68,0.0
1965,2025-02-17 21:15:00,65.68666666666667,0.0,0.0,18.5,108.35,63.57,0.0,73.99,100.0,74.0,0.0,70.0,0.0,73.35666666666667,,,67.0,69.0,85.0,55.0,52.0,0.0
1966,2025-02-17 21:30:00,65.69,2.119999999999997,0.0,17.5,108.23333333333332,63.57,0.0,73.99,100.0,74.0,0.0,70.0,0.0,73.38,,,67.0,69.0,85.0,55.0,51.62,0.0
1967,2025-02-17 21:45:00,64.98333333333333,2.119999999999997,0.0,16.833333333333332,108.33333333333331,63.57,0.0,73.99,100.0,74.0,0.0,70.0,0.0,73.41333333333334,,,67.0,69.0,85.0,55.0,51.58,0.0
1968,2025-02-17 22:00:00,64.98333333333333,0.0,0.0,17.0,108.14,63.57,0.0,73.99,100.0,74.0,0.0,70.0,0.0,73.41,,,67.0,69.0,85.0,55.0,51.52,0.0
1969,2025-02-17 22:15:00,64.98333333333333,2.119999999999997,0.0,16.166666666666668,107.58,63.57,0.0,73.99,100.0,74.0,0.0,70.0,0.0,73.38666666666667,,,67.0,69.0,85.0,55.0,51.49,0.0
1970,2025-02-17 22:30:00,62.156666666666666,0.0,0.0,16.666666666666668,107.66,63.57,0.0,73.99,100.0,74.0,0.0,70.0,0.0,73.27666666666666,,,67.0,69.0,85.0,55.0,50.8,0.0
1971,2025-02-17 22:45:00,65.69,2.119999999999997,0.0,17.833333333333332,107.42,63.57,0.0,73.99,100.0,74.0,0.0,70.0,0.0,73.12666666666667,,,67.0,69.0,85.0,55.0,51.150000000000006,0.0
1972,2025-02-17 23:00:00,64.27666666666666,0.0,0.0,18.0,107.32,63.57,0.0,73.99,100.0,74.0,0.0,70.0,0.0,72.97333333333334,,,67.0,69.0,85.0,55.0,51.13,0.0
1973,2025-02-17 23:15:00,65.69,2.119999999999997,0.0,18.0,107.13666666666668,63.57,0.0,73.99,100.0,74.0,0.0,70.0,0.0,72.88,,,67.0,69.0,85.0,55.0,51.1,0.0
1974,2025-02-17 23:30:00,64.98333333333333,0.0,0.0,18.0,107.50666666666666,63.57,0.0,73.99,100.0,74.0,0.0,70.0,0.0,72.80333333333334,,,67.0,69.0,85.0,55.0,51.52,0.0
1975,2025-02-17 23:45:00,62.86333333333334,0.0,0.0,17.666666666666668,107.91333333333334,63.57,0.0,73.99,100.0,74.0,0.0,70.0,0.0,72.75,,,67.0,69.0,85.0,55.0,51.74,0.0
1976,2025-02-18 00:00:00,64.98333333333333,2.119999999999997,0.0,19.0,107.88666666666666,63.57,0.0,73.99,100.0,74.0,0.0,70.0,0.0,72.66,,,67.0,69.0,85.0,55.0,52.23,0.0
1977,2025-02-18 00:15:00,64.27666666666666,0.0,0.0,19.33333333333333,107.97666666666667,63.57,0.0,73.99,100.0,74.0,0.0,70.0,0.0,72.63666666666667,,,67.0,69.0,85.0,55.0,52.18,0.0
1978,2025-02-18 00:30:00,64.98333333333333,2.119999999999997,0.0,19.666666666666668,107.94333333333331,63.57,0.0,73.99,100.0,74.0,0.0,70.0,0.0,72.60666666666667,,,67.0,69.0,85.0,55.0,52.5,0.0
1979,2025-02-18 00:45:00,65.68666666666667,0.0,0.0,20.0,108.37333333333332,63.57,0.0,73.99,100.0,74.0,0.0,70.0,0.0,72.55333333333333,,,67.0,69.0,85.0,55.0,52.88,0.0
1980,2025-02-18 01:00:00,64.98333333333333,2.119999999999997,0.0,20.0,108.41333333333334,63.57,0.0,73.99,100.0,74.0,0.0,70.0,0.0,72.61333333333333,,,67.0,69.0,85.0,55.0,53.57000000000001,0.0
1981,2025-02-18 01:15:00,64.27333333333333,-2.119999999999997,0.0,20.5,109.14,63.57,0.0,73.99,100.0,74.0,0.0,70.0,0.0,72.63666666666667,,,67.0,69.0,85.0,55.0,53.830000000000005,0.0
1982,2025-02-18 01:30:00,64.98333333333333,2.119999999999997,0.0,21.5,110.33666666666666,63.57,0.0,73.99,100.0,74.0,0.0,70.0,0.0,72.66,,,67.0,69.0,85.0,55.0,55.32,0.0
1983,2025-02-18 01:45:00,63.57,0.0,0.0,20.0,109.43,63.57,0.0,73.99,100.0,74.0,0.0,70.0,0.0,72.64666666666666,,,67.0,69.0,85.0,55.0,54.5,0.0
1984,2025-02-18 02:00:00,64.27666666666666,2.119999999999997,0.0,19.666666666666668,109.07666666666668,63.57,0.0,73.99,100.0,74.0,0.0,70.0,0.0,72.56666666666666,,,67.0,69.0,85.0,55.0,54.28,0.0
1985,2025-02-18 02:15:00,64.98333333333333,2.119999999999997,0.0,20.0,109.10666666666668,63.57,0.0,73.99,100.0,74.0,0.0,70.0,0.0,72.52999999999999,,,67.0,69.0,85.0,55.0,54.31999999999999,0.0
1986,2025-02-18 02:30:00,64.98,-2.119999999999997,0.0,19.0,108.80666666666669,63.57,0.0,73.99,100.0,74.0,0.0,70.0,0.0,72.53666666666666,,,67.0,69.0,85.0,55.0,53.77,0.0
1987,2025-02-18 02:45:00,64.98,0.0,0.0,20.166666666666668,108.86,63.57,0.0,73.99,100.0,74.0,0.0,70.0,0.0,72.52,,,67.0,69.0,85.0,55.0,54.13,0.0
1988,2025-02-18 03:00:00,64.98333333333333,2.119999999999997,0.0,19.83333333333333,109.20333333333332,63.57,0.0,73.99,100.0,74.0,0.0,70.0,0.0,72.5,,,67.0,69.0,85.0,55.0,54.34,0.0
1989,2025-02-18 03:15:00,64.27666666666666,0.0,0.0,20.666666666666668,110.05666666666669,63.57,0.0,73.99,100.0,74.0,0.0,70.0,0.0,72.52,,,67.0,69.0,85.0,55.0,54.49,0.0
1990,2025-02-18 03:30:00,64.27666666666666,2.119999999999997,0.0,19.666666666666668,110.05,63.57,0.0,73.99,100.0,74.0,0.0,70.0,0.0,72.57,,,67.0,69.0,85.0,55.0,55.150000000000006,0.0
1991,2025-02-18 03:45:00,63.57,0.0,0.0,19.5,109.77666666666666,63.57,0.0,73.99,100.0,74.0,0.0,70.0,0.0,72.52,,,67.0,69.0,85.0,55.0,55.00999999999999,0.0
1992,2025-02-18 04:00:00,66.39,4.229999999999997,0.0,20.166666666666668,109.7,63.57,0.0,73.99,100.0,74.0,0.0,70.0,0.0,72.52,,,67.0,69.0,85.0,55.0,55.02,0.0
1993,2025-02-18 04:15:00,65.68666666666667,4.229999999999997,0.0,19.33333333333333,109.00333333333332,63.57,0.0,73.99,100.0,74.0,0.0,70.0,0.0,72.5,,,67.0,69.0,85.0,55.0,54.36,0.0
1994,2025-02-18 04:30:00,66.39333333333333,4.229999999999997,0.0,19.166666666666668,109.12333333333332,63.57,0.0,73.99,100.0,74.0,0.0,70.0,0.0,72.50666666666666,,,67.0,69.0,85.0,55.0,54.690000000000005,0.0
1995,2025-02-18 04:45:00,64.27333333333333,4.229999999999997,0.0,18.666666666666668,109.02,63.57,0.0,73.99,100.0,74.0,0.0,70.0,0.0,72.54666666666667,,,67.0,69.0,85.0,55.0,54.37,0.0
1996,2025-02-18 05:00:00,63.57,0.0,0.0,18.83333333333333,109.03333333333336,63.57,0.0,73.99,100.0,74.0,0.0,70.0,0.0,72.52,,,67.0,69.0,85.0,55.0,54.56000000000001,0.0
1997,2025-02-18 05:15:00,64.27666666666666,0.0,0.0,19.83333333333333,108.93666666666668,63.57,0.0,73.99,100.0,74.0,0.0,70.0,0.0,72.52,,,67.0,69.0,85.0,55.0,54.440000000000005,0.0
1998,2025-02-18 05:30:00,67.80333333333333,2.119999999999997,0.0,19.666666666666668,108.95,63.57,0.0,73.99,100.0,74.0,0.0,70.0,0.0,72.61,,,67.0,69.0,85.0,55.0,54.25999999999999,0.0
1999,2025-02-18 05:45:00,64.27666666666666,2.119999999999997,0.0,18.666666666666668,108.41,63.57,0.0,73.99,100.0,74.0,0.0,70.0,0.0,72.63666666666667,,,67.0,69.0,85.0,55.0,54.04999999999999,0.0
2000,2025-02-18 06:00:00,62.86333333333334,0.0,0.0,18.5,108.22333333333334,63.57,0.0,73.99,100.0,74.0,0.0,70.0,0.0,72.63,,,67.0,69.0,85.0,55.0,53.78,0.0
2001,2025-02-18 06:15:00,63.57,0.0,0.0,19.0,108.32,63.57,0.0,73.99,100.0,74.0,0.0,70.0,0.0,72.52999999999999,,,67.0,69.0,85.0,55.0,54.04,0.0
2002,2025-02-18 06:30:00,64.27666666666666,0.0,0.0,19.5,108.48,63.57,0.0,73.99,100.0,74.0,0.0,70.0,0.0,72.63666666666667,,,67.0,69.0,85.0,55.0,54.13000000000001,0.0
2003,2025-02-18 06:45:00,63.57,0.0,0.0,19.5,108.36333333333334,63.57,0.0,73.99,100.0,74.0,0.0,70.0,0.0,72.63333333333333,,,67.0,69.0,85.0,55.0,54.35000000000001,0.0
2004,2025-02-18 07:00:00,64.27666666666666,0.0,0.0,19.5,108.30666666666669,63.57,0.0,73.99,100.0,74.0,0.0,70.0,0.0,72.63333333333333,,,67.0,69.0,85.0,55.0,54.17,0.0
2005,2025-02-18 07:15:00,64.27666666666666,0.0,0.0,18.666666666666668,108.42666666666666,63.57,0.0,73.99,100.0,74.0,0.0,70.0,0.0,72.59666666666666,,,67.0,69.0,85.0,55.0,54.14,0.0
2006,2025-02-18 07:30:00,64.98333333333333,2.119999999999997,0.0,18.33333333333333,108.77,63.57,0.0,73.99,100.0,74.0,0.0,70.0,0.0,72.64,,,67.0,69.0,85.0,55.0,54.64999999999999,0.0
2007,2025-02-18 07:45:00,64.98333333333333,0.0,0.0,18.83333333333333,108.62666666666668,63.57,0.0,73.99,100.0,74.0,0.0,70.0,0.0,72.64,,,67.0,69.0,85.0,55.0,54.6,0.0
2008,2025-02-18 08:00:00,62.86333333333334,0.0,0.0,19.0,108.52666666666666,63.57,0.0,73.99,100.0,74.0,0.0,70.0,0.0,72.63,,,67.0,69.0,85.0,55.0,54.67,0.0
2009,2025-02-18 08:15:00,66.39,4.229999999999997,0.0,18.5,108.46,63.57,0.0,73.99,100.0,74.0,0.0,70.0,0.0,72.64666666666666,,,67.0,69.0,85.0,55.0,54.71000000000001,0.0
2010,2025-02-18 08:30:00,62.86333333333334,-2.119999999999997,0.0,18.166666666666668,108.03666666666668,63.57,0.0,73.99,100.0,74.0,0.0,70.0,0.0,72.63666666666667,,,67.0,69.0,85.0,55.0,54.52,0.0
2011,2025-02-18 08:45:00,65.69,2.119999999999997,0.0,18.5,108.18666666666668,63.57,0.0,73.99,100.0,74.0,0.0,70.0,0.0,72.58999999999999,,,67.0,69.0,85.0,55.0,54.63,0.0
2012,2025-02-18 09:00:00,64.27666666666666,0.0,0.0,18.5,107.84666666666664,63.57,0.0,73.99,100.0,74.0,0.0,70.0,0.0,72.52666666666666,,,67.0,69.0,85.0,55.0,54.56,0.0
2013,2025-02-18 09:15:00,63.57,,0.0,18.166666666666668,108.09666666666664,63.57,0.0,73.99,100.0,74.0,0.0,70.0,0.0,72.50666666666666,,,67.0,69.0,85.0,55.0,,
2014,2025-02-18 09:30:00,64.98,-2.119999999999997,0.0,19.0,108.10333333333334,63.57,0.0,73.99,100.0,74.0,0.0,70.0,0.0,72.5,,,67.0,69.0,85.0,55.0,55.0,0.0
2015,2025-02-18 09:45:00,66.39333333333333,4.229999999999997,0.0,19.0,107.66,63.57,0.0,73.99,100.0,74.0,0.0,70.0,0.0,72.47000000000001,,,67.0,69.0,85.0,55.0,54.72,0.0
2016,2025-02-18 10:00:00,64.27666666666666,2.119999999999997,0.0,19.0,107.63,63.57,0.0,73.99,100.0,74.0,0.0,70.0,0.0,72.37666666666667,,,67.0,69.0,85.0,55.0,54.86,0.0
2017,2025-02-18 10:15:00,64.98333333333333,0.0,0.0,18.666666666666668,107.57666666666668,63.57,0.0,73.99,100.0,74.0,0.0,70.0,0.0,72.37,,,67.0,69.0,85.0,55.0,54.260000000000005,0.0
2018,2025-02-18 10:30:00,64.98333333333333,2.119999999999997,0.0,18.33333333333333,107.58333333333331,63.57,0.0,73.99,100.0,74.0,0.0,70.0,0.0,72.35000000000001,,,67.0,69.0,85.0,55.0,54.5,0.0
2019,2025-02-18 10:45:00,63.57,2.119999999999997,0.0,18.0,107.82333333333332,63.57,0.0,73.99,100.0,74.0,0.0,70.0,0.0,72.25333333333333,,,67.0,69.0,85.0,55.0,54.45,0.0
2020,2025-02-18 11:00:00,64.98333333333333,0.0,0.0,18.83333333333333,108.08666666666666,63.57,0.0,73.99,100.0,74.0,0.0,70.0,0.0,72.23,,,67.0,69.0,85.0,55.0,54.85999999999999,0.0
2021,2025-02-18 11:15:00,64.98,0.0,0.0,19.166666666666668,107.55666666666666,63.57,0.0,73.99,100.0,74.0,0.0,70.0,0.0,72.23,,,67.0,69.0,85.0,55.0,54.34,0.0
2022,2025-02-18 11:30:00,63.57,0.0,0.0,18.666666666666668,106.78666666666668,63.57,0.0,73.99,100.0,74.0,0.0,70.0,0.0,72.22333333333334,,,67.0,69.0,85.0,55.0,53.99,0.0
2023,2025-02-18 11:45:00,64.27666666666666,2.119999999999997,0.0,18.166666666666668,107.00333333333332,63.57,0.0,73.99,100.0,74.0,0.0,70.0,0.0,72.17,,,67.0,69.0,85.0,55.0,53.85000000000001,0.0
2024,2025-02-18 12:00:00,63.57,0.0,0.0,19.5,107.13,63.57,0.0,73.99,100.0,74.0,0.0,70.0,0.0,72.11333333333333,,,67.0,69.0,85.0,55.0,54.31,0.0
2025,2025-02-18 12:15:00,64.98333333333333,0.0,0.0,19.5,107.12666666666668,63.57,0.0,73.99,100.0,74.0,0.0,70.0,0.0,72.17333333333333,,,67.0,69.0,85.0,55.0,53.85,0.0
2026,2025-02-18 12:30:00,65.68666666666667,4.229999999999997,0.0,18.5,107.32333333333334,63.57,0.0,73.99,100.0,74.0,0.0,70.0,0.0,72.09666666666666,,,67.0,69.0,85.0,55.0,54.13,0.0
2027,2025-02-18 12:45:00,62.86333333333334,0.0,0.0,19.166666666666668,107.71999999999998,63.57,0.0,73.99,100.0,74.0,0.0,70.0,0.0,72.09,,,67.0,69.0,85.0,55.0,54.55,0.0
2028,2025-02-18 13:00:00,65.69,2.119999999999997,0.0,21.0,108.81333333333332,63.57,0.0,73.99,100.0,74.0,0.0,70.0,0.0,72.09,,,67.0,69.0,85.0,55.0,55.87,0.0
2029,2025-02-18 13:15:00,63.57,0.0,0.0,19.5,108.29666666666668,63.57,0.0,73.99,100.0,74.0,0.0,70.0,0.0,72.11666666666667,,,67.0,69.0,85.0,55.0,55.26,0.0
2030,2025-02-18 13:30:00,64.98,4.229999999999997,0.0,19.166666666666668,108.02,63.57,0.0,73.99,100.0,74.0,0.0,70.0,0.0,72.14666666666666,,,67.0,69.0,85.0,55.0,54.74,0.0
2031,2025-02-18 13:45:00,62.86333333333334,-2.119999999999997,0.0,18.83333333333333,107.55333333333334,63.57,0.0,73.99,100.0,74.0,0.0,70.0,0.0,72.12333333333333,,,67.0,69.0,85.0,55.0,54.63,0.0
2032,2025-02-18 14:00:00,65.69,2.119999999999997,0.0,18.5,107.46666666666664,63.57,0.0,73.99,100.0,74.0,0.0,70.0,0.0,72.08333333333333,,,67.0,69.0,85.0,55.0,54.16,0.0
2033,2025-02-18 14:15:00,62.86333333333334,-2.119999999999997,0.0,19.0,107.14333333333332,63.57,0.0,73.99,100.0,74.0,0.0,70.0,0.0,72.16333333333334,,,67.0,69.0,85.0,55.0,54.370000000000005,0.0
2034,2025-02-18 14:30:00,63.57,0.0,0.0,19.0,106.98,63.57,0.0,73.99,100.0,74.0,0.0,70.0,0.0,72.21,,,67.0,69.0,85.0,55.0,53.95,0.0
2035,2025-02-18 14:45:00,64.27666666666666,0.0,0.0,19.0,106.42333333333332,63.57,0.0,73.99,100.0,74.0,0.0,70.0,0.0,72.38666666666667,,,67.0,69.0,85.0,55.0,53.94,0.0
2036,2025-02-18 15:00:00,63.56999999999999,0.0,0.0,18.33333333333333,106.38333333333333,63.57,0.0,73.99,100.0,74.0,0.0,70.0,0.0,72.48666666666666,,,67.0,69.0,85.0,55.0,53.81,0.0
2037,2025-02-18 15:15:00,63.56999999999999,0.0,0.0,18.666666666666668,106.65,63.57,0.0,73.99,100.0,74.0,0.0,70.0,0.0,72.47666666666667,,,67.0,69.0,85.0,55.0,54.47,0.0
2038,2025-02-18 15:30:00,62.86333333333334,0.0,0.0,19.0,106.76,63.57,0.0,73.99,100.0,74.0,0.0,70.0,0.0,72.40333333333334,,,67.0,69.0,85.0,55.0,54.05,0.0
2039,2025-02-18 15:45:00,62.156666666666666,-2.119999999999997,0.0,19.83333333333333,106.91666666666669,63.57,0.0,73.99,100.0,74.0,0.0,70.0,0.0,72.22333333333334,,,67.0,69.0,85.0,55.0,54.47,0.0
2040,2025-02-18 16:00:00,63.57,-2.119999999999997,0.0,19.83333333333333,107.13666666666666,63.57,0.0,73.99,100.0,74.0,0.0,70.0,0.0,72.25333333333333,,,67.0,69.0,85.0,55.0,54.33,0.0
2041,2025-02-18 16:15:00,65.69,2.119999999999997,0.0,19.666666666666668,107.22333333333334,63.57,0.0,73.99,100.0,74.0,0.0,70.0,0.0,72.45333333333333,,,67.0,69.0,85.0,55.0,54.58,0.0
2042,2025-02-18 16:30:00,64.27333333333333,3.1750000000000043,0.0,19.33333333333333,107.31,63.57,0.0,73.99,100.0,74.0,0.0,70.0,0.0,72.56666666666666,,,67.0,69.0,85.0,55.0,53.79000000000001,0.0
2043,2025-02-18 16:45:00,64.98,4.229999999999997,0.0,19.166666666666668,107.27,63.57,0.0,73.99,100.0,74.0,0.0,70.0,0.0,72.89666666666666,,,67.0,69.0,85.0,55.0,54.46,0.0
2044,2025-02-18 17:00:00,63.57,0.0,0.0,18.33333333333333,107.46999999999998,63.57,0.0,73.99,100.0,74.0,0.0,70.0,0.0,73.26666666666667,,,67.0,69.0,85.0,55.0,54.13,0.0
2045,2025-02-18 17:15:00,63.57,2.119999999999997,0.0,18.33333333333333,107.49333333333334,63.57,0.0,73.99,100.0,74.0,0.0,70.0,0.0,73.26333333333334,,,67.0,69.0,85.0,55.0,53.78,0.0
2046,2025-02-18 17:30:00,64.98333333333333,0.0,0.0,18.83333333333333,107.71999999999998,63.57,0.0,73.99,100.0,74.0,0.0,70.0,0.0,73.58333333333333,,,67.0,69.0,85.0,55.0,53.95,0.0
2047,2025-02-18 17:45:00,64.98333333333333,2.119999999999997,0.0,18.666666666666668,107.5,63.57,0.0,73.99,98.58,74.0,0.0,70.0,0.0,74.03666666666666,,,67.0,69.0,85.0,55.0,53.65,0.0
2048,2025-02-18 18:00:00,64.27666666666666,-2.119999999999997,0.0,18.0,106.77,63.57,0.0,73.99,91.51333333333334,74.0,0.0,70.0,0.0,74.39666666666666,,,67.0,69.0,85.0,55.0,53.81,0.0
2049,2025-02-18 18:15:00,64.27666666666666,2.119999999999997,0.0,18.166666666666668,101.41666666666669,63.57,0.0,73.99,77.37,74.0,0.0,70.0,0.0,74.80333333333333,,,67.0,69.0,85.0,55.0,52.53,0.0
2050,2025-02-18 18:30:00,64.98333333333333,2.119999999999997,0.0,18.0,96.2,63.57,0.0,73.99,70.06,74.0,0.0,70.0,0.0,74.78666666666668,,,67.0,69.0,85.0,55.0,41.71999999999999,0.0
2051,2025-02-18 18:45:00,64.27666666666666,2.119999999999997,0.0,18.0,100.78666666666668,63.57,0.0,73.99,80.17666666666666,74.0,0.0,70.0,0.0,74.12,,,67.0,69.0,85.0,55.0,45.45,0.0
2052,2025-02-18 19:00:00,67.09666666666666,4.229999999999997,0.0,18.0,104.51666666666668,63.57,0.0,73.99,88.45,74.0,0.0,70.0,0.0,73.73666666666666,,,67.0,69.0,85.0,55.0,48.95,0.0
2053,2025-02-18 19:15:00,62.156666666666666,-2.119999999999997,0.0,17.666666666666668,106.96999999999998,63.57,0.0,73.99,95.68333333333334,74.0,0.0,70.0,0.0,73.50333333333333,,,67.0,69.0,85.0,55.0,52.64,0.0
2054,2025-02-18 19:30:00,65.68666666666667,2.119999999999997,0.0,17.833333333333332,107.24666666666668,63.57,0.0,73.99,99.35333333333334,74.0,0.0,70.0,0.0,73.43666666666667,,,67.0,69.0,85.0,55.0,53.23,0.0
2055,2025-02-18 19:45:00,62.86333333333334,0.0,0.0,18.666666666666668,107.62,63.57,0.0,73.99,100.0,74.0,0.0,70.0,0.0,73.34666666666666,,,67.0,69.0,85.0,55.0,53.43000000000001,0.0
2056,2025-02-18 20:00:00,64.98333333333333,2.119999999999997,0.0,19.33333333333333,107.79333333333334,63.57,0.0,73.99,100.0,74.0,0.0,70.0,0.0,73.37333333333333,,,67.0,69.0,85.0,55.0,53.54,0.0
2057,2025-02-18 20:15:00,67.09666666666666,4.229999999999997,0.0,18.5,107.74333333333334,63.57,0.0,73.99,100.0,74.0,0.0,70.0,0.0,73.31666666666666,,,67.0,69.0,85.0,55.0,53.48,0.0
2058,2025-02-18 20:30:00,64.27666666666666,0.0,0.0,18.0,107.98333333333332,63.57,0.0,73.99,100.0,74.0,0.0,70.0,0.0,73.34333333333333,,,67.0,69.0,85.0,55.0,53.63999999999999,0.0
2059,2025-02-18 20:45:00,65.68666666666667,2.119999999999997,0.0,18.5,108.07,63.57,0.0,73.99,100.0,74.0,0.0,70.0,0.0,73.24333333333333,,,67.0,69.0,85.0,55.0,52.97,0.0
2060,2025-02-18 21:00:00,64.98333333333333,2.119999999999997,0.0,18.5,107.65333333333332,63.57,0.0,73.99,100.0,74.0,0.0,70.0,0.0,73.24,,,67.0,69.0,85.0,55.0,52.93,0.0
2061,2025-02-18 21:15:00,64.98333333333333,2.119999999999997,0.0,18.5,107.73666666666666,63.57,0.0,73.99,100.0,74.0,0.0,70.0,0.0,73.23333333333333,,,67.0,69.0,85.0,55.0,52.92999999999999,0.0
2062,2025-02-18 21:30:00,65.68666666666667,6.350000000000001,0.0,17.333333333333332,107.33,63.57,0.0,73.99,100.0,74.0,0.0,70.0,0.0,73.28666666666668,,,67.0,69.0,85.0,55.0,52.43,0.0
2063,2025-02-18 21:45:00,63.57,0.0,0.0,17.0,107.34,63.57,0.0,73.99,100.0,74.0,0.0,70.0,0.0,73.24,,,67.0,69.0,85.0,55.0,52.53000000000001,0.0
2064,2025-02-18 22:00:00,62.86333333333334,0.0,0.0,17.5,107.28333333333336,63.57,0.0,73.99,100.0,74.0,0.0,70.0,0.0,73.17666666666666,,,67.0,69.0,85.0,55.0,52.540000000000006,0.0
2065,2025-02-18 22:15:00,64.27666666666666,0.0,0.0,17.833333333333332,106.84666666666664,63.57,0.0,73.99,100.0,74.0,0.0,70.0,0.0,73.04666666666667,,,67.0,69.0,85.0,55.0,52.36,0.0
2066,2025-02-18 22:30:00,65.68666666666667,0.0,0.0,18.33333333333333,106.88666666666666,63.57,0.0,73.99,100.0,74.0,0.0,70.0,0.0,72.94333333333334,,,67.0,69.0,85.0,55.0,52.67999999999999,0.0
2067,2025-02-18 22:45:00,63.57,0.0,0.0,18.83333333333333,107.07333333333334,63.57,0.0,73.99,100.0,74.0,0.0,70.0,0.0,72.87,,,67.0,69.0,85.0,55.0,52.510000000000005,0.0
2068,2025-02-18 23:00:00,64.27666666666666,0.0,0.0,19.0,107.21,63.57,0.0,73.99,100.0,74.0,0.0,70.0,0.0,72.75333333333333,,,67.0,69.0,85.0,55.0,52.81000000000001,0.0
2069,2025-02-18 23:15:00,64.27666666666666,0.0,0.0,19.5,107.37333333333332,63.57,0.0,73.99,100.0,74.0,0.0,70.0,0.0,72.64999999999999,,,67.0,69.0,85.0,55.0,53.33,0.0
2070,2025-02-18 23:30:00,64.98333333333333,2.119999999999997,0.0,19.5,107.57,63.57,0.0,73.99,100.0,74.0,0.0,70.0,0.0,72.60333333333334,,,67.0,69.0,85.0,55.0,53.52,0.0
2071,2025-02-18 23:45:00,62.86333333333334,0.0,0.0,19.5,107.54,63.57,0.0,73.99,100.0,74.0,0.0,70.0,0.0,72.61,,,67.0,69.0,85.0,55.0,53.81,0.0
2072,2025-02-19 00:00:00,64.27666666666666,0.0,0.0,19.33333333333333,107.62,63.57,0.0,73.99,100.0,74.0,0.0,70.0,0.0,72.52999999999999,,,67.0,69.0,85.0,55.0,53.8,0.0
2073,2025-02-19 00:15:00,63.57,0.0,0.0,19.5,107.80666666666669,63.57,0.0,73.99,100.0,74.0,0.0,70.0,0.0,72.52666666666667,,,67.0,69.0,85.0,55.0,53.89000000000001,0.0
2074,2025-02-19 00:30:00,63.57,0.0,0.0,19.5,108.05666666666666,63.57,0.0,73.99,100.0,74.0,0.0,70.0,0.0,72.51333333333334,,,67.0,69.0,85.0,55.0,54.13,0.0
2075,2025-02-19 00:45:00,63.57,0.0,0.0,19.166666666666668,108.28333333333336,63.57,0.0,73.99,100.0,74.0,0.0,70.0,0.0,72.52,,,67.0,69.0,85.0,55.0,54.06,0.0
2076,2025-02-19 01:00:00,65.68333333333334,4.229999999999997,0.0,20.0,108.38,63.57,0.0,73.99,100.0,74.0,0.0,70.0,0.0,72.54333333333334,,,67.0,69.0,85.0,55.0,54.79,0.0
2077,2025-02-19 01:15:00,65.68666666666667,4.229999999999997,0.0,20.0,108.23,63.57,0.0,73.99,100.0,74.0,0.0,70.0,0.0,72.58333333333333,,,67.0,69.0,85.0,55.0,54.61,0.0
2078,2025-02-19 01:30:00,65.69,2.119999999999997,0.0,20.166666666666668,108.43666666666668,63.57,0.0,73.99,100.0,74.0,0.0,70.0,0.0,72.60333333333334,,,67.0,69.0,85.0,55.0,55.16,0.0
2079,2025-02-19 01:45:00,65.69,2.119999999999997,0.0,19.166666666666668,108.33666666666666,63.57,0.0,73.99,100.0,74.0,0.0,70.0,0.0,72.61666666666666,,,67.0,69.0,85.0,55.0,54.88,0.0
2080,2025-02-19 02:00:00,63.57,2.119999999999997,0.0,19.0,108.38666666666666,63.57,0.0,73.99,100.0,74.0,0.0,70.0,0.0,72.62,,,67.0,69.0,85.0,55.0,54.49,0.0
2081,2025-02-19 02:15:00,66.39333333333333,2.119999999999997,0.0,19.0,108.53000000000002,63.57,0.0,73.99,100.0,74.0,0.0,70.0,0.0,72.60333333333334,,,67.0,69.0,85.0,55.0,55.07000000000001,0.0
2082,2025-02-19 02:30:00,63.56999999999999,0.0,0.0,19.83333333333333,108.2,63.57,0.0,73.99,100.0,74.0,0.0,70.0,0.0,72.58999999999999,,,67.0,69.0,85.0,55.0,55.13,0.0
2083,2025-02-19 02:45:00,64.98333333333333,0.0,0.0,20.0,107.91333333333334,63.57,0.0,73.99,100.0,74.0,0.0,70.0,0.0,72.64,,,67.0,69.0,85.0,55.0,54.60000000000001,0.0
2084,2025-02-19 03:00:00,65.68666666666667,0.0,0.0,19.83333333333333,108.00666666666666,63.57,0.0,73.99,100.0,74.0,0.0,70.0,0.0,72.66,,,67.0,69.0,85.0,55.0,54.98,0.0
2085,2025-02-19 03:15:00,64.98333333333333,2.119999999999997,0.0,18.666666666666668,108.42666666666666,63.57,0.0,73.99,100.0,74.0,0.0,70.0,0.0,72.66,,,67.0,69.0,85.0,55.0,55.63,0.0
2086,2025-02-19 03:30:00,62.86333333333334,0.0,0.0,19.0,108.37666666666668,63.57,0.0,73.99,100.0,74.0,0.0,70.0,0.0,72.66,,,67.0,69.0,85.0,55.0,55.69,0.0
2087,2025-02-19 03:45:00,66.39333333333333,2.119999999999997,0.0,19.0,108.20666666666666,63.57,0.0,73.99,100.0,74.0,0.0,70.0,0.0,72.65333333333332,,,67.0,69.0,85.0,55.0,55.62,0.0
2088,2025-02-19 04:00:00,64.98,4.229999999999997,0.0,18.83333333333333,108.16333333333334,63.57,0.0,73.99,100.0,74.0,0.0,70.0,0.0,72.64,,,67.0,69.0,85.0,55.0,55.470000000000006,0.0
2089,2025-02-19 04:15:00,63.57,0.0,0.0,19.0,108.28333333333336,63.57,0.0,73.99,100.0,74.0,0.0,70.0,0.0,72.63333333333333,,,67.0,69.0,85.0,55.0,55.99,0.0
2090,2025-02-19 04:30:00,64.98333333333333,2.119999999999997,0.0,19.33333333333333,108.3,63.57,0.0,73.99,100.0,74.0,0.0,70.0,0.0,72.59333333333332,,,67.0,69.0,85.0,55.0,55.84,0.0
2091,2025-02-19 04:45:00,64.27666666666666,0.0,0.0,19.5,107.95666666666666,63.57,0.0,73.99,100.0,74.0,0.0,70.0,0.0,72.52,,,67.0,69.0,85.0,55.0,56.1,0.0
2092,2025-02-19 05:00:00,63.57,-2.119999999999997,0.0,19.33333333333333,107.96666666666664,63.57,0.0,73.99,100.0,74.0,0.0,70.0,0.0,72.49333333333334,,,67.0,69.0,85.0,55.0,56.04,0.0
2093,2025-02-19 05:15:00,64.27666666666666,0.0,0.0,20.0,108.07,63.57,0.0,73.99,100.0,74.0,0.0,70.0,0.0,72.38333333333334,,,67.0,69.0,85.0,55.0,55.91,0.0
2094,2025-02-19 05:30:00,64.98,0.0,0.0,19.666666666666668,107.83333333333331,63.57,0.0,73.99,100.0,74.0,0.0,70.0,0.0,72.37,,,67.0,69.0,85.0,55.0,56.14,0.0
2095,2025-02-19 05:45:00,66.39333333333333,2.119999999999997,0.0,18.666666666666668,107.50333333333332,63.57,0.0,73.99,100.0,74.0,0.0,70.0,0.0,72.36666666666667,,,67.0,69.0,85.0,55.0,55.81,0.0
2096,2025-02-19 06:00:00,64.98333333333333,0.0,0.0,18.83333333333333,107.73,63.57,0.0,73.99,100.0,74.0,0.0,70.0,0.0,72.36666666666667,,,67.0,69.0,85.0,55.0,55.67,0.0
2097,2025-02-19 06:15:00,65.68666666666667,0.0,0.0,19.0,108.04333333333334,63.57,0.0,73.99,100.0,74.0,0.0,70.0,0.0,72.34666666666666,,,67.0,69.0,85.0,55.0,56.18000000000001,0.0
2098,2025-02-19 06:30:00,64.27666666666666,0.0,0.0,19.33333333333333,107.80666666666669,63.57,0.0,73.99,100.0,74.0,0.0,70.0,0.0,72.34666666666668,,,67.0,69.0,85.0,55.0,56.23,0.0
2099,2025-02-19 06:45:00,66.39333333333333,4.229999999999997,0.0,18.83333333333333,107.71999999999998,63.57,0.0,73.99,100.0,74.0,0.0,70.0,0.0,72.28666666666668,,,67.0,69.0,85.0,55.0,55.99000000000001,0.0
2100,2025-02-19 07:00:00,64.98333333333333,2.119999999999997,0.0,18.666666666666668,107.65,63.57,0.0,73.99,100.0,74.0,0.0,70.0,0.0,72.24666666666667,,,67.0,69.0,85.0,55.0,56.16,0.0
2101,2025-02-19 07:15:00,62.156666666666666,-2.119999999999997,0.0,19.5,108.03333333333336,63.57,0.0,73.99,100.0,74.0,0.0,70.0,0.0,72.23,,,67.0,69.0,85.0,55.0,56.5,0.0
2102,2025-02-19 07:30:00,66.39333333333333,2.119999999999997,0.0,19.666666666666668,107.78,63.57,0.0,73.99,100.0,74.0,0.0,70.0,0.0,72.22333333333334,,,67.0,69.0,85.0,55.0,56.08,0.0
2103,2025-02-19 07:45:00,63.57,0.0,0.0,18.666666666666668,107.46666666666664,63.57,0.0,73.99,100.0,74.0,0.0,70.0,0.0,72.21,,,67.0,69.0,85.0,55.0,56.080000000000005,0.0
2104,2025-02-19 08:00:00,63.57,0.0,0.0,19.0,107.53000000000002,63.57,0.0,73.99,100.0,74.0,0.0,70.0,0.0,72.20333333333333,,,67.0,69.0,85.0,55.0,56.3,0.0
2105,2025-02-19 08:15:00,64.98,0.0,0.0,19.83333333333333,107.40333333333336,63.57,0.0,73.99,100.0,74.0,0.0,70.0,0.0,72.20333333333333,,,67.0,69.0,85.0,55.0,55.88,0.0
2106,2025-02-19 08:30:00,65.69,2.119999999999997,0.0,20.0,107.46666666666664,63.57,0.0,73.99,100.0,74.0,0.0,70.0,0.0,72.18666666666667,,,67.0,69.0,85.0,55.0,56.03,0.0
2107,2025-02-19 08:45:00,62.86333333333334,0.0,0.0,20.0,107.92333333333332,63.57,0.0,73.99,100.0,74.0,0.0,70.0,0.0,72.17666666666666,,,67.0,69.0,85.0,55.0,56.46000000000001,0.0
2108,2025-02-19 09:00:00,64.98,0.0,0.0,20.166666666666668,107.80333333333331,63.57,0.0,73.99,100.0,74.0,0.0,70.0,0.0,72.14333333333333,,,67.0,69.0,85.0,55.0,56.75999999999999,0.0
2109,2025-02-19 09:15:00,62.86333333333334,2.119999999999997,0.0,19.0,107.47666666666667,63.57,0.0,73.99,100.0,74.0,0.0,70.0,0.0,72.17,,,67.0,69.0,85.0,55.0,55.92999999999999,0.0
2110,2025-02-19 09:30:00,64.27666666666666,0.0,0.0,19.0,107.73666666666666,63.57,0.0,73.99,100.0,74.0,0.0,70.0,0.0,72.17,,,67.0,69.0,85.0,55.0,56.51,0.0
2111,2025-02-19 09:45:00,64.27666666666666,0.0,0.0,19.5,107.77666666666666,63.57,0.0,73.99,100.0,74.0,0.0,70.0,0.0,72.21666666666665,,,67.0,69.0,85.0,55.0,56.35999999999999,0.0
2112,2025-02-19 10:00:00,63.57,0.0,0.0,20.0,107.66333333333334,63.57,0.0,73.99,100.0,74.0,0.0,70.0,0.0,72.20333333333333,,,67.0,69.0,85.0,55.0,56.57000000000001,0.0
2113,2025-02-19 10:15:00,64.98333333333333,2.119999999999997,0.0,19.83333333333333,107.68,63.57,0.0,73.99,100.0,74.0,0.0,70.0,0.0,72.19666666666666,,,67.0,69.0,85.0,55.0,56.15,0.0
2114,2025-02-19 10:30:00,62.86333333333334,0.0,0.0,19.666666666666668,107.88666666666666,63.57,0.0,73.99,100.0,74.0,0.0,70.0,0.0,72.18666666666667,,,67.0,69.0,85.0,55.0,56.38,0.0
2115,2025-02-19 10:45:00,64.27666666666666,0.0,0.0,20.33333333333333,107.89666666666666,63.57,0.0,73.99,100.0,74.0,0.0,70.0,0.0,72.11,,,67.0,69.0,85.0,55.0,56.49,0.0
2116,2025-02-19 11:00:00,64.98333333333333,2.119999999999997,0.0,20.5,107.28666666666668,63.57,0.0,73.99,100.0,74.0,0.0,70.0,0.0,72.16666666666667,,,67.0,69.0,85.0,55.0,56.68,0.0
2117,2025-02-19 11:15:00,66.39333333333333,4.229999999999997,0.0,19.666666666666668,106.68666666666668,63.57,0.0,73.99,100.0,74.0,0.0,70.0,0.0,72.19,,,67.0,69.0,85.0,55.0,55.440000000000005,0.0
2118,2025-02-19 11:30:00,64.27666666666666,0.0,0.0,19.666666666666668,106.81666666666666,63.57,0.0,73.99,100.0,74.0,0.0,70.0,0.0,72.16000000000001,,,67.0,69.0,85.0,55.0,55.440000000000005,0.0
2119,2025-02-19 11:45:00,64.27666666666666,0.0,0.0,20.166666666666668,106.88,63.57,0.0,73.99,100.0,74.0,0.0,70.0,0.0,72.10000000000001,,,67.0,69.0,85.0,55.0,55.81999999999999,0.0
2120,2025-02-19 12:00:00,65.68666666666667,4.229999999999997,0.0,20.166666666666668,106.71,63.57,0.0,73.99,100.0,74.0,0.0,70.0,0.0,72.09,,,67.0,69.0,85.0,55.0,55.85,0.0
2121,2025-02-19 12:15:00,65.69,2.119999999999997,0.0,19.83333333333333,107.01333333333334,63.57,0.0,73.99,100.0,74.0,0.0,70.0,0.0,72.09,,,67.0,69.0,85.0,55.0,55.52,0.0
2122,2025-02-19 12:30:00,64.98333333333333,2.119999999999997,0.0,19.5,107.14333333333332,63.57,0.0,73.99,100.0,74.0,0.0,70.0,0.0,72.11333333333333,,,67.0,69.0,85.0,55.0,55.91,0.0
2123,2025-02-19 12:45:00,62.86333333333334,0.0,0.0,19.666666666666668,107.29666666666668,63.57,0.0,73.99,100.0,74.0,0.0,70.0,0.0,72.13,,,67.0,69.0,85.0,55.0,55.89,0.0
2124,2025-02-19 13:00:00,66.39333333333333,2.119999999999997,0.0,20.166666666666668,107.59,63.57,0.0,73.99,100.0,74.0,0.0,70.0,0.0,72.14333333333333,,,67.0,69.0,85.0,55.0,55.86999999999999,0.0
2125,2025-02-19 13:15:00,64.27666666666666,0.0,0.0,20.83333333333333,107.89333333333332,63.57,0.0,73.99,100.0,74.0,0.0,70.0,0.0,72.11333333333333,,,67.0,69.0,85.0,55.0,56.26,0.0
2126,2025-02-19 13:30:00,63.57,0.0,0.0,20.5,107.6,63.57,0.0,73.99,100.0,74.0,0.0,70.0,0.0,72.10000000000001,,,67.0,69.0,85.0,55.0,55.95,0.0
2127,2025-02-19 13:45:00,64.27666666666666,2.119999999999997,0.0,19.666666666666668,107.55333333333331,63.57,0.0,73.99,100.0,74.0,0.0,70.0,0.0,72.12,,,67.0,69.0,85.0,55.0,55.71,0.0
2128,2025-02-19 14:00:00,62.86333333333334,0.0,0.0,19.5,107.82,63.57,0.0,73.99,100.0,74.0,0.0,70.0,0.0,72.29,,,67.0,69.0,85.0,55.0,55.8,0.0
2129,2025-02-19 14:15:00,64.27666666666666,0.0,0.0,19.33333333333333,107.57,63.57,0.0,73.99,100.0,74.0,0.0,70.0,0.0,72.51333333333334,,,67.0,69.0,85.0,55.0,55.5,0.0
2130,2025-02-19 14:30:00,64.27666666666666,0.0,0.0,19.33333333333333,107.84,63.57,0.0,73.99,100.0,74.0,0.0,70.0,0.0,72.44333333333333,,,67.0,69.0,85.0,55.0,55.48,0.0
2131,2025-02-19 14:45:00,64.27666666666666,0.0,0.0,20.5,107.97333333333334,63.57,0.0,73.99,100.0,74.0,0.0,70.0,0.0,72.48333333333333,,,67.0,69.0,85.0,55.0,55.76,0.0
2132,2025-02-19 15:00:00,64.27666666666666,0.0,0.0,20.166666666666668,107.7,63.57,0.0,73.99,100.0,74.0,0.0,70.0,0.0,72.63666666666667,,,67.0,69.0,85.0,55.0,55.220000000000006,0.0
2133,2025-02-19 15:15:00,64.27666666666666,0.0,0.0,19.666666666666668,107.53666666666668,63.57,0.0,73.99,100.0,74.0,0.0,70.0,0.0,72.61666666666666,,,67.0,69.0,85.0,55.0,55.08,0.0
2134,2025-02-19 15:30:00,64.27666666666666,0.0,0.0,19.5,108.13333333333333,63.57,0.0,73.99,100.0,74.0,0.0,70.0,0.0,72.59666666666666,,,67.0,69.0,85.0,55.0,55.290000000000006,0.0
2135,2025-02-19 15:45:00,64.27666666666666,0.0,0.0,19.33333333333333,108.53666666666668,63.57,0.0,73.99,100.0,74.0,0.0,70.0,0.0,72.52,,,67.0,69.0,85.0,55.0,55.38,0.0
2136,2025-02-19 16:00:00,63.57,0.0,0.0,19.166666666666668,108.79333333333334,63.57,0.0,73.99,100.0,74.0,0.0,70.0,0.0,72.60333333333334,,,67.0,69.0,85.0,55.0,55.16,0.0
2137,2025-02-19 16:15:00,65.68666666666667,4.229999999999997,0.0,19.0,108.68333333333334,63.57,0.0,73.99,100.0,74.0,0.0,70.0,0.0,72.85666666666667,,,67.0,69.0,85.0,55.0,54.68000000000001,0.0
2138,2025-02-19 16:30:00,64.27666666666666,0.0,0.0,19.0,108.35666666666668,63.57,0.0,73.99,100.0,74.0,0.0,70.0,0.0,73.15666666666668,,,67.0,69.0,85.0,55.0,54.84,0.0
2139,2025-02-19 16:45:00,64.98333333333333,0.0,0.0,20.0,108.50666666666666,63.57,0.0,73.99,100.0,74.0,0.0,70.0,0.0,73.45333333333333,,,67.0,69.0,85.0,55.0,54.75000000000001,0.0
2140,2025-02-19 17:00:00,66.39333333333333,2.119999999999997,0.0,19.166666666666668,108.61666666666667,63.57,0.0,73.99,100.0,74.0,0.0,70.0,0.0,73.96,,,67.0,69.0,85.0,55.0,54.38000000000001,0.0
2141,2025-02-19 17:15:00,63.57,2.119999999999997,0.0,18.5,108.33666666666666,63.57,0.0,73.99,93.53333333333336,74.0,0.0,70.0,0.0,74.27,,,67.0,69.0,85.0,55.0,54.11,0.0
2142,2025-02-19 17:30:00,64.27666666666666,0.0,0.0,19.33333333333333,105.23666666666666,63.57,0.0,73.99,84.27,74.0,0.0,70.0,0.0,74.56666666666666,,,67.0,69.0,85.0,55.0,52.95,0.0
2143,2025-02-19 17:45:00,64.27666666666666,2.119999999999997,0.0,19.0,104.59333333333332,63.57,0.0,73.99,83.88333333333333,74.0,0.0,70.0,0.0,74.42,,,67.0,69.0,85.0,55.0,48.81,0.0
2144,2025-02-19 18:00:00,63.57,2.119999999999997,0.0,18.33333333333333,98.50333333333332,63.57,0.0,73.99,69.32666666666667,74.0,0.0,70.0,0.0,74.89666666666666,,,67.0,69.0,85.0,55.0,47.92999999999999,0.0
2145,2025-02-19 18:15:00,64.27666666666666,0.0,0.0,19.0,87.17666666666666,63.57,0.0,73.99,52.9,74.0,0.0,70.0,0.0,75.29666666666667,,,67.0,69.0,85.0,55.0,37.21,0.0
2146,2025-02-19 18:30:00,64.98333333333333,2.119999999999997,0.0,18.5,78.69333333333333,63.57,0.0,73.99,42.45333333333333,74.0,0.0,70.0,0.0,75.30333333333334,,,67.0,69.0,85.0,55.0,26.2,0.0
2147,2025-02-19 18:45:00,66.39333333333333,0.0,0.0,17.666666666666668,74.33666666666666,63.57,0.0,73.99,38.13333333333333,74.0,0.0,70.0,0.0,75.07333333333334,,,67.0,69.0,85.0,55.0,20.340000000000003,0.0
2148,2025-02-19 19:00:00,64.98333333333333,2.119999999999997,0.0,17.666666666666668,74.63333333333333,63.57,0.0,73.99,38.53666666666666,74.0,0.0,70.0,0.0,74.71,,,67.0,69.0,85.0,55.0,20.06,0.0
2149,2025-02-19 19:15:00,63.57,-2.119999999999997,0.0,17.333333333333332,73.58666666666666,63.57,0.0,73.99,37.056666666666665,74.0,0.0,70.0,0.0,74.55666666666666,,,67.0,69.0,85.0,55.0,19.959999999999997,0.0
2150,2025-02-19 19:30:00,64.98333333333333,2.119999999999997,0.0,17.0,71.31,63.57,0.0,73.99,34.196666666666665,74.0,0.0,70.0,0.0,74.49666666666667,,,67.0,69.0,85.0,55.0,17.9,0.0
2151,2025-02-19 19:45:00,63.57,0.0,0.0,17.0,75.48,63.57,0.0,73.99,41.69,74.0,0.0,70.0,0.0,74.01666666666667,,,67.0,69.0,85.0,55.0,17.89,0.0
2152,2025-02-19 20:00:00,65.68666666666667,4.229999999999997,0.0,17.0,81.63666666666667,63.57,0.0,73.99,48.84,74.0,0.0,70.0,0.0,73.71333333333332,,,67.0,69.0,85.0,55.0,26.72,0.0
2153,2025-02-19 20:15:00,64.98333333333333,0.0,0.0,17.833333333333332,85.83,63.57,0.0,73.99,55.03,74.0,0.0,70.0,0.0,73.53333333333335,,,67.0,69.0,85.0,55.0,29.48,0.0
2154,2025-02-19 20:30:00,64.27666666666666,0.0,0.0,17.0,92.76666666666668,63.57,0.0,73.99,64.05666666666667,74.0,0.0,70.0,0.0,73.30333333333333,,,67.0,69.0,85.0,55.0,35.43,0.0
2155,2025-02-19 20:45:00,65.69,2.119999999999997,0.0,18.166666666666668,98.43666666666668,63.57,0.0,73.99,72.89999999999999,74.0,0.0,70.0,0.0,73.14,,,67.0,69.0,85.0,55.0,42.1,0.0
2156,2025-02-19 21:00:00,64.27666666666666,2.119999999999997,0.0,17.5,102.31333333333332,63.57,0.0,73.99,80.69666666666666,74.0,0.0,70.0,0.0,73.08666666666666,,,67.0,69.0,85.0,55.0,46.53,0.0
2157,2025-02-19 21:15:00,62.86333333333334,2.119999999999997,0.0,17.833333333333332,105.68666666666668,63.57,0.0,73.99,87.28666666666668,74.0,0.0,70.0,0.0,73.08333333333333,,,67.0,69.0,85.0,55.0,49.68,0.0
2158,2025-02-19 21:30:00,64.98333333333333,0.0,0.0,19.166666666666668,108.24333333333334,63.57,0.0,73.99,94.75666666666666,74.0,0.0,70.0,0.0,73.07000000000001,,,67.0,69.0,85.0,55.0,53.36000000000001,0.0
2159,2025-02-19 21:45:00,64.27666666666666,2.119999999999997,0.0,19.166666666666668,108.49,63.57,0.0,73.99,99.70333333333332,74.0,0.0,70.0,0.0,73.01666666666667,,,67.0,69.0,85.0,55.0,53.86,0.0
2160,2025-02-19 22:00:00,63.57,0.0,0.0,19.83333333333333,108.58666666666666,63.57,0.0,73.99,100.0,74.0,0.0,70.0,0.0,72.93666666666667,,,67.0,69.0,85.0,55.0,54.6,0.0
2161,2025-02-19 22:15:00,63.56999999999999,0.0,0.0,20.0,108.15666666666668,63.57,0.0,73.99,100.0,74.0,0.0,70.0,0.0,72.87666666666667,,,67.0,69.0,85.0,55.0,54.34,0.0
2162,2025-02-19 22:30:00,63.04,-2.119999999999997,0.0,20.125,108.3925,63.57,0.0,73.99,100.0,74.0,0.0,70.0,0.0,72.6275,,,67.0,69.0,85.0,55.0,54.71,0.0
2163,2025-02-19 22:45:00,63.57,-2.119999999999997,0.0,20.5,108.34333333333332,63.57,0.0,73.99,100.0,74.0,0.0,70.0,0.0,72.50666666666666,,,67.0,69.0,85.0,55.0,54.63,0.0
2164,2025-02-19 23:00:00,64.98333333333333,0.0,0.0,20.166666666666668,108.2,63.57,0.0,73.99,100.0,74.0,0.0,70.0,0.0,72.44,,,67.0,69.0,85.0,55.0,54.18,0.0
2165,2025-02-19 23:15:00,64.98333333333333,2.119999999999997,0.0,20.5,108.20666666666666,63.57,0.0,73.99,100.0,74.0,0.0,70.0,0.0,72.39333333333333,,,67.0,69.0,85.0,55.0,54.69,0.0
2166,2025-02-19 23:30:00,62.86333333333334,-2.119999999999997,0.0,20.666666666666668,108.15,63.57,0.0,73.99,100.0,74.0,0.0,70.0,0.0,72.27333333333333,,,67.0,69.0,85.0,55.0,54.69,0.0
2167,2025-02-19 23:45:00,66.39333333333333,2.119999999999997,0.0,20.5,108.01,63.57,0.0,73.99,100.0,74.0,0.0,70.0,0.0,72.22333333333334,,,67.0,69.0,85.0,55.0,54.42,0.0
2168,2025-02-20 00:00:00,63.57,0.0,0.0,19.83333333333333,108.24,63.57,0.0,73.99,100.0,74.0,0.0,70.0,0.0,72.27,,,67.0,69.0,85.0,55.0,54.67,0.0
2169,2025-02-20 00:15:00,66.39333333333333,2.119999999999997,0.0,19.83333333333333,108.26333333333334,63.57,0.0,73.99,100.0,74.0,0.0,70.0,0.0,72.39,,,67.0,69.0,85.0,55.0,54.540000000000006,0.0
2170,2025-02-20 00:30:00,64.98333333333333,0.0,0.0,20.33333333333333,108.29,63.57,0.0,73.99,100.0,74.0,0.0,70.0,0.0,72.40666666666668,,,67.0,69.0,85.0,55.0,55.09,0.0
2171,2025-02-20 00:45:00,64.98333333333333,2.119999999999997,0.0,20.5,108.21666666666664,63.57,0.0,73.99,100.0,74.0,0.0,70.0,0.0,72.46666666666665,,,67.0,69.0,85.0,55.0,54.96,0.0
2172,2025-02-20 01:00:00,63.57,0.0,0.0,19.166666666666668,107.99,63.57,0.0,73.99,100.0,74.0,0.0,70.0,0.0,72.49333333333334,,,67.0,69.0,85.0,55.0,54.77,0.0
2173,2025-02-20 01:15:00,64.98333333333333,0.0,0.0,20.5,108.07333333333334,63.57,0.0,73.99,100.0,74.0,0.0,70.0,0.0,72.48666666666666,,,67.0,69.0,85.0,55.0,55.05,0.0
2174,2025-02-20 01:30:00,64.98,4.229999999999997,0.0,21.0,108.34333333333332,63.57,0.0,73.99,100.0,74.0,0.0,70.0,0.0,72.48666666666666,,,67.0,69.0,85.0,55.0,55.15,0.0
2175,2025-02-20 01:45:00,65.68666666666667,0.0,0.0,20.0,108.28000000000002,63.57,0.0,73.99,100.0,74.0,0.0,70.0,0.0,72.48,,,67.0,69.0,85.0,55.0,55.33,0.0
2176,2025-02-20 02:00:00,64.98333333333333,2.119999999999997,0.0,19.83333333333333,108.34333333333332,63.57,0.0,73.99,100.0,74.0,0.0,70.0,0.0,72.39,,,67.0,69.0,85.0,55.0,55.76,0.0
2177,2025-02-20 02:15:00,62.86333333333334,-2.119999999999997,0.0,20.5,108.32333333333334,63.57,0.0,73.99,100.0,74.0,0.0,70.0,0.0,72.37666666666667,,,67.0,69.0,85.0,55.0,55.61,0.0
2178,2025-02-20 02:30:00,64.98,0.0,0.0,21.0,108.41666666666669,63.57,0.0,73.99,100.0,74.0,0.0,70.0,0.0,72.38666666666667,,,67.0,69.0,85.0,55.0,55.73,0.0
2179,2025-02-20 02:45:00,63.57,0.0,0.0,19.83333333333333,107.96999999999998,63.57,0.0,73.99,100.0,74.0,0.0,70.0,0.0,72.39,,,67.0,69.0,85.0,55.0,55.75,0.0
2180,2025-02-20 03:00:00,65.69,2.119999999999997,0.0,19.33333333333333,107.73333333333332,63.57,0.0,73.99,100.0,74.0,0.0,70.0,0.0,72.23666666666666,,,67.0,69.0,85.0,55.0,55.51,0.0
2181,2025-02-20 03:15:00,63.57,0.0,0.0,19.5,107.80333333333331,63.57,0.0,73.99,100.0,74.0,0.0,70.0,0.0,72.31333333333333,,,67.0,69.0,85.0,55.0,55.5,0.0
2182,2025-02-20 03:30:00,64.98333333333333,0.0,0.0,19.33333333333333,107.97666666666667,63.57,0.0,73.99,100.0,74.0,0.0,70.0,0.0,72.26,,,67.0,69.0,85.0,55.0,55.86,0.0
2183,2025-02-20 03:45:00,64.27666666666666,2.119999999999997,0.0,19.0,107.99666666666668,63.57,0.0,73.99,100.0,74.0,0.0,70.0,0.0,72.19333333333333,,,67.0,69.0,85.0,55.0,55.78,0.0
2184,2025-02-20 04:00:00,64.98333333333333,0.0,0.0,19.0,107.82333333333334,63.57,0.0,73.99,100.0,74.0,0.0,70.0,0.0,72.10666666666667,,,67.0,69.0,85.0,55.0,55.6,0.0
2185,2025-02-20 04:15:00,64.27666666666666,2.119999999999997,0.0,19.83333333333333,107.88,63.57,0.0,73.99,100.0,74.0,0.0,70.0,0.0,72.08333333333333,,,67.0,69.0,85.0,55.0,55.91,0.0
2186,2025-02-20 04:30:00,63.57,-2.119999999999997,0.0,20.166666666666668,107.82666666666668,63.57,0.0,73.99,100.0,74.0,0.0,70.0,0.0,72.05666666666666,,,67.0,69.0,85.0,55.0,55.93,0.0
2187,2025-02-20 04:45:00,65.68666666666667,2.119999999999997,0.0,19.5,107.85666666666668,63.57,0.0,73.99,100.0,74.0,0.0,70.0,0.0,72.01333333333334,,,67.0,69.0,85.0,55.0,55.96,0.0
2188,2025-02-20 05:00:00,63.57,2.119999999999997,0.0,19.33333333333333,107.51,63.57,0.0,73.99,100.0,74.0,0.0,70.0,0.0,71.97666666666667,,,67.0,69.0,85.0,55.0,55.61,0.0
2189,2025-02-20 05:15:00,64.27666666666666,2.119999999999997,0.0,20.0,107.84,63.57,0.0,73.99,100.0,74.0,0.0,70.0,0.0,71.94,,,67.0,69.0,85.0,55.0,55.68,0.0
2190,2025-02-20 05:30:00,63.57,-2.119999999999997,0.0,20.5,108.18333333333334,63.57,0.0,73.99,100.0,74.0,0.0,70.0,0.0,71.96,,,67.0,69.0,85.0,55.0,56.42000000000001,0.0
2191,2025-02-20 05:45:00,64.98333333333333,2.119999999999997,0.0,20.33333333333333,107.89,63.57,0.0,73.99,100.0,74.0,0.0,70.0,0.0,71.94666666666666,,,67.0,69.0,85.0,55.0,56.22999999999999,0.0
2192,2025-02-20 06:00:00,64.98,4.229999999999997,0.0,19.33333333333333,108.11666666666667,63.57,0.0,73.99,100.0,74.0,0.0,70.0,0.0,71.94666666666666,,,67.0,69.0,85.0,55.0,55.86,0.0
2193,2025-02-20 06:15:00,64.98333333333333,0.0,0.0,19.166666666666668,107.90666666666668,63.57,0.0,73.99,100.0,74.0,0.0,70.0,0.0,71.92666666666666,,,67.0,69.0,85.0,55.0,56.150000000000006,0.0
2194,2025-02-20 06:30:00,63.57,0.0,0.0,19.33333333333333,108.20333333333332,63.57,0.0,73.99,100.0,74.0,0.0,70.0,0.0,71.92666666666666,,,67.0,69.0,85.0,55.0,56.49000000000001,0.0
2195,2025-02-20 06:45:00,64.98333333333333,2.119999999999997,0.0,20.0,108.33333333333331,63.57,0.0,73.99,100.0,74.0,0.0,70.0,0.0,71.94,,,67.0,69.0,85.0,55.0,56.38000000000001,0.0
2196,2025-02-20 07:00:00,62.86333333333334,0.0,0.0,20.166666666666668,108.17333333333332,63.57,0.0,73.99,100.0,74.0,0.0,70.0,0.0,71.94,,,67.0,69.0,85.0,55.0,56.28,0.0
2197,2025-02-20 07:15:00,64.27666666666666,2.119999999999997,0.0,20.0,108.08,63.57,0.0,73.99,100.0,74.0,0.0,70.0,0.0,71.94,,,67.0,69.0,85.0,55.0,56.28,0.0
2198,2025-02-20 07:30:00,64.98333333333333,2.119999999999997,0.0,20.0,108.29666666666668,63.57,0.0,73.99,100.0,74.0,0.0,70.0,0.0,71.91666666666667,,,67.0,69.0,85.0,55.0,56.81999999999999,0.0
2199,2025-02-20 07:45:00,64.98333333333333,2.119999999999997,0.0,20.33333333333333,108.12,63.57,0.0,73.99,100.0,74.0,0.0,70.0,0.0,71.88333333333333,,,67.0,69.0,85.0,55.0,56.54,0.0
2200,2025-02-20 08:00:00,64.98,4.229999999999997,0.0,20.5,107.91666666666669,63.57,0.0,73.99,100.0,74.0,0.0,70.0,0.0,71.81666666666666,,,67.0,69.0,85.0,55.0,56.57999999999999,0.0
2201,2025-02-20 08:15:00,65.68666666666667,2.119999999999997,0.0,19.83333333333333,107.54666666666668,63.57,0.0,73.99,100.0,74.0,0.0,70.0,0.0,71.8,,,67.0,69.0,85.0,55.0,56.33,0.0
2202,2025-02-20 08:30:00,64.98333333333333,0.0,0.0,19.83333333333333,107.73333333333332,63.57,0.0,73.99,100.0,74.0,0.0,70.0,0.0,71.79333333333334,,,67.0,69.0,85.0,55.0,56.61999999999999,0.0
2203,2025-02-20 08:45:00,64.27666666666666,0.0,0.0,21.0,107.75666666666666,63.57,0.0,73.99,100.0,74.0,0.0,70.0,0.0,71.76666666666667,,,67.0,69.0,85.0,55.0,56.79,0.0
2204,2025-02-20 09:00:00,63.56999999999999,0.0,0.0,20.33333333333333,107.47333333333334,63.57,0.0,73.99,100.0,74.0,0.0,70.0,0.0,71.75,,,67.0,69.0,85.0,55.0,56.56,0.0
2205,2025-02-20 09:15:00,64.27666666666666,2.119999999999997,0.0,19.83333333333333,107.44333333333331,63.57,0.0,73.99,100.0,74.0,0.0,70.0,0.0,71.65666666666668,,,67.0,69.0,85.0,55.0,56.88999999999999,0.0
2206,2025-02-20 09:30:00,62.86333333333334,0.0,0.0,20.5,107.25,63.57,0.0,73.99,100.0,74.0,0.0,70.0,0.0,71.65,,,67.0,69.0,85.0,55.0,56.870000000000005,0.0
2207,2025-02-20 09:45:00,64.27666666666666,0.0,0.0,20.0,107.15666666666668,63.57,0.0,73.99,100.0,74.0,0.0,70.0,0.0,71.65666666666668,,,67.0,69.0,85.0,55.0,56.35000000000001,0.0
2208,2025-02-20 10:00:00,64.27666666666666,0.0,0.0,19.5,107.23666666666666,63.57,0.0,73.99,100.0,74.0,0.0,70.0,0.0,71.65,,,67.0,69.0,85.0,55.0,56.75,0.0
2209,2025-02-20 10:15:00,64.98,4.229999999999997,0.0,19.83333333333333,106.76,63.57,0.0,73.99,100.0,74.0,0.0,70.0,0.0,71.60333333333334,,,67.0,69.0,85.0,55.0,56.75,0.0
2210,2025-02-20 10:30:00,64.98333333333333,2.119999999999997,0.0,19.5,106.24666666666668,63.57,0.0,73.99,100.0,74.0,0.0,70.0,0.0,71.50333333333333,,,67.0,69.0,85.0,55.0,56.35000000000001,0.0
2211,2025-02-20 10:45:00,64.98333333333333,0.0,0.0,19.5,106.57333333333334,63.57,0.0,73.99,100.0,74.0,0.0,70.0,0.0,71.49666666666667,,,67.0,69.0,85.0,55.0,56.88000000000001,0.0
2212,2025-02-20 11:00:00,62.86333333333334,-2.119999999999997,0.0,20.33333333333333,105.87666666666668,63.57,0.0,73.99,100.0,74.0,0.0,70.0,0.0,71.50333333333333,,,67.0,69.0,85.0,55.0,56.52,0.0
2213,2025-02-20 11:15:00,64.98,-2.119999999999997,0.0,20.5,105.5,63.57,0.0,73.99,100.0,74.0,0.0,70.0,0.0,71.50333333333333,,,67.0,69.0,85.0,55.0,55.84,0.0
2214,2025-02-20 11:30:00,65.69,2.119999999999997,0.0,20.0,104.89,63.57,0.0,73.99,100.0,74.0,0.0,70.0,0.0,71.47333333333334,,,67.0,69.0,85.0,55.0,55.55,0.0
2215,2025-02-20 11:45:00,65.68666666666667,4.229999999999997,0.0,20.166666666666668,105.06,63.57,0.0,73.99,100.0,74.0,0.0,70.0,0.0,71.42333333333333,,,67.0,69.0,85.0,55.0,55.66,0.0
2216,2025-02-20 12:00:00,66.39,4.229999999999997,0.0,19.666666666666668,105.07666666666668,63.57,0.0,73.99,100.0,74.0,0.0,70.0,0.0,71.38,,,67.0,69.0,85.0,55.0,56.09,0.0
2217,2025-02-20 12:15:00,64.27666666666666,2.119999999999997,0.0,19.33333333333333,105.28333333333336,63.57,0.0,73.99,100.0,74.0,0.0,70.0,0.0,71.38,,,67.0,69.0,85.0,55.0,55.71000000000001,0.0
2218,2025-02-20 12:30:00,65.68666666666667,4.229999999999997,0.0,19.666666666666668,105.14,63.57,0.0,73.99,100.0,74.0,0.0,70.0,0.0,71.37666666666667,,,67.0,69.0,85.0,55.0,56.06,0.0
2219,2025-02-20 12:45:00,64.27333333333333,0.0,0.0,20.0,105.06,63.57,0.0,73.99,100.0,74.0,0.0,70.0,0.0,71.36666666666666,,,67.0,69.0,85.0,55.0,56.43,0.0
2220,2025-02-20 13:00:00,65.69,2.119999999999997,0.0,19.666666666666668,105.15333333333336,63.57,0.0,73.99,100.0,74.0,0.0,70.0,0.0,71.25333333333333,,,67.0,69.0,85.0,55.0,56.43000000000001,0.0
2221,2025-02-20 13:15:00,65.69,2.119999999999997,0.0,19.166666666666668,105.15666666666668,63.57,0.0,73.99,100.0,74.0,0.0,70.0,0.0,71.17666666666666,,,67.0,69.0,85.0,55.0,56.82999999999999,0.0
2222,2025-02-20 13:30:00,64.27666666666666,0.0,0.0,19.0,105.00333333333332,63.57,0.0,73.99,100.0,74.0,0.0,70.0,0.0,71.06666666666666,,,67.0,69.0,85.0,55.0,56.71,0.0
2223,2025-02-20 13:45:00,63.57,0.0,0.0,19.0,104.60333333333334,63.57,0.0,73.99,100.0,74.0,0.0,70.0,0.0,71.04666666666667,,,67.0,69.0,85.0,55.0,56.28,0.0
2224,2025-02-20 14:00:00,64.27666666666666,2.119999999999997,0.0,19.166666666666668,105.20333333333332,63.57,0.0,73.99,100.0,74.0,0.0,70.0,0.0,71.07333333333334,,,67.0,69.0,85.0,55.0,56.290000000000006,0.0
2225,2025-02-20 14:15:00,63.57,0.0,0.0,19.0,104.86,63.57,0.0,73.99,100.0,74.0,0.0,70.0,0.0,71.42999999999999,,,67.0,69.0,85.0,55.0,56.56,0.0
2226,2025-02-20 14:30:00,66.39333333333333,2.119999999999997,0.0,19.166666666666668,104.89,63.57,0.0,73.99,100.0,74.0,0.0,70.0,0.0,72.02,,,67.0,69.0,85.0,55.0,56.05,0.0
2227,2025-02-20 14:45:00,64.98,0.0,0.0,19.83333333333333,104.74666666666668,63.57,0.0,73.99,100.0,74.0,0.0,70.0,0.0,71.87,,,67.0,69.0,85.0,55.0,55.68999999999999,0.0
2228,2025-02-20 15:00:00,64.98333333333333,0.0,0.0,20.666666666666668,104.79333333333334,63.57,0.0,73.99,100.0,74.0,0.0,70.0,0.0,71.97333333333333,,,67.0,69.0,85.0,55.0,55.66,0.0
2229,2025-02-20 15:15:00,64.98333333333333,0.0,0.0,21.0,105.61666666666667,63.57,0.0,73.99,100.0,74.0,0.0,70.0,0.0,72.17666666666666,,,67.0,69.0,85.0,55.0,55.94,0.0
2230,2025-02-20 15:30:00,65.69,2.119999999999997,0.0,20.166666666666668,105.46333333333332,63.57,0.0,73.99,100.0,74.0,0.0,70.0,0.0,72.21,,,67.0,69.0,85.0,55.0,56.41,0.0
2231,2025-02-20 15:45:00,62.156666666666666,-2.119999999999997,0.0,19.5,105.43,63.57,0.0,73.99,100.0,74.0,0.0,70.0,0.0,72.16333333333334,,,67.0,69.0,85.0,55.0,56.23,0.0
2232,2025-02-20 16:00:00,63.57,-2.119999999999997,0.0,20.166666666666668,105.44666666666666,63.57,0.0,73.99,100.0,74.0,0.0,70.0,0.0,72.51666666666667,,,67.0,69.0,85.0,55.0,56.39999999999999,0.0
2233,2025-02-20 16:15:00,64.27666666666666,0.0,0.0,20.666666666666668,106.35666666666668,63.57,0.0,73.99,100.0,74.0,0.0,70.0,0.0,73.27666666666666,,,67.0,69.0,85.0,55.0,55.760000000000005,0.0
2234,2025-02-20 16:30:00,64.27333333333333,4.229999999999997,0.0,20.5,106.38333333333333,63.57,0.0,73.99,100.0,74.0,0.0,70.0,0.0,72.95666666666666,,,67.0,69.0,85.0,55.0,55.67999999999999,0.0
2235,2025-02-20 16:45:00,64.27666666666666,2.119999999999997,0.0,19.666666666666668,106.67,63.57,0.0,73.99,100.0,74.0,0.0,70.0,0.0,72.64666666666666,,,67.0,69.0,85.0,55.0,54.96,0.0
2236,2025-02-20 17:00:00,66.39333333333333,4.229999999999997,0.0,19.5,107.1,63.57,0.0,73.99,100.0,74.0,0.0,70.0,0.0,72.56666666666666,,,67.0,69.0,85.0,55.0,55.63,0.0
2237,2025-02-20 17:15:00,64.27666666666666,2.119999999999997,0.0,20.0,107.29,63.57,0.0,73.99,100.0,74.0,0.0,70.0,0.0,72.56333333333333,,,67.0,69.0,85.0,55.0,55.56,0.0
2238,2025-02-20 17:30:00,64.98333333333333,2.119999999999997,0.0,20.83333333333333,107.41,63.57,0.0,73.99,100.0,74.0,0.0,70.0,0.0,73.01333333333334,,,67.0,69.0,85.0,55.0,56.17999999999999,0.0
2239,2025-02-20 17:45:00,64.98333333333333,2.119999999999997,0.0,21.666666666666668,108.35,63.57,0.0,73.99,99.14666666666666,74.0,0.0,70.0,0.0,73.88333333333334,,,67.0,69.0,85.0,55.0,55.56999999999999,0.0
2240,2025-02-20 18:00:00,65.69,2.119999999999997,0.0,20.83333333333333,108.12333333333332,63.57,0.0,73.99,98.46,74.0,0.0,70.0,0.0,73.98333333333333,,,67.0,69.0,85.0,55.0,55.95,0.0
2241,2025-02-20 18:15:00,67.10000000000001,6.350000000000001,0.0,20.0,108.07333333333334,63.57,0.0,73.99,100.0,74.0,0.0,70.0,0.0,73.61333333333333,,,67.0,69.0,85.0,55.0,55.01,0.0
2242,2025-02-20 18:30:00,63.57,0.0,0.0,19.83333333333333,108.55,63.57,0.0,73.99,100.0,74.0,0.0,70.0,0.0,73.27999999999999,,,67.0,69.0,85.0,55.0,55.14999999999999,0.0
2243,2025-02-20 18:45:00,66.39,4.229999999999997,0.0,20.666666666666668,108.56,63.57,0.0,73.99,100.0,74.0,0.0,70.0,0.0,73.24,,,67.0,69.0,85.0,55.0,55.56,0.0
2244,2025-02-20 19:00:00,63.57,2.119999999999997,0.0,19.5,108.61333333333334,63.57,0.0,73.99,100.0,74.0,0.0,70.0,0.0,73.39666666666666,,,67.0,69.0,85.0,55.0,54.34,0.0
2245,2025-02-20 19:15:00,63.57,-2.119999999999997,0.0,20.5,108.62333333333332,63.57,0.0,73.99,100.0,74.0,0.0,70.0,0.0,73.53,,,67.0,69.0,85.0,55.0,55.41,0.0
2246,2025-02-20 19:30:00,63.57,2.119999999999997,0.0,20.666666666666668,108.29666666666668,63.57,0.0,73.99,100.0,74.0,0.0,70.0,0.0,73.53,,,67.0,69.0,85.0,55.0,54.59,0.0
2247,2025-02-20 19:45:00,64.98333333333333,2.119999999999997,0.0,20.83333333333333,108.96999999999998,63.57,0.0,73.99,100.0,74.0,0.0,70.0,0.0,73.47333333333334,,,67.0,69.0,85.0,55.0,55.50000000000001,0.0
2248,2025-02-20 20:00:00,64.27666666666666,-2.119999999999997,0.0,19.5,108.89666666666666,63.57,0.0,73.99,100.0,74.0,0.0,70.0,0.0,73.37,,,67.0,69.0,85.0,55.0,55.13999999999999,0.0
2249,2025-02-20 20:15:00,65.68666666666667,4.229999999999997,0.0,19.0,108.29666666666668,63.57,0.0,73.99,96.37333333333332,74.0,0.0,70.0,0.0,74.03666666666668,,,67.0,69.0,85.0,55.0,54.2,0.0
2250,2025-02-20 20:30:00,65.68666666666667,4.229999999999997,0.0,18.33333333333333,102.86,63.57,0.0,73.99,78.10000000000001,74.0,0.0,70.0,0.0,74.86,,,67.0,69.0,85.0,55.0,52.23,0.0
2251,2025-02-20 20:45:00,64.98,-2.119999999999997,0.0,18.83333333333333,92.53333333333336,63.57,0.0,73.99,60.95333333333334,74.0,0.0,70.0,0.0,75.33,,,67.0,69.0,85.0,55.0,42.440000000000005,0.0
2252,2025-02-20 21:00:00,63.57,0.0,0.0,17.666666666666668,93.37,63.57,0.0,73.99,65.39,74.0,0.0,70.0,0.0,74.69666666666667,,,67.0,69.0,85.0,55.0,35.419999999999995,0.0
2253,2025-02-20 21:15:00,63.57,-2.119999999999997,0.0,18.0,96.17333333333332,63.57,0.0,73.99,68.24666666666667,74.0,0.0,70.0,0.0,74.34666666666668,,,67.0,69.0,85.0,55.0,41.64,0.0
2254,2025-02-20 21:30:00,62.86333333333334,0.0,0.0,17.0,97.03333333333336,63.57,0.0,73.99,70.19666666666666,74.0,0.0,70.0,0.0,74.15666666666667,,,67.0,69.0,85.0,55.0,41.48,0.0
2255,2025-02-20 21:45:00,64.98,0.0,0.0,16.666666666666668,97.76,63.57,0.0,73.99,72.06333333333333,74.0,0.0,70.0,0.0,74.03666666666668,,,67.0,69.0,85.0,55.0,42.42,0.0
2256,2025-02-20 22:00:00,63.57,0.0,0.0,16.5,98.07333333333334,63.57,0.0,73.99,71.99,74.0,0.0,70.0,0.0,74.01666666666667,,,67.0,69.0,85.0,55.0,43.14,0.0
2257,2025-02-20 22:15:00,65.68666666666667,4.229999999999997,0.0,16.166666666666668,96.31,63.57,0.0,73.99,70.00666666666667,74.0,0.0,70.0,0.0,74.11333333333333,,,67.0,69.0,85.0,55.0,42.220000000000006,0.0
2258,2025-02-20 22:30:00,64.27666666666666,2.119999999999997,0.0,16.5,98.7,63.57,0.0,73.99,76.55333333333333,74.0,0.0,70.0,0.0,73.78,,,67.0,69.0,85.0,55.0,41.970000000000006,0.0
2259,2025-02-20 22:45:00,63.57,0.0,0.0,17.5,102.85666666666668,63.57,0.0,73.99,86.08999999999999,74.0,0.0,70.0,0.0,73.45333333333333,,,67.0,69.0,85.0,55.0,47.24999999999999,0.0
2260,2025-02-20 23:00:00,64.27666666666666,2.119999999999997,0.0,18.0,105.71,63.57,0.0,73.99,95.84666666666668,74.0,0.0,70.0,0.0,73.22,,,67.0,69.0,85.0,55.0,51.03,0.0
2261,2025-02-20 23:15:00,66.39333333333333,2.119999999999997,0.0,18.5,106.27,63.57,0.0,73.99,100.0,74.0,0.0,70.0,0.0,73.04,,,67.0,69.0,85.0,55.0,52.940000000000005,0.0
2262,2025-02-20 23:30:00,64.98333333333333,2.119999999999997,0.0,19.166666666666668,106.06333333333332,63.57,0.0,73.99,100.0,74.0,0.0,70.0,0.0,72.83,,,67.0,69.0,85.0,55.0,52.99,0.0
2263,2025-02-20 23:45:00,64.27666666666666,-2.119999999999997,0.0,19.5,106.69666666666666,63.57,0.0,73.99,100.0,74.0,0.0,70.0,0.0,72.59666666666668,,,67.0,69.0,85.0,55.0,54.01,0.0
2264,2025-02-21 00:00:00,62.510000000000005,0.0,0.0,20.25,106.62,63.57,0.0,73.99,100.0,74.0,0.0,70.0,0.0,72.39500000000001,,,67.0,69.0,85.0,55.0,53.77,0.0
2265,2025-02-21 00:15:00,65.69,2.119999999999997,0.0,19.83333333333333,106.96,63.57,0.0,73.99,100.0,74.0,0.0,70.0,0.0,72.12333333333333,,,67.0,69.0,85.0,55.0,54.580000000000005,0.0
2266,2025-02-21 00:30:00,64.27666666666666,2.119999999999997,0.0,19.5,106.41333333333334,63.57,0.0,73.99,100.0,74.0,0.0,70.0,0.0,71.95666666666666,,,67.0,69.0,85.0,55.0,54.67,0.0
2267,2025-02-21 00:45:00,66.39333333333333,2.119999999999997,0.0,19.5,106.3,63.57,0.0,73.99,100.0,74.0,0.0,70.0,0.0,71.81333333333333,,,67.0,69.0,85.0,55.0,54.64,0.0
2268,2025-02-21 01:00:00,64.98,0.0,0.0,19.166666666666668,106.29666666666668,63.57,0.0,73.99,100.0,74.0,0.0,70.0,0.0,71.82333333333334,,,67.0,69.0,85.0,55.0,54.720000000000006,0.0
2269,2025-02-21 01:15:00,64.27666666666666,0.0,0.0,19.83333333333333,106.29333333333334,63.57,0.0,73.99,100.0,74.0,0.0,70.0,0.0,71.93333333333334,,,67.0,69.0,85.0,55.0,55.3,0.0
2270,2025-02-21 01:30:00,64.27666666666666,2.119999999999997,0.0,19.33333333333333,106.37666666666668,63.57,0.0,73.99,100.0,74.0,0.0,70.0,0.0,71.91000000000001,,,67.0,69.0,85.0,55.0,54.93,0.0
2271,2025-02-21 01:45:00,62.86333333333334,0.0,0.0,19.5,106.25666666666666,63.57,0.0,73.99,100.0,74.0,0.0,70.0,0.0,71.92,,,67.0,69.0,85.0,55.0,55.03000000000001,0.0
2272,2025-02-21 02:00:00,63.57,2.119999999999997,0.0,19.83333333333333,106.58,63.57,0.0,73.99,100.0,74.0,0.0,70.0,0.0,71.92,,,67.0,69.0,85.0,55.0,55.10000000000001,0.0
2273,2025-02-21 02:15:00,65.69,2.119999999999997,0.0,20.5,106.54666666666668,63.57,0.0,73.99,100.0,74.0,0.0,70.0,0.0,71.91666666666667,,,67.0,69.0,85.0,55.0,55.36,0.0
2274,2025-02-21 02:30:00,65.68666666666667,0.0,0.0,20.33333333333333,106.46,63.57,0.0,73.99,100.0,74.0,0.0,70.0,0.0,71.85333333333334,,,67.0,69.0,85.0,55.0,55.69,0.0
2275,2025-02-21 02:45:00,65.68666666666667,4.229999999999997,0.0,19.83333333333333,106.22666666666667,63.57,0.0,73.99,100.0,74.0,0.0,70.0,0.0,71.80666666666666,,,67.0,69.0,85.0,55.0,55.15,0.0
2276,2025-02-21 03:00:00,65.68666666666667,4.229999999999997,0.0,19.166666666666668,106.39,63.57,0.0,73.99,100.0,74.0,0.0,70.0,0.0,71.8,,,67.0,69.0,85.0,55.0,55.07,0.0
2277,2025-02-21 03:15:00,64.27666666666666,2.119999999999997,0.0,19.0,106.67333333333332,63.57,0.0,73.99,100.0,74.0,0.0,70.0,0.0,71.8,,,67.0,69.0,85.0,55.0,55.72,0.0
2278,2025-02-21 03:30:00,64.98333333333333,2.119999999999997,0.0,19.5,106.77666666666666,63.57,0.0,73.99,100.0,74.0,0.0,70.0,0.0,71.91000000000001,,,67.0,69.0,85.0,55.0,56.28999999999999,0.0
2279,2025-02-21 03:45:00,64.98333333333333,0.0,0.0,19.666666666666668,106.18333333333334,63.57,0.0,73.99,100.0,74.0,0.0,70.0,0.0,71.96,,,67.0,69.0,85.0,55.0,55.93000000000001,0.0
2280,2025-02-21 04:00:00,64.27666666666666,0.0,0.0,19.166666666666668,106.41,63.57,0.0,73.99,100.0,74.0,0.0,70.0,0.0,71.94,,,67.0,69.0,85.0,55.0,55.61000000000001,0.0
2281,2025-02-21 04:15:00,64.27666666666666,2.119999999999997,0.0,20.0,106.44666666666669,63.57,0.0,73.99,100.0,74.0,0.0,70.0,0.0,71.91666666666667,,,67.0,69.0,85.0,55.0,55.98,0.0
2282,2025-02-21 04:30:00,63.57,2.119999999999997,0.0,19.33333333333333,106.13,63.57,0.0,73.99,100.0,74.0,0.0,70.0,0.0,71.93333333333334,,,67.0,69.0,85.0,55.0,55.39,0.0
2283,2025-02-21 04:45:00,66.39333333333333,4.229999999999997,0.0,19.0,106.45333333333332,63.57,0.0,73.99,100.0,74.0,0.0,70.0,0.0,71.92,,,67.0,69.0,85.0,55.0,56.07,0.0
2284,2025-02-21 05:00:00,64.27666666666666,2.119999999999997,0.0,19.0,106.33,63.57,0.0,73.99,100.0,74.0,0.0,70.0,0.0,71.90666666666667,,,67.0,69.0,85.0,55.0,55.91,0.0
2285,2025-02-21 05:15:00,63.56999999999999,0.0,0.0,19.666666666666668,106.31666666666666,63.57,0.0,73.99,100.0,74.0,0.0,70.0,0.0,71.87,,,67.0,69.0,85.0,55.0,55.99,0.0
2286,2025-02-21 05:30:00,64.27666666666666,0.0,0.0,20.166666666666668,106.32,63.57,0.0,73.99,100.0,74.0,0.0,70.0,0.0,71.90333333333332,,,67.0,69.0,85.0,55.0,55.92,0.0
2287,2025-02-21 05:45:00,64.98,4.229999999999997,0.0,20.0,106.14333333333332,63.57,0.0,73.99,100.0,74.0,0.0,70.0,0.0,71.86,,,67.0,69.0,85.0,55.0,55.86000000000001,0.0
2288,2025-02-21 06:00:00,64.27666666666666,0.0,0.0,20.33333333333333,106.17666666666666,63.57,0.0,73.99,100.0,74.0,0.0,70.0,0.0,71.80666666666666,,,67.0,69.0,85.0,55.0,56.01,0.0
2289,2025-02-21 06:15:00,64.98,0.0,0.0,19.33333333333333,105.92,63.57,0.0,73.99,100.0,74.0,0.0,70.0,0.0,71.8,,,67.0,69.0,85.0,55.0,55.95,0.0
2290,2025-02-21 06:30:00,62.86333333333334,0.0,0.0,19.5,106.37,63.57,0.0,73.99,100.0,74.0,0.0,70.0,0.0,71.80666666666666,,,67.0,69.0,85.0,55.0,56.2,0.0
2291,2025-02-21 06:45:00,64.98,4.229999999999997,0.0,20.666666666666668,106.46,63.57,0.0,73.99,100.0,74.0,0.0,70.0,0.0,71.80666666666666,,,67.0,69.0,85.0,55.0,56.46,0.0
2292,2025-02-21 07:00:00,62.86333333333334,0.0,0.0,21.166666666666668,106.90333333333332,63.57,0.0,73.99,100.0,74.0,0.0,70.0,0.0,71.83,,,67.0,69.0,85.0,55.0,57.21,0.0
2293,2025-02-21 07:15:00,64.98333333333333,0.0,0.0,19.83333333333333,106.5,63.57,0.0,73.99,100.0,74.0,0.0,70.0,0.0,71.91000000000001,,,67.0,69.0,85.0,55.0,56.68000000000001,0.0
2294,2025-02-21 07:30:00,65.68666666666667,4.229999999999997,0.0,19.33333333333333,106.09333333333332,63.57,0.0,73.99,100.0,74.0,0.0,70.0,0.0,71.92333333333333,,,67.0,69.0,85.0,55.0,56.49,0.0
2295,2025-02-21 07:45:00,66.39,4.229999999999997,0.0,19.0,106.02,63.57,0.0,73.99,100.0,74.0,0.0,70.0,0.0,71.91666666666667,,,67.0,69.0,85.0,55.0,56.13,0.0
2296,2025-02-21 08:00:00,64.98333333333333,2.119999999999997,0.0,19.0,106.44333333333334,63.57,0.0,73.99,100.0,74.0,0.0,70.0,0.0,71.91333333333334,,,67.0,69.0,85.0,55.0,56.75000000000001,0.0
2297,2025-02-21 08:15:00,63.57,0.0,0.0,19.5,105.96333333333332,63.57,0.0,73.99,100.0,74.0,0.0,70.0,0.0,71.92,,,67.0,69.0,85.0,55.0,56.46,0.0
2298,2025-02-21 08:30:00,64.98333333333333,2.119999999999997,0.0,19.0,105.92666666666666,63.57,0.0,73.99,100.0,74.0,0.0,70.0,0.0,71.91333333333334,,,67.0,69.0,85.0,55.0,56.27,0.0
2299,2025-02-21 08:45:00,63.57,0.0,0.0,20.166666666666668,105.94333333333334,63.57,0.0,73.99,100.0,74.0,0.0,70.0,0.0,71.91666666666667,,,67.0,69.0,85.0,55.0,56.43,0.0
2300,2025-02-21 09:00:00,64.98333333333333,2.119999999999997,0.0,19.5,105.69,63.57,0.0,73.99,100.0,74.0,0.0,70.0,0.0,71.92,,,67.0,69.0,85.0,55.0,55.98,0.0
2301,2025-02-21 09:15:00,63.57,-2.119999999999997,0.0,19.666666666666668,105.86333333333334,63.57,0.0,73.99,100.0,74.0,0.0,70.0,0.0,71.92666666666666,,,67.0,69.0,85.0,55.0,56.67,0.0
2302,2025-02-21 09:30:00,65.68666666666667,0.0,0.0,18.83333333333333,105.48333333333332,63.57,0.0,73.99,100.0,74.0,0.0,70.0,0.0,71.92,,,67.0,69.0,85.0,55.0,56.05,0.0
2303,2025-02-21 09:45:00,63.57,0.0,0.0,19.0,105.37333333333332,63.57,0.0,73.99,100.0,74.0,0.0,70.0,0.0,71.91666666666667,,,67.0,69.0,85.0,55.0,56.06,0.0
2304,2025-02-21 10:00:00,63.57,-2.119999999999997,0.0,19.33333333333333,105.23,63.57,0.0,73.99,100.0,74.0,0.0,70.0,0.0,71.90333333333332,,,67.0,69.0,85.0,55.0,55.88,0.0
2305,2025-02-21 10:15:00,63.57,0.0,0.0,19.83333333333333,105.20666666666666,63.57,0.0,73.99,100.0,74.0,0.0,70.0,0.0,71.87,,,67.0,69.0,85.0,55.0,55.89,0.0
2306,2025-02-21 10:30:00,66.39333333333333,4.229999999999997,0.0,19.666666666666668,104.63666666666666,63.57,0.0,73.99,100.0,74.0,0.0,70.0,0.0,71.82333333333332,,,67.0,69.0,85.0,55.0,55.330000000000005,0.0
2307,2025-02-21 10:45:00,64.98333333333333,2.119999999999997,0.0,18.666666666666668,105.3,63.57,0.0,73.99,100.0,74.0,0.0,70.0,0.0,71.8,,,67.0,69.0,85.0,55.0,56.02,0.0
2308,2025-02-21 11:00:00,63.57,-2.119999999999997,0.0,18.5,105.32666666666668,63.57,0.0,73.99,100.0,74.0,0.0,70.0,0.0,71.70666666666666,,,67.0,69.0,85.0,55.0,56.48,0.0
2309,2025-02-21 11:15:00,62.156666666666666,-2.119999999999997,0.0,19.5,105.12333333333332,63.57,0.0,73.99,100.0,74.0,0.0,70.0,0.0,71.65666666666668,,,67.0,69.0,85.0,55.0,55.85,0.0
2310,2025-02-21 11:30:00,64.27666666666666,0.0,0.0,20.0,104.85,63.57,0.0,73.99,100.0,74.0,0.0,70.0,0.0,71.65,,,67.0,69.0,85.0,55.0,55.9,0.0
2311,2025-02-21 11:45:00,64.27666666666666,0.0,0.0,19.33333333333333,105.03333333333336,63.57,0.0,73.99,100.0,74.0,0.0,70.0,0.0,71.64666666666666,,,67.0,69.0,85.0,55.0,55.72,0.0
2312,2025-02-21 12:00:00,63.57,0.0,0.0,19.33333333333333,105.16333333333334,63.57,0.0,73.99,100.0,74.0,0.0,70.0,0.0,71.64333333333333,,,67.0,69.0,85.0,55.0,56.19,0.0
2313,2025-02-21 12:15:00,64.98333333333333,2.119999999999997,0.0,19.0,105.02,63.57,0.0,73.99,100.0,74.0,0.0,70.0,0.0,71.64333333333333,,,67.0,69.0,85.0,55.0,55.91,0.0
2314,2025-02-21 12:30:00,64.27666666666666,0.0,0.0,19.0,105.21333333333332,63.57,0.0,73.99,100.0,74.0,0.0,70.0,0.0,71.64,,,67.0,69.0,85.0,55.0,56.05,0.0
2315,2025-02-21 12:45:00,64.98333333333333,2.119999999999997,0.0,19.166666666666668,105.74666666666668,63.57,0.0,73.99,100.0,74.0,0.0,70.0,0.0,71.64333333333333,,,67.0,69.0,85.0,55.0,56.04,0.0
2316,2025-02-21 13:00:00,64.27666666666666,0.0,0.0,20.166666666666668,105.89,63.57,0.0,73.99,100.0,74.0,0.0,70.0,0.0,71.57666666666667,,,67.0,69.0,85.0,55.0,56.59,0.0
2317,2025-02-21 13:15:00,64.27333333333333,0.0,0.0,20.33333333333333,106.16666666666669,63.57,0.0,73.99,100.0,74.0,0.0,70.0,0.0,71.52333333333333,,,67.0,69.0,85.0,55.0,56.07,0.0
2318,2025-02-21 13:30:00,63.57,2.119999999999997,0.0,20.0,106.23333333333336,63.57,0.0,73.99,100.0,74.0,0.0,70.0,0.0,71.58333333333333,,,67.0,69.0,85.0,55.0,56.06000000000001,0.0
2319,2025-02-21 13:45:00,66.39,0.0,0.0,19.666666666666668,106.61,63.57,0.0,73.99,100.0,74.0,0.0,70.0,0.0,71.62666666666667,,,67.0,69.0,85.0,55.0,55.940000000000005,0.0
2320,2025-02-21 14:00:00,63.57,0.0,0.0,20.0,106.64666666666666,63.57,0.0,73.99,100.0,74.0,0.0,70.0,0.0,71.66333333333334,,,67.0,69.0,85.0,55.0,56.09,0.0
2321,2025-02-21 14:15:00,64.98333333333333,2.119999999999997,0.0,20.5,106.84666666666664,63.57,0.0,73.99,100.0,74.0,0.0,70.0,0.0,71.77999999999999,,,67.0,69.0,85.0,55.0,55.46,0.0
2322,2025-02-21 14:30:00,63.57,0.0,0.0,20.83333333333333,107.25,63.57,0.0,73.99,100.0,74.0,0.0,70.0,0.0,71.91666666666667,,,67.0,69.0,85.0,55.0,55.38999999999999,0.0
2323,2025-02-21 14:45:00,65.69,2.119999999999997,0.0,20.0,107.43,63.57,0.0,73.99,100.0,74.0,0.0,70.0,0.0,72.12333333333333,,,67.0,69.0,85.0,55.0,55.71,0.0
2324,2025-02-21 15:00:00,62.86333333333334,0.0,0.0,19.83333333333333,107.51666666666668,63.57,0.0,73.99,100.0,74.0,0.0,70.0,0.0,72.37333333333333,,,67.0,69.0,85.0,55.0,55.02,0.0
2325,2025-02-21 15:15:00,66.39333333333333,2.119999999999997,0.0,19.0,107.58,63.57,0.0,73.99,100.0,74.0,0.0,70.0,0.0,72.62666666666667,,,67.0,69.0,85.0,55.0,55.03,0.0
2326,2025-02-21 15:30:00,62.86333333333334,0.0,0.0,18.33333333333333,107.86,63.57,0.0,73.99,100.0,74.0,0.0,70.0,0.0,72.65333333333332,,,67.0,69.0,85.0,55.0,54.36000000000001,0.0
2327,2025-02-21 15:45:00,64.27666666666666,2.119999999999997,0.0,19.0,107.82,63.57,0.0,73.99,100.0,74.0,0.0,70.0,0.0,72.62666666666667,,,67.0,69.0,85.0,55.0,54.41,0.0
2328,2025-02-21 16:00:00,63.57,2.119999999999997,0.0,19.33333333333333,108.08,63.57,0.0,73.99,100.0,74.0,0.0,70.0,0.0,72.64,,,67.0,69.0,85.0,55.0,53.92999999999999,0.0
2329,2025-02-21 16:15:00,64.98333333333333,0.0,0.0,19.5,108.30333333333334,63.57,0.0,73.99,100.0,74.0,0.0,70.0,0.0,72.71666666666667,,,67.0,69.0,85.0,55.0,53.620000000000005,0.0
2330,2025-02-21 16:30:00,65.68666666666667,2.119999999999997,0.0,19.83333333333333,108.52,63.57,0.0,73.99,100.0,74.0,0.0,70.0,0.0,72.78333333333335,,,67.0,69.0,85.0,55.0,53.63,0.0
2331,2025-02-21 16:45:00,63.57,0.0,0.0,20.0,109.17666666666666,63.57,0.0,73.99,100.0,74.0,0.0,70.0,0.0,72.79666666666667,,,67.0,69.0,85.0,55.0,53.94,0.0
2332,2025-02-21 17:00:00,64.27666666666666,2.119999999999997,0.0,20.166666666666668,109.22333333333334,63.57,0.0,73.99,100.0,74.0,0.0,70.0,0.0,72.88333333333334,,,67.0,69.0,85.0,55.0,54.01,0.0
2333,2025-02-21 17:15:00,66.39333333333333,2.119999999999997,0.0,20.5,109.73,63.57,0.0,73.99,100.0,74.0,0.0,70.0,0.0,72.99333333333334,,,67.0,69.0,85.0,55.0,53.73,0.0
2334,2025-02-21 17:30:00,63.57,0.0,0.0,20.0,110.07,63.57,0.0,73.99,100.0,74.0,0.0,70.0,0.0,73.19666666666667,,,67.0,69.0,85.0,55.0,53.62,0.0
2335,2025-02-21 17:45:00,64.98333333333333,2.119999999999997,0.0,19.83333333333333,110.11333333333334,63.57,0.0,73.99,100.0,74.0,0.0,70.0,0.0,73.40666666666667,,,67.0,69.0,85.0,55.0,53.36000000000001,0.0
2336,2025-02-21 18:00:00,65.69,2.119999999999997,0.0,19.5,110.35333333333334,63.57,0.0,73.99,100.0,74.0,0.0,70.0,0.0,73.57333333333334,,,67.0,69.0,85.0,55.0,53.27,0.0
2337,2025-02-21 18:15:00,64.98333333333333,2.119999999999997,0.0,20.33333333333333,110.45,63.57,0.0,73.99,100.0,74.0,0.0,70.0,0.0,73.58,,,67.0,69.0,85.0,55.0,53.48,0.0
2338,2025-02-21 18:30:00,64.27333333333333,0.0,0.0,20.0,110.36333333333334,63.57,0.0,73.99,100.0,74.0,0.0,70.0,0.0,73.52333333333333,,,67.0,69.0,85.0,55.0,53.39,0.0
2339,2025-02-21 18:45:00,62.156666666666666,-2.119999999999997,0.0,19.0,110.3,63.57,0.0,73.99,100.0,74.0,0.0,70.0,0.0,73.53333333333335,,,67.0,69.0,85.0,55.0,53.02,0.0
2340,2025-02-21 19:00:00,64.98333333333333,0.0,0.0,18.5,110.21,63.57,0.0,73.99,100.0,74.0,0.0,70.0,0.0,73.64,,,67.0,69.0,85.0,55.0,52.36000000000001,0.0
2341,2025-02-21 19:15:00,65.69,2.119999999999997,0.0,18.166666666666668,109.79333333333334,63.57,0.0,73.99,100.0,74.0,0.0,70.0,0.0,73.64333333333333,,,67.0,69.0,85.0,55.0,52.2,0.0
2342,2025-02-21 19:30:00,64.27666666666666,0.0,0.0,17.5,109.64,63.57,0.0,73.99,100.0,74.0,0.0,70.0,0.0,73.62666666666667,,,67.0,69.0,85.0,55.0,51.72,0.0
2343,2025-02-21 19:45:00,63.57,-2.119999999999997,0.0,17.5,109.46666666666664,63.57,0.0,73.99,100.0,74.0,0.0,70.0,0.0,73.65666666666667,,,67.0,69.0,85.0,55.0,51.75999999999999,0.0
2344,2025-02-21 20:00:00,63.57,2.119999999999997,0.0,16.666666666666668,109.37333333333332,63.57,0.0,73.99,100.0,74.0,0.0,70.0,0.0,73.76,,,67.0,69.0,85.0,55.0,51.52,0.0
2345,2025-02-21 20:15:00,64.98333333333333,0.0,0.0,15.833333333333334,109.20333333333332,63.57,0.0,73.99,100.0,74.0,0.0,70.0,0.0,73.91666666666667,,,67.0,69.0,85.0,55.0,50.720000000000006,0.0
2346,2025-02-21 20:30:00,63.57,0.0,0.0,15.666666666666666,108.86666666666667,63.57,0.0,73.99,98.93333333333332,74.0,0.0,70.0,0.0,74.04,,,67.0,69.0,85.0,55.0,50.32,0.0
2347,2025-02-21 20:45:00,64.98333333333333,2.119999999999997,0.0,15.5,108.82333333333334,63.57,0.0,73.99,97.11666666666667,74.0,0.0,70.0,0.0,74.10000000000001,,,67.0,69.0,85.0,55.0,50.09,0.0
2348,2025-02-21 21:00:00,64.27666666666666,2.119999999999997,0.0,15.5,108.91,63.57,0.0,73.99,95.77333333333333,74.0,0.0,70.0,0.0,74.12,,,67.0,69.0,85.0,55.0,49.67000000000001,0.0
2349,2025-02-21 21:15:00,64.27666666666666,0.0,0.0,15.5,108.51,63.57,0.0,73.99,94.86333333333334,74.0,0.0,70.0,0.0,74.12,,,67.0,69.0,85.0,55.0,49.49,0.0
2350,2025-02-21 21:30:00,66.39333333333333,4.229999999999997,0.0,15.0,108.11666666666667,63.57,0.0,73.99,93.34666666666664,74.0,0.0,70.0,0.0,74.13666666666667,,,67.0,69.0,85.0,55.0,49.620000000000005,0.0
2351,2025-02-21 21:45:00,64.98333333333333,2.119999999999997,0.0,15.0,107.66666666666669,63.57,0.0,73.99,92.68666666666668,74.0,0.0,70.0,0.0,74.11333333333333,,,67.0,69.0,85.0,55.0,48.81,0.0
2352,2025-02-21 22:00:00,64.27666666666666,0.0,0.0,14.5,107.70666666666666,63.57,0.0,73.99,96.33666666666666,74.0,0.0,70.0,0.0,73.92,,,67.0,69.0,85.0,55.0,48.21,0.0
2353,2025-02-21 22:15:00,65.69,2.119999999999997,0.0,14.5,107.76666666666668,63.57,0.0,73.99,99.53666666666668,74.0,0.0,70.0,0.0,73.81666666666666,,,67.0,69.0,85.0,55.0,48.88,0.0
2354,2025-02-21 22:30:00,65.68666666666667,2.119999999999997,0.0,14.666666666666666,107.74,63.57,0.0,73.99,100.0,74.0,0.0,70.0,0.0,73.68333333333334,,,67.0,69.0,85.0,55.0,48.97,0.0
2355,2025-02-21 22:45:00,64.98333333333333,2.119999999999997,0.0,14.666666666666666,107.63666666666666,63.57,0.0,73.99,100.0,74.0,0.0,70.0,0.0,73.56,,,67.0,69.0,85.0,55.0,48.81,0.0
2356,2025-02-21 23:00:00,62.156666666666666,-2.119999999999997,0.0,15.666666666666666,107.01666666666668,63.57,0.0,73.99,100.0,74.0,0.0,70.0,0.0,73.50333333333333,,,67.0,69.0,85.0,55.0,48.91,0.0
2357,2025-02-21 23:15:00,64.27666666666666,0.0,0.0,16.0,106.78333333333336,63.57,0.0,73.99,100.0,74.0,0.0,70.0,0.0,73.44666666666667,,,67.0,69.0,85.0,55.0,48.46,0.0
2358,2025-02-21 23:30:00,64.98333333333333,2.119999999999997,0.0,16.833333333333332,107.06666666666666,63.57,0.0,73.99,100.0,74.0,0.0,70.0,0.0,73.26666666666667,,,67.0,69.0,85.0,55.0,49.49999999999999,0.0
2359,2025-02-21 23:45:00,64.98333333333333,2.119999999999997,0.0,17.5,107.15333333333336,63.57,0.0,73.99,100.0,74.0,0.0,70.0,0.0,73.12,,,67.0,69.0,85.0,55.0,49.96000000000001,0.0
2360,2025-02-22 00:00:00,63.57,0.0,0.0,17.5,107.78000000000002,63.57,0.0,73.99,100.0,74.0,0.0,70.0,0.0,73.08666666666666,,,67.0,69.0,85.0,55.0,50.05,0.0
2361,2025-02-22 00:15:00,64.98333333333333,0.0,0.0,18.0,108.24666666666668,63.57,0.0,73.99,100.0,74.0,0.0,70.0,0.0,73.01333333333334,,,67.0,69.0,85.0,55.0,51.48,0.0
2362,2025-02-22 00:30:00,63.57,0.0,0.0,19.166666666666668,108.55333333333331,63.57,0.0,73.99,100.0,74.0,0.0,70.0,0.0,73.02333333333333,,,67.0,69.0,85.0,55.0,51.95,0.0
2363,2025-02-22 00:45:00,64.98,0.0,0.0,19.33333333333333,108.98666666666666,63.57,0.0,73.99,100.0,74.0,0.0,70.0,0.0,73.01666666666667,,,67.0,69.0,85.0,55.0,52.36999999999999,0.0
2364,2025-02-22 01:00:00,64.98333333333333,2.119999999999997,0.0,19.5,109.32333333333334,63.57,0.0,73.99,100.0,74.0,0.0,70.0,0.0,72.95,,,67.0,69.0,85.0,55.0,53.16,0.0
2365,2025-02-22 01:15:00,64.98333333333333,,0.0,19.166666666666668,109.23,63.57,0.0,73.99,100.0,74.0,0.0,70.0,0.0,72.93666666666667,,,67.0,69.0,85.0,55.0,,
2366,2025-02-22 01:30:00,64.98,0.0,0.0,19.5,109.20333333333332,63.57,0.0,73.99,100.0,74.0,0.0,70.0,0.0,72.90333333333334,,,67.0,69.0,85.0,55.0,53.44,0.0
2367,2025-02-22 01:45:00,65.68333333333334,4.229999999999997,0.0,19.5,109.39333333333332,63.57,0.0,73.99,100.0,74.0,0.0,70.0,0.0,72.86666666666666,,,67.0,69.0,85.0,55.0,53.45,0.0
2368,2025-02-22 02:00:00,63.57,0.0,0.0,20.166666666666668,109.73333333333332,63.57,0.0,73.99,100.0,74.0,0.0,70.0,0.0,72.82000000000001,,,67.0,69.0,85.0,55.0,53.99,0.0
2369,2025-02-22 02:15:00,64.27666666666666,0.0,0.0,20.5,109.40666666666668,63.57,0.0,73.99,100.0,74.0,0.0,70.0,0.0,72.77666666666666,,,67.0,69.0,85.0,55.0,53.79,0.0
2370,2025-02-22 02:30:00,64.98333333333333,2.119999999999997,0.0,19.5,109.28000000000002,63.57,0.0,73.99,100.0,74.0,0.0,70.0,0.0,72.72333333333334,,,67.0,69.0,85.0,55.0,53.8,0.0
2371,2025-02-22 02:45:00,63.56999999999999,0.0,0.0,19.0,109.60333333333334,63.57,0.0,73.99,100.0,74.0,0.0,70.0,0.0,72.71666666666667,,,67.0,69.0,85.0,55.0,54.28000000000001,0.0
2372,2025-02-22 03:00:00,66.39,4.229999999999997,0.0,19.83333333333333,109.37,63.57,0.0,73.99,100.0,74.0,0.0,70.0,0.0,72.77,,,67.0,69.0,85.0,55.0,53.91,0.0
2373,2025-02-22 03:15:00,65.69,2.119999999999997,0.0,20.166666666666668,109.37333333333332,63.57,0.0,73.99,100.0,74.0,0.0,70.0,0.0,72.77666666666666,,,67.0,69.0,85.0,55.0,54.31,0.0
2374,2025-02-22 03:30:00,64.98333333333333,2.119999999999997,0.0,19.666666666666668,109.36333333333334,63.57,0.0,73.99,100.0,74.0,0.0,70.0,0.0,72.76333333333334,,,67.0,69.0,85.0,55.0,54.13,0.0
2375,2025-02-22 03:45:00,65.68666666666667,4.229999999999997,0.0,19.83333333333333,109.30333333333334,63.57,0.0,73.99,100.0,74.0,0.0,70.0,0.0,72.71666666666667,,,67.0,69.0,85.0,55.0,54.53,0.0
2376,2025-02-22 04:00:00,62.86333333333334,0.0,0.0,19.166666666666668,109.36666666666667,63.57,0.0,73.99,100.0,74.0,0.0,70.0,0.0,72.69666666666667,,,67.0,69.0,85.0,55.0,54.28,0.0
2377,2025-02-22 04:15:00,64.27666666666666,0.0,0.0,20.83333333333333,109.81,63.57,0.0,73.99,100.0,74.0,0.0,70.0,0.0,72.66666666666667,,,67.0,69.0,85.0,55.0,54.89,0.0
2378,2025-02-22 04:30:00,64.98333333333333,0.0,0.0,20.166666666666668,109.74,63.57,0.0,73.99,100.0,74.0,0.0,70.0,0.0,72.72666666666667,,,67.0,69.0,85.0,55.0,55.46,0.0
2379,2025-02-22 04:45:00,65.69,2.119999999999997,0.0,19.5,109.48666666666668,63.57,0.0,73.99,100.0,74.0,0.0,70.0,0.0,72.79666666666667,,,67.0,69.0,85.0,55.0,55.13,0.0
2380,2025-02-22 05:00:00,64.27666666666666,0.0,0.0,20.33333333333333,109.67666666666666,63.57,0.0,73.99,100.0,74.0,0.0,70.0,0.0,72.79666666666667,,,67.0,69.0,85.0,55.0,55.37,0.0
2381,2025-02-22 05:15:00,64.27666666666666,0.0,0.0,20.83333333333333,109.21666666666664,63.57,0.0,73.99,100.0,74.0,0.0,70.0,0.0,72.80333333333334,,,67.0,69.0,85.0,55.0,55.21,0.0
2382,2025-02-22 05:30:00,65.69,2.119999999999997,0.0,20.5,109.23666666666666,63.57,0.0,73.99,100.0,74.0,0.0,70.0,0.0,72.81,,,67.0,69.0,85.0,55.0,54.9,0.0
2383,2025-02-22 05:45:00,66.39333333333333,4.229999999999997,0.0,19.83333333333333,109.14333333333332,63.57,0.0,73.99,100.0,74.0,0.0,70.0,0.0,72.81,,,67.0,69.0,85.0,55.0,54.81,0.0
2384,2025-02-22 06:00:00,64.27666666666666,0.0,0.0,19.5,109.27666666666666,63.57,0.0,73.99,100.0,74.0,0.0,70.0,0.0,72.80333333333334,,,67.0,69.0,85.0,55.0,55.17,0.0
2385,2025-02-22 06:15:00,64.27666666666666,2.119999999999997,0.0,19.166666666666668,109.10333333333334,63.57,0.0,73.99,100.0,74.0,0.0,70.0,0.0,72.77,,,67.0,69.0,85.0,55.0,54.92,0.0
2386,2025-02-22 06:30:00,64.27666666666666,2.119999999999997,0.0,19.83333333333333,109.04333333333334,63.57,0.0,73.99,100.0,74.0,0.0,70.0,0.0,72.69,,,67.0,69.0,85.0,55.0,55.22,0.0
2387,2025-02-22 06:45:00,64.98333333333333,2.119999999999997,0.0,19.666666666666668,108.92,63.57,0.0,73.99,100.0,74.0,0.0,70.0,0.0,72.64666666666666,,,67.0,69.0,85.0,55.0,55.01,0.0
2388,2025-02-22 07:00:00,64.98333333333333,2.119999999999997,0.0,19.666666666666668,108.85333333333334,63.57,0.0,73.99,100.0,74.0,0.0,70.0,0.0,72.63333333333333,,,67.0,69.0,85.0,55.0,55.120000000000005,0.0
2389,2025-02-22 07:15:00,65.68666666666667,0.0,0.0,19.83333333333333,108.85333333333334,63.57,0.0,73.99,100.0,74.0,0.0,70.0,0.0,72.55,,,67.0,69.0,85.0,55.0,55.1,0.0
2390,2025-02-22 07:30:00,64.98333333333333,0.0,0.0,19.5,108.90333333333336,63.57,0.0,73.99,100.0,74.0,0.0,70.0,0.0,72.52,,,67.0,69.0,85.0,55.0,55.32000000000001,0.0
2391,2025-02-22 07:45:00,62.156666666666666,0.0,0.0,20.5,109.04666666666668,63.57,0.0,73.99,100.0,74.0,0.0,70.0,0.0,72.5,,,67.0,69.0,85.0,55.0,55.64,0.0
2392,2025-02-22 08:00:00,64.27666666666666,0.0,0.0,20.5,108.67333333333332,63.57,0.0,73.99,100.0,74.0,0.0,70.0,0.0,72.48,,,67.0,69.0,85.0,55.0,55.13999999999999,0.0
2393,2025-02-22 08:15:00,63.56999999999999,0.0,0.0,20.83333333333333,108.81666666666666,63.57,0.0,73.99,100.0,74.0,0.0,70.0,0.0,72.42666666666666,,,67.0,69.0,85.0,55.0,55.04,0.0
2394,2025-02-22 08:30:00,63.57,0.0,0.0,20.666666666666668,108.92666666666668,63.57,0.0,73.99,100.0,74.0,0.0,70.0,0.0,72.37,,,67.0,69.0,85.0,55.0,56.16,0.0
2395,2025-02-22 08:45:00,63.57,2.119999999999997,0.0,19.5,108.79666666666668,63.57,0.0,73.99,100.0,74.0,0.0,70.0,0.0,72.37,,,67.0,69.0,85.0,55.0,55.12,0.0
2396,2025-02-22 09:00:00,63.57,0.0,0.0,20.0,108.88,63.57,0.0,73.99,100.0,74.0,0.0,70.0,0.0,72.36666666666667,,,67.0,69.0,85.0,55.0,55.41,0.0
2397,2025-02-22 09:15:00,64.98333333333333,0.0,0.0,20.5,108.83666666666666,63.57,0.0,73.99,100.0,74.0,0.0,70.0,0.0,72.35333333333334,,,67.0,69.0,85.0,55.0,55.86,0.0
2398,2025-02-22 09:30:00,65.68666666666667,0.0,0.0,20.83333333333333,108.56,63.57,0.0,73.99,100.0,74.0,0.0,70.0,0.0,72.34666666666668,,,67.0,69.0,85.0,55.0,55.39,0.0
2399,2025-02-22 09:45:00,64.98333333333333,0.0,0.0,20.5,108.69,63.57,0.0,73.99,100.0,74.0,0.0,70.0,0.0,72.31333333333333,,,67.0,69.0,85.0,55.0,55.78,0.0
2400,2025-02-22 10:00:00,64.98333333333333,0.0,0.0,19.5,108.51,63.57,0.0,73.99,100.0,74.0,0.0,70.0,0.0,72.30666666666667,,,67.0,69.0,85.0,55.0,55.55,0.0
2401,2025-02-22 10:15:00,64.27666666666666,2.119999999999997,0.0,19.0,108.75,63.57,0.0,73.99,100.0,74.0,0.0,70.0,0.0,72.32000000000001,,,67.0,69.0,85.0,55.0,55.65,0.0
2402,2025-02-22 10:30:00,64.27666666666666,0.0,0.0,19.0,108.45333333333332,63.57,0.0,73.99,100.0,74.0,0.0,70.0,0.0,72.27666666666666,,,67.0,69.0,85.0,55.0,55.63,0.0
2403,2025-02-22 10:45:00,64.27666666666666,-2.119999999999997,0.0,19.166666666666668,108.41,63.57,0.0,73.99,100.0,74.0,0.0,70.0,0.0,72.23666666666666,,,67.0,69.0,85.0,55.0,55.53,0.0
2404,2025-02-22 11:00:00,64.98,2.119999999999997,0.0,19.33333333333333,108.41666666666669,63.57,0.0,73.99,100.0,74.0,0.0,70.0,0.0,72.23,,,67.0,69.0,85.0,55.0,55.73,0.0
2405,2025-02-22 11:15:00,63.57,-2.119999999999997,0.0,20.166666666666668,108.30666666666669,63.57,0.0,73.99,100.0,74.0,0.0,70.0,0.0,72.21666666666665,,,67.0,69.0,85.0,55.0,55.47,0.0
2406,2025-02-22 11:30:00,65.68666666666667,0.0,0.0,19.83333333333333,108.01333333333332,63.57,0.0,73.99,100.0,74.0,0.0,70.0,0.0,72.23,,,67.0,69.0,85.0,55.0,55.24,0.0
2407,2025-02-22 11:45:00,65.68666666666667,4.229999999999997,0.0,19.166666666666668,108.23666666666668,63.57,0.0,73.99,100.0,74.0,0.0,70.0,0.0,72.23,,,67.0,69.0,85.0,55.0,55.17,0.0
2408,2025-02-22 12:00:00,65.69,2.119999999999997,0.0,19.666666666666668,108.42666666666666,63.57,0.0,73.99,100.0,74.0,0.0,70.0,0.0,72.21666666666665,,,67.0,69.0,85.0,55.0,55.64,0.0
2409,2025-02-22 12:15:00,65.69,2.119999999999997,0.0,20.0,108.16,63.57,0.0,73.99,100.0,74.0,0.0,70.0,0.0,72.21666666666665,,,67.0,69.0,85.0,55.0,55.96,0.0
2410,2025-02-22 12:30:00,63.57,0.0,0.0,19.5,108.29,63.57,0.0,73.99,100.0,74.0,0.0,70.0,0.0,72.22333333333334,,,67.0,69.0,85.0,55.0,55.38999999999999,0.0
2411,2025-02-22 12:45:00,66.39333333333333,2.119999999999997,0.0,19.166666666666668,108.31,63.57,0.0,73.99,100.0,74.0,0.0,70.0,0.0,72.23,,,67.0,69.0,85.0,55.0,55.27,0.0
2412,2025-02-22 13:00:00,62.86333333333334,0.0,0.0,19.0,108.68666666666668,63.57,0.0,73.99,100.0,74.0,0.0,70.0,0.0,72.23666666666666,,,67.0,69.0,85.0,55.0,55.59,0.0
2413,2025-02-22 13:15:00,65.69,2.119999999999997,0.0,20.0,109.10666666666668,63.57,0.0,73.99,100.0,74.0,0.0,70.0,0.0,72.32666666666667,,,67.0,69.0,85.0,55.0,55.75000000000001,0.0
2414,2025-02-22 13:30:00,62.86333333333334,0.0,0.0,19.166666666666668,109.32333333333334,63.57,0.0,73.99,100.0,74.0,0.0,70.0,0.0,72.36666666666667,,,67.0,69.0,85.0,55.0,55.09,0.0
2415,2025-02-22 13:45:00,63.57,0.0,0.0,19.666666666666668,109.46,63.57,0.0,73.99,100.0,74.0,0.0,70.0,0.0,72.44333333333333,,,67.0,69.0,85.0,55.0,55.03999999999999,0.0
2416,2025-02-22 14:00:00,64.27333333333333,4.229999999999997,0.0,19.666666666666668,109.52333333333333,63.57,0.0,73.99,100.0,74.0,0.0,70.0,0.0,72.51333333333334,,,67.0,69.0,85.0,55.0,55.07,0.0
2417,2025-02-22 14:15:00,64.27666666666666,0.0,0.0,20.166666666666668,109.55333333333331,63.57,0.0,73.99,100.0,74.0,0.0,70.0,0.0,72.61333333333333,,,67.0,69.0,85.0,55.0,54.99,0.0
2418,2025-02-22 14:30:00,65.68666666666667,4.229999999999997,0.0,19.666666666666668,109.63,63.57,0.0,73.99,100.0,74.0,0.0,70.0,0.0,72.71,,,67.0,69.0,85.0,55.0,54.49,0.0
2419,2025-02-22 14:45:00,64.27666666666666,2.119999999999997,0.0,19.5,110.06333333333332,63.57,0.0,73.99,100.0,74.0,0.0,70.0,0.0,72.81333333333333,,,67.0,69.0,85.0,55.0,54.92,0.0
2420,2025-02-22 15:00:00,64.98,0.0,0.0,19.5,110.37333333333332,63.57,0.0,73.99,100.0,74.0,0.0,70.0,0.0,72.93333333333334,,,67.0,69.0,85.0,55.0,54.56999999999999,0.0
2421,2025-02-22 15:15:00,62.86333333333334,0.0,0.0,19.33333333333333,110.69,63.57,0.0,73.99,100.0,74.0,0.0,70.0,0.0,73.03333333333335,,,67.0,69.0,85.0,55.0,54.38,0.0
2422,2025-02-22 15:30:00,64.27666666666666,2.119999999999997,0.0,19.5,110.81666666666666,63.57,0.0,73.99,100.0,74.0,0.0,70.0,0.0,73.18333333333334,,,67.0,69.0,85.0,55.0,54.19,0.0
2423,2025-02-22 15:45:00,63.57,0.0,0.0,20.33333333333333,111.74,63.57,0.0,73.99,100.0,74.0,0.0,70.0,0.0,73.32333333333332,,,67.0,69.0,85.0,55.0,54.44,0.0
2424,2025-02-22 16:00:00,63.57,2.119999999999997,0.0,20.0,112.02,63.57,0.0,73.99,100.0,74.0,0.0,70.0,0.0,73.47333333333334,,,67.0,69.0,85.0,55.0,53.85,0.0
2425,2025-02-22 16:15:00,64.98,4.229999999999997,0.0,19.5,112.14666666666666,63.57,0.0,73.99,100.0,74.0,0.0,70.0,0.0,73.53000000000002,,,67.0,69.0,85.0,55.0,53.66,0.0
2426,2025-02-22 16:30:00,64.27666666666666,2.119999999999997,0.0,19.83333333333333,112.21666666666664,63.57,0.0,73.99,100.0,74.0,0.0,70.0,0.0,73.60666666666667,,,67.0,69.0,85.0,55.0,54.220000000000006,0.0
2427,2025-02-22 16:45:00,65.69,2.119999999999997,0.0,20.0,112.7,63.57,0.0,73.99,100.0,74.0,0.0,70.0,0.0,73.66333333333334,,,67.0,69.0,85.0,55.0,53.99,0.0
2428,2025-02-22 17:00:00,64.98333333333333,2.119999999999997,0.0,19.83333333333333,112.64666666666666,63.57,0.0,73.99,100.0,74.0,0.0,70.0,0.0,73.68333333333334,,,67.0,69.0,85.0,55.0,53.71999999999999,0.0
2429,2025-02-22 17:15:00,64.98,-2.119999999999997,0.0,19.83333333333333,112.77333333333333,63.57,0.0,73.99,100.0,74.0,0.0,70.0,0.0,73.72,,,67.0,69.0,85.0,55.0,53.75,0.0
2430,2025-02-22 17:30:00,64.98,0.0,0.0,19.666666666666668,112.92333333333332,63.57,0.0,73.99,100.0,74.0,0.0,70.0,0.0,73.79,,,67.0,69.0,85.0,55.0,53.080000000000005,0.0
2431,2025-02-22 17:45:00,63.56999999999999,0.0,0.0,20.33333333333333,113.29,63.57,0.0,73.99,100.0,74.0,0.0,70.0,0.0,73.80333333333333,,,67.0,69.0,85.0,55.0,53.97,0.0
2432,2025-02-22 18:00:00,63.57,2.119999999999997,0.0,20.33333333333333,113.53000000000002,63.57,0.0,73.99,100.0,74.0,0.0,70.0,0.0,73.82333333333334,,,67.0,69.0,85.0,55.0,53.71000000000001,0.0
2433,2025-02-22 18:15:00,64.98333333333333,2.119999999999997,0.0,19.5,113.17,63.57,0.0,73.99,100.0,74.0,0.0,70.0,0.0,73.83,,,67.0,69.0,85.0,55.0,52.970000000000006,0.0
2434,2025-02-22 18:30:00,65.68333333333334,-2.119999999999997,0.0,19.33333333333333,113.38333333333333,63.57,0.0,73.99,100.0,74.0,0.0,70.0,0.0,73.89666666666666,,,67.0,69.0,85.0,55.0,53.28,0.0
2435,2025-02-22 18:45:00,64.98,4.229999999999997,0.0,19.33333333333333,113.42666666666668,63.57,0.0,73.99,100.0,74.0,0.0,70.0,0.0,73.96,,,67.0,69.0,85.0,55.0,52.59,0.0
2436,2025-02-22 19:00:00,64.27333333333333,4.229999999999997,0.0,19.33333333333333,113.31333333333332,63.57,0.0,73.99,100.0,74.0,0.0,70.0,0.0,73.99000000000001,,,67.0,69.0,85.0,55.0,52.39,0.0
2437,2025-02-22 19:15:00,65.68666666666667,0.0,0.0,19.166666666666668,113.29666666666668,63.57,0.0,73.99,97.78000000000002,74.0,0.0,70.0,0.0,74.08333333333333,,,67.0,69.0,85.0,55.0,52.48,0.0
2438,2025-02-22 19:30:00,63.56999999999999,0.0,0.0,18.5,112.83333333333331,63.57,0.0,73.99,96.61333333333334,74.0,0.0,70.0,0.0,74.10666666666667,,,67.0,69.0,85.0,55.0,51.41,0.0
2439,2025-02-22 19:45:00,64.27666666666666,0.0,0.0,18.33333333333333,112.59666666666668,63.57,0.0,73.99,95.53000000000002,74.0,0.0,70.0,0.0,74.11333333333333,,,67.0,69.0,85.0,55.0,51.77,0.0
2440,2025-02-22 20:00:00,62.86333333333334,0.0,0.0,17.666666666666668,112.17666666666666,63.57,0.0,73.99,95.92333333333332,74.0,0.0,70.0,0.0,74.04666666666667,,,67.0,69.0,85.0,55.0,51.31,0.0
2441,2025-02-22 20:15:00,64.98333333333333,0.0,0.0,18.5,112.15666666666668,63.57,0.0,73.99,97.74,74.0,0.0,70.0,0.0,73.96,,,67.0,69.0,85.0,55.0,51.22,0.0
2442,2025-02-22 20:30:00,63.57,-2.119999999999997,0.0,18.166666666666668,111.83333333333331,63.57,0.0,73.99,99.41666666666669,74.0,0.0,70.0,0.0,73.86,,,67.0,69.0,85.0,55.0,50.88999999999999,0.0
2443,2025-02-22 20:45:00,64.27666666666666,0.0,0.0,17.666666666666668,112.31666666666666,63.57,0.0,73.99,100.0,74.0,0.0,70.0,0.0,73.81666666666666,,,67.0,69.0,85.0,55.0,51.52,0.0
2444,2025-02-22 21:00:00,65.69,2.119999999999997,0.0,17.333333333333332,112.26333333333332,63.57,0.0,73.99,100.0,74.0,0.0,70.0,0.0,73.81666666666666,,,67.0,69.0,85.0,55.0,50.82,0.0
2445,2025-02-22 21:15:00,64.98,2.119999999999997,0.0,16.666666666666668,112.07666666666668,63.57,0.0,73.99,100.0,74.0,0.0,70.0,0.0,73.91,,,67.0,69.0,85.0,55.0,51.00000000000001,0.0
2446,2025-02-22 21:30:00,64.27666666666666,2.119999999999997,0.0,16.5,112.13,63.57,0.0,73.99,100.0,74.0,0.0,70.0,0.0,73.97333333333334,,,67.0,69.0,85.0,55.0,50.68,0.0
2447,2025-02-22 21:45:00,63.57,2.119999999999997,0.0,16.833333333333332,111.51,63.57,0.0,73.99,100.0,74.0,0.0,70.0,0.0,73.96666666666667,,,67.0,69.0,85.0,55.0,50.62,0.0
2448,2025-02-22 22:00:00,64.27666666666666,0.0,0.0,17.833333333333332,111.78000000000002,63.57,0.0,73.99,100.0,74.0,0.0,70.0,0.0,73.83,,,67.0,69.0,85.0,55.0,51.23,0.0
2449,2025-02-22 22:15:00,64.98333333333333,2.119999999999997,0.0,18.0,111.28333333333336,63.57,0.0,73.99,100.0,74.0,0.0,70.0,0.0,73.70666666666666,,,67.0,69.0,85.0,55.0,50.790000000000006,0.0
2450,2025-02-22 22:30:00,64.98333333333333,2.119999999999997,0.0,18.166666666666668,111.36666666666667,63.57,0.0,73.99,100.0,74.0,0.0,70.0,0.0,73.58,,,67.0,69.0,85.0,55.0,50.75,0.0
2451,2025-02-22 22:45:00,63.57,0.0,0.0,18.5,111.72333333333331,63.57,0.0,73.99,100.0,74.0,0.0,70.0,0.0,73.50333333333333,,,67.0,69.0,85.0,55.0,51.49,0.0
2452,2025-02-22 23:00:00,64.27666666666666,2.119999999999997,0.0,19.33333333333333,112.07666666666668,63.57,0.0,73.99,100.0,74.0,0.0,70.0,0.0,73.38333333333333,,,67.0,69.0,85.0,55.0,51.57,0.0
2453,2025-02-22 23:15:00,66.39333333333333,2.119999999999997,0.0,19.33333333333333,112.07666666666668,63.57,0.0,73.99,100.0,74.0,0.0,70.0,0.0,73.33666666666666,,,67.0,69.0,85.0,55.0,52.39000000000001,0.0
2454,2025-02-22 23:30:00,63.57,0.0,0.0,18.33333333333333,111.95,63.57,0.0,73.99,100.0,74.0,0.0,70.0,0.0,73.33,,,67.0,69.0,85.0,55.0,51.98,0.0
2455,2025-02-22 23:45:00,63.57,-2.119999999999997,0.0,19.166666666666668,112.0,63.57,0.0,73.99,100.0,74.0,0.0,70.0,0.0,73.31666666666666,,,67.0,69.0,85.0,55.0,51.98,0.0
2456,2025-02-23 00:00:00,63.57,2.119999999999997,0.0,18.83333333333333,111.88333333333333,63.57,0.0,73.99,100.0,74.0,0.0,70.0,0.0,73.33666666666666,,,67.0,69.0,85.0,55.0,52.35999999999999,0.0
2457,2025-02-23 00:15:00,64.27666666666666,0.0,0.0,19.666666666666668,111.86666666666667,63.57,0.0,73.99,100.0,74.0,0.0,70.0,0.0,73.35,,,67.0,69.0,85.0,55.0,52.56,0.0
2458,2025-02-23 00:30:00,63.57,2.119999999999997,0.0,19.83333333333333,112.09333333333332,63.57,0.0,73.99,100.0,74.0,0.0,70.0,0.0,73.34666666666666,,,67.0,69.0,85.0,55.0,52.3,0.0
2459,2025-02-23 00:45:00,64.27666666666666,2.119999999999997,0.0,18.83333333333333,111.95,63.57,0.0,73.99,100.0,74.0,0.0,70.0,0.0,73.34333333333332,,,67.0,69.0,85.0,55.0,52.400000000000006,0.0
2460,2025-02-23 01:00:00,62.156666666666666,0.0,0.0,19.166666666666668,112.29666666666668,63.57,0.0,73.99,100.0,74.0,0.0,70.0,0.0,73.35333333333334,,,67.0,69.0,85.0,55.0,52.79,0.0
2461,2025-02-23 01:15:00,63.57,0.0,0.0,19.83333333333333,112.13333333333333,63.57,0.0,73.99,100.0,74.0,0.0,70.0,0.0,73.36666666666666,,,67.0,69.0,85.0,55.0,52.8,0.0
2462,2025-02-23 01:30:00,65.69,2.119999999999997,0.0,18.83333333333333,112.03,63.57,0.0,73.99,100.0,74.0,0.0,70.0,0.0,73.36333333333333,,,67.0,69.0,85.0,55.0,52.74999999999999,0.0
2463,2025-02-23 01:45:00,64.98333333333333,2.119999999999997,0.0,19.83333333333333,112.02666666666666,63.57,0.0,73.99,100.0,74.0,0.0,70.0,0.0,73.31666666666666,,,67.0,69.0,85.0,55.0,53.42,0.0
2464,2025-02-23 02:00:00,63.56999999999999,2.119999999999997,0.0,20.0,111.92666666666666,63.57,0.0,73.99,100.0,74.0,0.0,70.0,0.0,73.24,,,67.0,69.0,85.0,55.0,52.82000000000001,0.0
2465,2025-02-23 02:15:00,64.27666666666666,0.0,0.0,19.83333333333333,112.12666666666668,63.57,0.0,73.99,100.0,74.0,0.0,70.0,0.0,73.24,,,67.0,69.0,85.0,55.0,53.2,0.0
2466,2025-02-23 02:30:00,64.98333333333333,2.119999999999997,0.0,20.5,112.31333333333332,63.57,0.0,73.99,100.0,74.0,0.0,70.0,0.0,73.23333333333333,,,67.0,69.0,85.0,55.0,53.65,0.0
2467,2025-02-23 02:45:00,64.27666666666666,0.0,0.0,20.0,112.11333333333334,63.57,0.0,73.99,100.0,74.0,0.0,70.0,0.0,73.24,,,67.0,69.0,85.0,55.0,53.8,0.0
2468,2025-02-23 03:00:00,63.57,0.0,0.0,20.166666666666668,112.26333333333332,63.57,0.0,73.99,100.0,74.0,0.0,70.0,0.0,73.23333333333333,,,67.0,69.0,85.0,55.0,53.77,0.0
2469,2025-02-23 03:15:00,64.27666666666666,0.0,0.0,20.83333333333333,112.11333333333334,63.57,0.0,73.99,100.0,74.0,0.0,70.0,0.0,73.21333333333332,,,67.0,69.0,85.0,55.0,54.17,0.0
2470,2025-02-23 03:30:00,66.39333333333333,2.119999999999997,0.0,21.0,112.33333333333331,63.57,0.0,73.99,100.0,74.0,0.0,70.0,0.0,73.20666666666666,,,67.0,69.0,85.0,55.0,54.43,0.0
2471,2025-02-23 03:45:00,62.86333333333334,2.119999999999997,0.0,20.33333333333333,112.04666666666668,63.57,0.0,73.99,100.0,74.0,0.0,70.0,0.0,73.20333333333333,,,67.0,69.0,85.0,55.0,54.48,0.0
2472,2025-02-23 04:00:00,65.68666666666667,4.229999999999997,0.0,20.0,112.03333333333336,63.57,0.0,73.99,100.0,74.0,0.0,70.0,0.0,73.19,,,67.0,69.0,85.0,55.0,54.35,0.0
2473,2025-02-23 04:15:00,64.98333333333333,2.119999999999997,0.0,20.666666666666668,111.84666666666668,63.57,0.0,73.99,100.0,74.0,0.0,70.0,0.0,73.17,,,67.0,69.0,85.0,55.0,54.87,0.0
2474,2025-02-23 04:30:00,64.27666666666666,0.0,0.0,20.5,111.50666666666666,63.57,0.0,73.99,100.0,74.0,0.0,70.0,0.0,73.11,,,67.0,69.0,85.0,55.0,54.96000000000001,0.0
2475,2025-02-23 04:45:00,63.57,-2.119999999999997,0.0,20.666666666666668,111.81666666666666,63.57,0.0,73.99,100.0,74.0,0.0,70.0,0.0,73.09,,,67.0,69.0,85.0,55.0,54.55,0.0
2476,2025-02-23 05:00:00,65.69,2.119999999999997,0.0,20.666666666666668,111.91,63.57,0.0,73.99,100.0,74.0,0.0,70.0,0.0,73.09,,,67.0,69.0,85.0,55.0,54.66,0.0
2477,2025-02-23 05:15:00,63.57,-2.119999999999997,0.0,21.166666666666668,112.25333333333332,63.57,0.0,73.99,100.0,74.0,0.0,70.0,0.0,73.16000000000001,,,67.0,69.0,85.0,55.0,55.71,0.0
2478,2025-02-23 05:30:00,64.27666666666666,0.0,0.0,20.666666666666668,112.03333333333336,63.57,0.0,73.99,100.0,74.0,0.0,70.0,0.0,73.17333333333333,,,67.0,69.0,85.0,55.0,55.39999999999999,0.0
2479,2025-02-23 05:45:00,64.98333333333333,0.0,0.0,20.5,111.92333333333332,63.57,0.0,73.99,100.0,74.0,0.0,70.0,0.0,73.21333333333332,,,67.0,69.0,85.0,55.0,55.620000000000005,0.0
2480,2025-02-23 06:00:00,63.57,-2.119999999999997,0.0,19.83333333333333,111.80333333333331,63.57,0.0,73.99,100.0,74.0,0.0,70.0,0.0,73.22666666666667,,,67.0,69.0,85.0,55.0,55.35000000000001,0.0
2481,2025-02-23 06:15:00,63.56999999999999,0.0,0.0,19.666666666666668,111.62,63.57,0.0,73.99,100.0,74.0,0.0,70.0,0.0,73.24,,,67.0,69.0,85.0,55.0,55.290000000000006,0.0
2482,2025-02-23 06:30:00,64.27666666666666,0.0,0.0,20.83333333333333,111.60666666666668,63.57,0.0,73.99,100.0,74.0,0.0,70.0,0.0,73.22,,,67.0,69.0,85.0,55.0,55.49999999999999,0.0
2483,2025-02-23 06:45:00,65.68666666666667,0.0,0.0,20.166666666666668,111.56666666666668,63.57,0.0,73.99,100.0,74.0,0.0,70.0,0.0,73.2,,,67.0,69.0,85.0,55.0,55.36000000000001,0.0
2484,2025-02-23 07:00:00,64.98333333333333,2.119999999999997,0.0,19.83333333333333,111.56333333333332,63.57,0.0,73.99,100.0,74.0,0.0,70.0,0.0,73.13333333333334,,,67.0,69.0,85.0,55.0,55.11,0.0
2485,2025-02-23 07:15:00,64.27666666666666,0.0,0.0,20.166666666666668,111.65,63.57,0.0,73.99,100.0,74.0,0.0,70.0,0.0,73.14666666666666,,,67.0,69.0,85.0,55.0,55.67,0.0
2486,2025-02-23 07:30:00,64.98,0.0,0.0,20.33333333333333,111.29,63.57,0.0,73.99,100.0,74.0,0.0,70.0,0.0,73.11666666666667,,,67.0,69.0,85.0,55.0,55.31,0.0
2487,2025-02-23 07:45:00,63.57,0.0,0.0,20.33333333333333,111.07333333333334,63.57,0.0,73.99,100.0,74.0,0.0,70.0,0.0,73.08666666666666,,,67.0,69.0,85.0,55.0,55.46,0.0
2488,2025-02-23 08:00:00,64.98,4.229999999999997,0.0,20.0,111.06,63.57,0.0,73.99,100.0,74.0,0.0,70.0,0.0,73.09,,,67.0,69.0,85.0,55.0,55.06,0.0
2489,2025-02-23 08:15:00,65.68666666666667,6.350000000000001,0.0,19.666666666666668,110.83,63.57,0.0,73.99,100.0,74.0,0.0,70.0,0.0,73.14666666666666,,,67.0,69.0,85.0,55.0,55.01,0.0
2490,2025-02-23 08:30:00,63.57,0.0,0.0,20.166666666666668,111.13,63.57,0.0,73.99,100.0,74.0,0.0,70.0,0.0,73.2,,,67.0,69.0,85.0,55.0,55.55,0.0
2491,2025-02-23 08:45:00,62.86333333333334,2.119999999999997,0.0,19.5,111.0,63.57,0.0,73.99,100.0,74.0,0.0,70.0,0.0,73.2,,,67.0,69.0,85.0,55.0,55.22,0.0
2492,2025-02-23 09:00:00,63.57,0.0,0.0,19.5,110.98333333333332,63.57,0.0,73.99,100.0,74.0,0.0,70.0,0.0,73.2,,,67.0,69.0,85.0,55.0,55.58,0.0
2493,2025-02-23 09:15:00,64.27666666666666,2.119999999999997,0.0,20.166666666666668,111.17666666666666,63.57,0.0,73.99,100.0,74.0,0.0,70.0,0.0,73.18,,,67.0,69.0,85.0,55.0,55.260000000000005,0.0
2494,2025-02-23 09:30:00,64.98333333333333,2.119999999999997,0.0,20.0,111.10333333333334,63.57,0.0,73.99,100.0,74.0,0.0,70.0,0.0,73.16333333333334,,,67.0,69.0,85.0,55.0,55.99,0.0
2495,2025-02-23 09:45:00,66.39,0.0,0.0,19.33333333333333,111.05666666666669,63.57,0.0,73.99,100.0,74.0,0.0,70.0,0.0,73.09666666666668,,,67.0,69.0,85.0,55.0,55.8,0.0
2496,2025-02-23 10:00:00,62.86333333333334,0.0,0.0,19.5,111.12333333333332,63.57,0.0,73.99,100.0,74.0,0.0,70.0,0.0,73.14333333333333,,,67.0,69.0,85.0,55.0,55.9,0.0
2497,2025-02-23 10:15:00,64.27666666666666,0.0,0.0,19.0,110.86333333333334,63.57,0.0,73.99,100.0,74.0,0.0,70.0,0.0,73.12333333333333,,,67.0,69.0,85.0,55.0,55.49999999999999,0.0
2498,2025-02-23 10:30:00,64.98333333333333,2.119999999999997,0.0,20.33333333333333,110.61666666666667,63.57,0.0,73.99,100.0,74.0,0.0,70.0,0.0,73.18333333333334,,,67.0,69.0,85.0,55.0,55.5,0.0
2499,2025-02-23 10:45:00,64.27666666666666,2.119999999999997,0.0,19.83333333333333,110.54,63.57,0.0,73.99,100.0,74.0,0.0,70.0,0.0,73.14,,,67.0,69.0,85.0,55.0,55.26,0.0
2500,2025-02-23 11:00:00,64.98333333333333,2.119999999999997,0.0,19.166666666666668,110.43333333333334,63.57,0.0,73.99,100.0,74.0,0.0,70.0,0.0,73.09666666666668,,,67.0,69.0,85.0,55.0,55.25,0.0
2501,2025-02-23 11:15:00,63.57,2.119999999999997,0.0,19.166666666666668,110.62333333333332,63.57,0.0,73.99,100.0,74.0,0.0,70.0,0.0,73.09,,,67.0,69.0,85.0,55.0,55.46,0.0
2502,2025-02-23 11:30:00,64.27666666666666,0.0,0.0,19.83333333333333,110.44333333333331,63.57,0.0,73.99,100.0,74.0,0.0,70.0,0.0,73.09,,,67.0,69.0,85.0,55.0,55.48,0.0
2503,2025-02-23 11:45:00,63.57,0.0,0.0,20.0,110.48,63.57,0.0,73.99,100.0,74.0,0.0,70.0,0.0,73.09,,,67.0,69.0,85.0,55.0,55.690000000000005,0.0
2504,2025-02-23 12:00:00,63.57,0.0,0.0,19.666666666666668,110.37666666666668,63.57,0.0,73.99,100.0,74.0,0.0,70.0,0.0,73.08,,,67.0,69.0,85.0,55.0,55.2,0.0
2505,2025-02-23 12:15:00,63.57,-2.119999999999997,0.0,20.0,110.29,63.57,0.0,73.99,100.0,74.0,0.0,70.0,0.0,73.07666666666667,,,67.0,69.0,85.0,55.0,55.6,0.0
2506,2025-02-23 12:30:00,65.68666666666667,2.119999999999997,0.0,19.33333333333333,110.18666666666668,63.57,0.0,73.99,100.0,74.0,0.0,70.0,0.0,73.07333333333334,,,67.0,69.0,85.0,55.0,55.49,0.0
2507,2025-02-23 12:45:00,64.98333333333333,2.119999999999997,0.0,18.83333333333333,110.12666666666668,63.57,0.0,73.99,100.0,74.0,0.0,70.0,0.0,73.06666666666666,,,67.0,69.0,85.0,55.0,55.24,0.0
2508,2025-02-23 13:00:00,65.69,2.119999999999997,0.0,19.83333333333333,110.60666666666668,63.57,0.0,73.99,100.0,74.0,0.0,70.0,0.0,73.06666666666666,,,67.0,69.0,85.0,55.0,55.35,0.0
2509,2025-02-23 13:15:00,64.27666666666666,2.119999999999997,0.0,20.0,110.9,63.57,0.0,73.99,100.0,74.0,0.0,70.0,0.0,73.07666666666667,,,67.0,69.0,85.0,55.0,55.040000000000006,0.0
2510,2025-02-23 13:30:00,64.27666666666666,2.119999999999997,0.0,19.666666666666668,111.18,63.57,0.0,73.99,100.0,74.0,0.0,70.0,0.0,73.09,,,67.0,69.0,85.0,55.0,54.63,0.0
2511,2025-02-23 13:45:00,65.69,2.119999999999997,0.0,19.83333333333333,111.84,63.57,0.0,73.99,100.0,74.0,0.0,70.0,0.0,73.19,,,67.0,69.0,85.0,55.0,54.95,0.0
2512,2025-02-23 14:00:00,63.57,0.0,0.0,20.0,112.59666666666668,63.57,0.0,73.99,100.0,74.0,0.0,70.0,0.0,73.30333333333333,,,67.0,69.0,85.0,55.0,55.02,0.0
2513,2025-02-23 14:15:00,63.57,2.119999999999997,0.0,19.33333333333333,112.57,63.57,0.0,73.99,100.0,74.0,0.0,70.0,0.0,73.44666666666667,,,67.0,69.0,85.0,55.0,54.17,0.0
2514,2025-02-23 14:30:00,63.57,0.0,0.0,19.33333333333333,113.08,63.57,0.0,73.99,100.0,74.0,0.0,70.0,0.0,73.54,,,67.0,69.0,85.0,55.0,53.61,0.0
2515,2025-02-23 14:45:00,64.27666666666666,2.119999999999997,0.0,20.0,113.45333333333332,63.57,0.0,73.99,100.0,74.0,0.0,70.0,0.0,73.65666666666667,,,67.0,69.0,85.0,55.0,53.8,0.0
2516,2025-02-23 15:00:00,67.09666666666666,4.229999999999997,0.0,20.0,113.72666666666667,63.57,0.0,73.99,100.0,74.0,0.0,70.0,0.0,73.75666666666666,,,67.0,69.0,85.0,55.0,53.73,0.0
2517,2025-02-23 15:15:00,64.27333333333333,0.0,0.0,19.5,113.82,63.57,0.0,73.99,100.0,74.0,0.0,70.0,0.0,73.82333333333334,,,67.0,69.0,85.0,55.0,53.42,0.0
2518,2025-02-23 15:30:00,64.98,0.0,0.0,18.83333333333333,113.87,63.57,0.0,73.99,100.0,74.0,0.0,70.0,0.0,73.89999999999999,,,67.0,69.0,85.0,55.0,52.95,0.0
2519,2025-02-23 15:45:00,63.57,0.0,0.0,19.5,114.07333333333334,63.57,0.0,73.99,100.0,74.0,0.0,70.0,0.0,73.94666666666666,,,67.0,69.0,85.0,55.0,53.03,0.0
2520,2025-02-23 16:00:00,65.68666666666667,2.119999999999997,0.0,19.166666666666668,114.28333333333336,63.57,0.0,73.99,99.56666666666666,74.0,0.0,70.0,0.0,74.00333333333333,,,67.0,69.0,85.0,55.0,53.24999999999999,0.0
2521,2025-02-23 16:15:00,63.57,0.0,0.0,19.166666666666668,114.69666666666666,63.57,0.0,73.99,97.52,74.0,0.0,70.0,0.0,74.09666666666666,,,67.0,69.0,85.0,55.0,52.78,0.0
2522,2025-02-23 16:30:00,64.27666666666666,2.119999999999997,0.0,19.0,114.66333333333334,63.57,0.0,73.99,95.3,74.0,0.0,70.0,0.0,74.14999999999999,,,67.0,69.0,85.0,55.0,52.73,0.0
2523,2025-02-23 16:45:00,63.57,0.0,0.0,19.5,114.28666666666668,63.57,0.0,73.99,92.03333333333336,74.0,0.0,70.0,0.0,74.23,,,67.0,69.0,85.0,55.0,52.34,0.0
2524,2025-02-23 17:00:00,64.27666666666666,0.0,0.0,19.0,113.28333333333336,63.57,0.0,73.99,89.45333333333333,74.0,0.0,70.0,0.0,74.26,,,67.0,69.0,85.0,55.0,51.10999999999999,0.0
2525,2025-02-23 17:15:00,64.27666666666666,0.0,0.0,18.5,112.35666666666668,63.57,0.0,73.99,86.92333333333333,74.0,0.0,70.0,0.0,74.29333333333334,,,67.0,69.0,85.0,55.0,49.98,0.0
2526,2025-02-23 17:30:00,64.98333333333333,2.119999999999997,0.0,19.0,110.56333333333332,63.57,0.0,73.99,82.73333333333333,74.0,0.0,70.0,0.0,74.38333333333334,,,67.0,69.0,85.0,55.0,48.85,0.0
2527,2025-02-23 17:45:00,64.27666666666666,0.0,0.0,18.0,109.48333333333332,63.57,0.0,73.99,79.49,74.0,0.0,70.0,0.0,74.38333333333334,,,67.0,69.0,85.0,55.0,46.45,0.0
2528,2025-02-23 18:00:00,63.57,0.0,0.0,18.666666666666668,108.23,63.57,0.0,73.99,76.90333333333332,74.0,0.0,70.0,0.0,74.36666666666666,,,67.0,69.0,85.0,55.0,44.65,0.0
2529,2025-02-23 18:15:00,64.98333333333333,0.0,0.0,18.666666666666668,107.66,63.57,0.0,73.99,76.06,74.0,0.0,70.0,0.0,74.28666666666668,,,67.0,69.0,85.0,55.0,44.18000000000001,0.0
2530,2025-02-23 18:30:00,63.57,2.119999999999997,0.0,18.0,107.29666666666668,63.57,0.0,73.99,74.39,74.0,0.0,70.0,0.0,74.26,,,67.0,69.0,85.0,55.0,43.28,0.0
2531,2025-02-23 18:45:00,64.98333333333333,,0.0,17.666666666666668,106.51,63.57,0.0,73.99,72.31333333333333,74.0,0.0,70.0,0.0,74.25666666666667,,,67.0,69.0,85.0,55.0,,
2532,2025-02-23 19:00:00,66.39333333333333,2.119999999999997,0.0,17.666666666666668,105.25666666666666,63.57,0.0,73.99,70.37666666666667,74.0,0.0,70.0,0.0,74.26,,,67.0,69.0,85.0,55.0,41.17,0.0
2533,2025-02-23 19:15:00,64.27333333333333,0.0,0.0,17.666666666666668,103.64,63.57,0.0,73.99,68.40666666666667,74.0,0.0,70.0,0.0,74.26,,,67.0,69.0,85.0,55.0,39.57000000000001,0.0
2534,2025-02-23 19:30:00,64.27666666666666,0.0,0.0,16.666666666666668,102.22,63.57,0.0,73.99,66.34,74.0,0.0,70.0,0.0,74.26666666666667,,,67.0,69.0,85.0,55.0,38.28,0.0
2535,2025-02-23 19:45:00,62.86333333333334,-2.119999999999997,0.0,16.166666666666668,100.89,63.57,0.0,73.99,64.40666666666667,74.0,0.0,70.0,0.0,74.25666666666667,,,67.0,69.0,85.0,55.0,36.45,0.0
2536,2025-02-23 20:00:00,63.57,0.0,0.0,15.833333333333334,99.57,63.57,0.0,73.99,62.8,74.0,0.0,70.0,0.0,74.25,,,67.0,69.0,85.0,55.0,35.09,0.0
2537,2025-02-23 20:15:00,65.68666666666667,2.119999999999997,0.0,15.333333333333334,98.01333333333334,63.57,0.0,73.99,60.586666666666666,74.0,0.0,70.0,0.0,74.25,,,67.0,69.0,85.0,55.0,33.08,0.0
2538,2025-02-23 20:30:00,62.86333333333334,2.119999999999997,0.0,14.666666666666666,96.62333333333332,63.57,0.0,73.99,58.81,74.0,0.0,70.0,0.0,74.25333333333333,,,67.0,69.0,85.0,55.0,31.760000000000005,0.0
2539,2025-02-23 20:45:00,65.68666666666667,2.119999999999997,0.0,14.5,95.39,63.57,0.0,73.99,57.17333333333334,74.0,0.0,70.0,0.0,74.23666666666666,,,67.0,69.0,85.0,55.0,30.11,0.0
2540,2025-02-23 21:00:00,64.27666666666666,0.0,0.0,14.5,94.58,63.57,0.0,73.99,55.92,74.0,0.0,70.0,0.0,74.21666666666665,,,67.0,69.0,85.0,55.0,29.39999999999999,0.0
2541,2025-02-23 21:15:00,64.27666666666666,2.119999999999997,0.0,14.5,94.64666666666666,63.57,0.0,73.99,56.31666666666666,74.0,0.0,70.0,0.0,74.12666666666667,,,67.0,69.0,85.0,55.0,28.88000000000001,0.0
2542,2025-02-23 21:30:00,64.98333333333333,0.0,0.0,14.5,94.28000000000002,63.57,0.0,73.99,55.45,74.0,0.0,70.0,0.0,74.12,,,67.0,69.0,85.0,55.0,28.94,0.0
2543,2025-02-23 21:45:00,64.27666666666666,0.0,0.0,14.833333333333334,93.34666666666664,63.57,0.0,73.99,54.48666666666667,74.0,0.0,70.0,0.0,74.12,,,67.0,69.0,85.0,55.0,28.239999999999995,0.0
2544,2025-02-23 22:00:00,63.57,-2.119999999999997,0.0,15.0,92.63333333333333,63.57,0.0,73.99,53.88333333333333,74.0,0.0,70.0,0.0,74.10666666666667,,,67.0,69.0,85.0,55.0,27.47,0.0
2545,2025-02-23 22:15:00,64.27666666666666,-2.119999999999997,0.0,15.0,92.55,63.57,0.0,73.99,53.99,74.0,0.0,70.0,0.0,74.06666666666666,,,67.0,69.0,85.0,55.0,27.28,0.0
2546,2025-02-23 22:30:00,62.86333333333334,2.119999999999997,0.0,15.333333333333334,93.36666666666667,63.57,0.0,73.99,55.66333333333333,74.0,0.0,70.0,0.0,73.97333333333334,,,67.0,69.0,85.0,55.0,28.03,0.0
2547,2025-02-23 22:45:00,65.69,2.119999999999997,0.0,15.666666666666666,93.71,63.57,0.0,73.99,56.32,74.0,0.0,70.0,0.0,73.95333333333333,,,67.0,69.0,85.0,55.0,28.86,0.0
2548,2025-02-23 23:00:00,65.68666666666667,2.119999999999997,0.0,15.666666666666666,94.94666666666666,63.57,0.0,73.99,58.92,74.0,0.0,70.0,0.0,73.86,,,67.0,69.0,85.0,55.0,29.739999999999995,0.0
2549,2025-02-23 23:15:00,64.98333333333333,2.119999999999997,0.0,15.333333333333334,96.91,63.57,0.0,73.99,62.89333333333334,74.0,0.0,70.0,0.0,73.72333333333334,,,67.0,69.0,85.0,55.0,31.91,0.0
2550,2025-02-23 23:30:00,64.27666666666666,2.119999999999997,0.0,14.166666666666666,100.43666666666668,63.57,0.0,73.99,69.03333333333333,74.0,0.0,70.0,0.0,73.55666666666667,,,67.0,69.0,85.0,55.0,35.2,0.0
2551,2025-02-23 23:45:00,64.27666666666666,2.119999999999997,0.0,14.166666666666666,104.00333333333332,63.57,0.0,73.99,75.86666666666666,74.0,0.0,70.0,0.0,73.40333333333332,,,67.0,69.0,85.0,55.0,39.23,0.0
2552,2025-02-24 00:00:00,63.57,0.0,0.0,15.666666666666666,106.91,63.57,0.0,73.99,83.79,74.0,0.0,70.0,0.0,73.26333333333334,,,67.0,69.0,85.0,55.0,43.1,0.0
2553,2025-02-24 00:15:00,64.27666666666666,2.119999999999997,0.0,16.166666666666668,109.61666666666667,63.57,0.0,73.99,91.13,74.0,0.0,70.0,0.0,73.17666666666666,,,67.0,69.0,85.0,55.0,46.23,0.0
2554,2025-02-24 00:30:00,63.57,0.0,0.0,16.666666666666668,111.27666666666669,63.57,0.0,73.99,98.71,74.0,0.0,70.0,0.0,73.09666666666668,,,67.0,69.0,85.0,55.0,48.96,0.0
2555,2025-02-24 00:45:00,63.56999999999999,0.0,0.0,17.166666666666668,111.49,63.57,0.0,73.99,100.0,74.0,0.0,70.0,0.0,73.08333333333333,,,67.0,69.0,85.0,55.0,49.57000000000001,0.0
2556,2025-02-24 01:00:00,64.27666666666666,2.119999999999997,0.0,17.5,111.58666666666666,63.57,0.0,73.99,100.0,74.0,0.0,70.0,0.0,73.06666666666666,,,67.0,69.0,85.0,55.0,50.41,0.0
2557,2025-02-24 01:15:00,63.57,0.0,0.0,17.5,112.10333333333334,63.57,0.0,73.99,100.0,74.0,0.0,70.0,0.0,73.08666666666666,,,67.0,69.0,85.0,55.0,49.85,0.0
2558,2025-02-24 01:30:00,64.27333333333333,-2.119999999999997,0.0,17.833333333333332,112.09666666666668,63.57,0.0,73.99,100.0,74.0,0.0,70.0,0.0,73.15333333333334,,,67.0,69.0,85.0,55.0,49.84,0.0
2559,2025-02-24 01:45:00,64.27666666666666,2.119999999999997,0.0,18.166666666666668,111.46999999999998,63.57,0.0,73.99,100.0,74.0,0.0,70.0,0.0,73.18333333333334,,,67.0,69.0,85.0,55.0,50.330000000000005,0.0
2560,2025-02-24 02:00:00,62.86333333333334,-2.119999999999997,0.0,18.5,111.24333333333334,63.57,0.0,73.99,100.0,74.0,0.0,70.0,0.0,73.10333333333334,,,67.0,69.0,85.0,55.0,51.010000000000005,0.0
2561,2025-02-24 02:15:00,65.68666666666667,2.119999999999997,0.0,18.83333333333333,111.47666666666667,63.57,0.0,73.99,100.0,74.0,0.0,70.0,0.0,73.09,,,67.0,69.0,85.0,55.0,50.98,0.0
2562,2025-02-24 02:30:00,63.57,-2.119999999999997,0.0,19.0,111.47333333333334,63.57,0.0,73.99,100.0,74.0,0.0,70.0,0.0,73.09,,,67.0,69.0,85.0,55.0,51.2,0.0
2563,2025-02-24 02:45:00,63.57,0.0,0.0,18.666666666666668,111.46999999999998,63.57,0.0,73.99,100.0,74.0,0.0,70.0,0.0,73.14666666666666,,,67.0,69.0,85.0,55.0,51.84,0.0
2564,2025-02-24 03:00:00,63.57,0.0,0.0,19.5,111.70333333333332,63.57,0.0,73.99,100.0,74.0,0.0,70.0,0.0,73.20666666666666,,,67.0,69.0,85.0,55.0,51.77,0.0
2565,2025-02-24 03:15:00,67.09666666666666,2.119999999999997,0.0,19.166666666666668,111.45333333333332,63.57,0.0,73.99,100.0,74.0,0.0,70.0,0.0,73.23333333333333,,,67.0,69.0,85.0,55.0,51.42,0.0
2566,2025-02-24 03:30:00,65.69,2.119999999999997,0.0,18.33333333333333,111.66,63.57,0.0,73.99,100.0,74.0,0.0,70.0,0.0,73.23333333333333,,,67.0,69.0,85.0,55.0,52.02,0.0
2567,2025-02-24 03:45:00,63.57,0.0,0.0,18.83333333333333,111.46333333333332,63.57,0.0,73.99,100.0,74.0,0.0,70.0,0.0,73.24,,,67.0,69.0,85.0,55.0,51.71000000000001,0.0
2568,2025-02-24 04:00:00,62.86333333333334,-4.240000000000002,0.0,19.666666666666668,111.65333333333336,63.57,0.0,73.99,100.0,74.0,0.0,70.0,0.0,73.24,,,67.0,69.0,85.0,55.0,52.790000000000006,0.0
2569,2025-02-24 04:15:00,63.57,2.119999999999997,0.0,19.5,111.41666666666669,63.57,0.0,73.99,100.0,74.0,0.0,70.0,0.0,73.23333333333333,,,67.0,69.0,85.0,55.0,51.94,0.0
2570,2025-02-24 04:30:00,64.27666666666666,2.119999999999997,0.0,19.33333333333333,111.58,63.57,0.0,73.99,100.0,74.0,0.0,70.0,0.0,73.23333333333333,,,67.0,69.0,85.0,55.0,52.83,0.0
2571,2025-02-24 04:45:00,64.27666666666666,2.119999999999997,0.0,19.0,111.62666666666668,63.57,0.0,73.99,100.0,74.0,0.0,70.0,0.0,73.23333333333333,,,67.0,69.0,85.0,55.0,52.64000000000001,0.0
2572,2025-02-24 05:00:00,63.57,-2.119999999999997,0.0,20.33333333333333,111.97666666666667,63.57,0.0,73.99,100.0,74.0,0.0,70.0,0.0,73.23333333333333,,,67.0,69.0,85.0,55.0,53.78,0.0
2573,2025-02-24 05:15:00,64.98333333333333,2.119999999999997,0.0,19.5,111.95666666666666,63.57,0.0,73.99,100.0,74.0,0.0,70.0,0.0,73.24666666666667,,,67.0,69.0,85.0,55.0,53.4,0.0
2574,2025-02-24 05:30:00,64.27666666666666,2.119999999999997,0.0,19.0,111.84666666666668,63.57,0.0,73.99,100.0,74.0,0.0,70.0,0.0,73.33333333333333,,,67.0,69.0,85.0,55.0,53.05,0.0
2575,2025-02-24 05:45:00,64.27666666666666,0.0,0.0,18.83333333333333,111.77,63.57,0.0,73.99,100.0,74.0,0.0,70.0,0.0,73.36333333333333,,,67.0,69.0,85.0,55.0,52.93000000000001,0.0
2576,2025-02-24 06:00:00,65.68666666666667,2.119999999999997,0.0,18.83333333333333,111.66,63.57,0.0,73.99,100.0,74.0,0.0,70.0,0.0,73.36666666666666,,,67.0,69.0,85.0,55.0,52.440000000000005,0.0
2577,2025-02-24 06:15:00,63.57,2.119999999999997,0.0,19.666666666666668,111.96333333333332,63.57,0.0,73.99,100.0,74.0,0.0,70.0,0.0,73.38,,,67.0,69.0,85.0,55.0,53.0,0.0
2578,2025-02-24 06:30:00,63.56999999999999,2.119999999999997,0.0,19.83333333333333,111.52666666666669,63.57,0.0,73.99,100.0,74.0,0.0,70.0,0.0,73.42,,,67.0,69.0,85.0,55.0,52.91,0.0
2579,2025-02-24 06:45:00,65.69,2.119999999999997,0.0,19.5,111.87666666666668,63.57,0.0,73.99,100.0,74.0,0.0,70.0,0.0,73.39999999999999,,,67.0,69.0,85.0,55.0,53.38,0.0
2580,2025-02-24 07:00:00,65.68666666666667,2.119999999999997,0.0,20.166666666666668,111.79333333333334,63.57,0.0,73.99,100.0,74.0,0.0,70.0,0.0,73.45333333333333,,,67.0,69.0,85.0,55.0,53.19,0.0
2581,2025-02-24 07:15:00,64.98333333333333,2.119999999999997,0.0,19.83333333333333,111.87333333333332,63.57,0.0,73.99,100.0,74.0,0.0,70.0,0.0,73.49,,,67.0,69.0,85.0,55.0,52.88,0.0
2582,2025-02-24 07:30:00,66.745,4.229999999999997,0.0,20.75,112.145,63.57,0.0,73.99,100.0,74.0,0.0,70.0,0.0,73.51,,,67.0,69.0,85.0,55.0,53.3,0.0
2583,2025-02-24 07:45:00,64.98333333333333,0.0,0.0,19.166666666666668,111.95666666666666,63.57,0.0,73.99,100.0,74.0,0.0,70.0,0.0,73.51666666666667,,,67.0,69.0,85.0,55.0,53.08,0.0
2584,2025-02-24 08:00:00,64.98,4.229999999999997,0.0,19.666666666666668,111.90333333333332,63.57,0.0,73.99,100.0,74.0,0.0,70.0,0.0,73.52333333333333,,,67.0,69.0,85.0,55.0,53.43,0.0
2585,2025-02-24 08:15:00,62.86333333333334,-4.240000000000002,0.0,20.33333333333333,112.14333333333332,63.57,0.0,73.99,100.0,74.0,0.0,70.0,0.0,73.52333333333333,,,67.0,69.0,85.0,55.0,53.82999999999999,0.0
2586,2025-02-24 08:30:00,63.57,0.0,0.0,20.5,111.67,63.57,0.0,73.99,100.0,74.0,0.0,70.0,0.0,73.53333333333335,,,67.0,69.0,85.0,55.0,53.56,0.0
2587,2025-02-24 08:45:00,63.57,0.0,0.0,19.666666666666668,111.54,63.57,0.0,73.99,100.0,74.0,0.0,70.0,0.0,73.53,,,67.0,69.0,85.0,55.0,53.32000000000001,0.0
2588,2025-02-24 09:00:00,64.98,0.0,0.0,19.0,110.75,63.57,0.0,73.99,100.0,74.0,0.0,70.0,0.0,73.53333333333335,,,67.0,69.0,85.0,55.0,53.45,0.0
2589,2025-02-24 09:15:00,64.98333333333333,2.119999999999997,0.0,16.833333333333332,109.56666666666666,63.57,0.0,73.99,100.0,74.0,0.0,70.0,0.0,73.40666666666667,,,67.0,69.0,85.0,55.0,51.19,0.0
2590,2025-02-24 09:30:00,63.57,0.0,0.0,17.0,109.46666666666664,63.57,0.0,73.99,100.0,74.0,0.0,70.0,0.0,73.17666666666666,,,67.0,69.0,85.0,55.0,51.69,0.0
2591,2025-02-24 09:45:00,64.27666666666666,2.119999999999997,0.0,17.333333333333332,109.44333333333331,63.57,0.0,73.99,100.0,74.0,0.0,70.0,0.0,73.03333333333335,,,67.0,69.0,85.0,55.0,51.15,0.0
2592,2025-02-24 10:00:00,64.98333333333333,0.0,0.0,18.0,109.31,63.57,0.0,73.99,100.0,74.0,0.0,70.0,0.0,72.89,,,67.0,69.0,85.0,55.0,51.77,0.0
2593,2025-02-24 10:15:00,63.56999999999999,2.119999999999997,0.0,18.666666666666668,109.19,63.57,0.0,73.99,100.0,74.0,0.0,70.0,0.0,72.81,,,67.0,69.0,85.0,55.0,51.16,0.0
2594,2025-02-24 10:30:00,65.68666666666667,0.0,0.0,18.5,109.43,63.57,0.0,73.99,100.0,74.0,0.0,70.0,0.0,72.79,,,67.0,69.0,85.0,55.0,50.98,0.0
2595,2025-02-24 10:45:00,64.98333333333333,0.0,0.0,18.5,109.87333333333332,63.57,0.0,73.99,100.0,74.0,0.0,70.0,0.0,72.80333333333334,,,67.0,69.0,85.0,55.0,51.55,0.0
2596,2025-02-24 11:00:00,63.57,0.0,0.0,18.83333333333333,110.19666666666666,63.57,0.0,73.99,100.0,74.0,0.0,70.0,0.0,72.80333333333334,,,67.0,69.0,85.0,55.0,52.06999999999999,0.0
2597,2025-02-24 11:15:00,64.27666666666666,0.0,0.0,18.666666666666668,110.15333333333332,63.57,0.0,73.99,100.0,74.0,0.0,70.0,0.0,72.80333333333334,,,67.0,69.0,85.0,55.0,52.0,0.0
2598,2025-02-24 11:30:00,64.27666666666666,0.0,0.0,19.166666666666668,110.42333333333332,63.57,0.0,73.99,100.0,74.0,0.0,70.0,0.0,72.79666666666667,,,67.0,69.0,85.0,55.0,52.15,0.0
2599,2025-02-24 11:45:00,66.39333333333333,6.350000000000001,0.0,19.166666666666668,110.43333333333334,63.57,0.0,73.99,100.0,74.0,0.0,70.0,0.0,72.79,,,67.0,69.0,85.0,55.0,52.31,0.0
2600,2025-02-24 12:00:00,63.57,0.0,0.0,19.0,110.64333333333332,63.57,0.0,73.99,100.0,74.0,0.0,70.0,0.0,72.79666666666667,,,67.0,69.0,85.0,55.0,52.33,0.0
2601,2025-02-24 12:15:00,64.27666666666666,2.119999999999997,0.0,19.5,110.9,63.57,0.0,73.99,100.0,74.0,0.0,70.0,0.0,72.81,,,67.0,69.0,85.0,55.0,52.93999999999999,0.0
2602,2025-02-24 12:30:00,66.39333333333333,2.119999999999997,0.0,19.166666666666668,110.75,63.57,0.0,73.99,100.0,74.0,0.0,70.0,0.0,72.82000000000001,,,67.0,69.0,85.0,55.0,52.85,0.0
2603,2025-02-24 12:45:00,63.57,0.0,0.0,18.5,110.8,63.57,0.0,73.99,100.0,74.0,0.0,70.0,0.0,72.89,,,67.0,69.0,85.0,55.0,52.98,0.0
2604,2025-02-24 13:00:00,65.68666666666667,0.0,0.0,18.5,111.17666666666668,63.57,0.0,73.99,100.0,74.0,0.0,70.0,0.0,72.98,,,67.0,69.0,85.0,55.0,52.74000000000001,0.0
2605,2025-02-24 13:15:00,64.27666666666666,0.0,0.0,18.666666666666668,111.65333333333332,63.57,0.0,73.99,100.0,74.0,0.0,70.0,0.0,72.95,,,67.0,69.0,85.0,55.0,52.31,0.0
2606,2025-02-24 13:30:00,65.68666666666667,4.229999999999997,0.0,18.666666666666668,112.10333333333334,63.57,0.0,73.99,100.0,74.0,0.0,70.0,0.0,73.03,,,67.0,69.0,85.0,55.0,52.39,0.0
2607,2025-02-24 13:45:00,64.27666666666666,0.0,0.0,18.5,112.07666666666668,63.57,0.0,73.99,100.0,74.0,0.0,70.0,0.0,73.12666666666667,,,67.0,69.0,85.0,55.0,51.73,0.0
2608,2025-02-24 14:00:00,64.98333333333333,0.0,0.0,18.5,112.07333333333334,63.57,0.0,73.99,100.0,74.0,0.0,70.0,0.0,73.09,,,67.0,69.0,85.0,55.0,50.79,0.0
2609,2025-02-24 14:15:00,65.68666666666667,0.0,0.0,18.5,112.73,63.57,0.0,73.99,100.0,74.0,0.0,70.0,0.0,73.20666666666666,,,67.0,69.0,85.0,55.0,50.95,0.0
2610,2025-02-24 14:30:00,64.27666666666666,0.0,0.0,17.833333333333332,112.79,63.57,0.0,73.99,100.0,74.0,0.0,70.0,0.0,73.35666666666667,,,67.0,69.0,85.0,55.0,50.38000000000001,0.0
2611,2025-02-24 14:45:00,63.57,0.0,0.0,17.5,112.89333333333332,63.57,0.0,73.99,100.0,74.0,0.0,70.0,0.0,73.52,,,67.0,69.0,85.0,55.0,50.07000000000001,0.0
2612,2025-02-24 15:00:00,64.98333333333333,2.119999999999997,0.0,17.0,112.45666666666666,63.57,0.0,73.99,91.85666666666668,74.0,0.0,70.0,0.0,74.33666666666666,,,67.0,69.0,85.0,55.0,49.54,0.0
2613,2025-02-24 15:15:00,64.98333333333333,2.119999999999997,0.0,16.833333333333332,105.95666666666666,63.57,0.0,73.99,73.60666666666667,74.0,0.0,70.0,0.0,74.99,,,67.0,69.0,85.0,55.0,45.17999999999999,0.0
2614,2025-02-24 15:30:00,64.27666666666666,0.0,0.0,17.0,99.33666666666666,63.57,0.0,73.99,63.81666666666666,74.0,0.0,70.0,0.0,75.05333333333334,,,67.0,69.0,85.0,55.0,35.22,0.0
2615,2025-02-24 15:45:00,64.98333333333333,2.119999999999997,0.0,16.5,103.57,63.57,0.0,73.99,70.57666666666667,74.0,0.0,70.0,0.0,74.45,,,67.0,69.0,85.0,55.0,36.92999999999999,0.0
2616,2025-02-24 16:00:00,63.57,2.119999999999997,0.0,17.166666666666668,103.41666666666669,63.57,0.0,73.99,68.78333333333333,74.0,0.0,70.0,0.0,74.38666666666667,,,67.0,69.0,85.0,55.0,38.28,0.0
2617,2025-02-24 16:15:00,64.27666666666666,0.0,0.0,17.833333333333332,103.04666666666668,63.57,0.0,73.99,68.66666666666667,74.0,0.0,70.0,0.0,74.25,,,67.0,69.0,85.0,55.0,36.2,0.0
2618,2025-02-24 16:30:00,64.27666666666666,2.119999999999997,0.0,16.666666666666668,104.83333333333331,63.57,0.0,73.99,71.39333333333333,74.0,0.0,70.0,0.0,74.06333333333333,,,67.0,69.0,85.0,55.0,38.17,0.0
2619,2025-02-24 16:45:00,64.27666666666666,0.0,0.0,16.666666666666668,103.92,63.57,0.0,73.99,67.67666666666666,74.0,0.0,70.0,0.0,74.19333333333333,,,67.0,69.0,85.0,55.0,39.36,0.0
2620,2025-02-24 17:00:00,63.57,-2.119999999999997,0.0,16.333333333333332,99.3,63.57,0.0,73.99,61.51666666666667,74.0,0.0,70.0,0.0,74.39666666666666,,,67.0,69.0,85.0,55.0,33.260000000000005,0.0
2621,2025-02-24 17:15:00,64.27666666666666,0.0,0.0,16.0,95.71666666666664,63.57,0.0,73.99,56.03,74.0,0.0,70.0,0.0,74.5,,,67.0,69.0,85.0,55.0,30.40000000000001,0.0
2622,2025-02-24 17:30:00,62.86333333333334,0.0,0.0,17.5,83.58666666666666,63.57,0.0,73.99,47.81666666666666,74.0,0.0,70.0,0.0,74.67666666666666,,,67.0,69.0,85.0,55.0,28.880000000000003,0.0
2623,2025-02-24 17:45:00,64.98333333333333,0.0,0.0,17.166666666666668,79.91666666666667,63.57,0.0,73.99,39.73666666666667,74.0,0.0,70.0,0.0,74.79333333333334,,,67.0,69.0,85.0,55.0,18.200000000000003,0.0
2624,2025-02-24 18:00:00,64.27666666666666,2.119999999999997,0.0,17.0,85.30333333333333,63.57,0.0,73.99,54.370000000000005,74.0,0.0,70.0,0.0,73.90666666666667,,,67.0,69.0,85.0,55.0,21.96999999999999,0.0
2625,2025-02-24 18:15:00,64.98333333333333,2.119999999999997,0.0,16.5,89.91333333333334,63.57,0.0,73.99,58.81,74.0,0.0,70.0,0.0,73.79666666666667,,,67.0,69.0,85.0,55.0,32.05,0.0
2626,2025-02-24 18:30:00,64.98,0.0,0.0,16.0,87.09666666666665,63.57,0.0,73.99,56.52333333333333,74.0,0.0,70.0,0.0,73.94,,,67.0,69.0,85.0,55.0,27.16,0.0
2627,2025-02-24 18:45:00,64.98333333333333,0.0,0.0,15.5,92.88666666666668,63.57,0.0,73.99,64.11666666666666,74.0,0.0,70.0,0.0,73.69,,,67.0,69.0,85.0,55.0,33.86,0.0
2628,2025-02-24 19:00:00,65.69,2.119999999999997,0.0,15.166666666666666,85.47666666666667,63.57,0.0,73.99,51.623333333333335,74.0,0.0,70.0,0.0,74.27,,,67.0,69.0,85.0,55.0,30.69,0.0
2629,2025-02-24 19:15:00,63.57,0.0,0.0,15.0,79.29333333333334,63.57,0.0,73.99,44.24333333333334,74.0,0.0,70.0,0.0,74.5,,,67.0,69.0,85.0,55.0,22.47,0.0
2630,2025-02-24 19:30:00,64.98333333333333,2.119999999999997,0.0,15.0,77.89333333333333,63.57,0.0,73.99,42.38999999999999,74.0,0.0,70.0,0.0,74.41,,,67.0,69.0,85.0,55.0,20.230000000000004,0.0
2631,2025-02-24 19:45:00,64.27666666666666,2.119999999999997,0.0,15.0,76.93666666666667,63.57,0.0,73.99,40.75666666666667,74.0,0.0,70.0,0.0,74.34,,,67.0,69.0,85.0,55.0,18.57999999999999,0.0
2632,2025-02-24 20:00:00,64.98333333333333,0.0,0.0,14.666666666666666,79.2,63.57,0.0,73.99,44.79333333333333,74.0,0.0,70.0,0.0,74.02333333333333,,,67.0,69.0,85.0,55.0,18.109999999999992,0.0
2633,2025-02-24 20:15:00,63.57,-2.119999999999997,0.0,14.5,80.44666666666666,63.57,0.0,73.99,45.74333333333333,74.0,0.0,70.0,0.0,74.00999999999999,,,67.0,69.0,85.0,55.0,24.95,0.0
2634,2025-02-24 20:30:00,62.86333333333334,0.0,0.0,14.666666666666666,78.15666666666665,63.57,0.0,73.99,43.03,74.0,0.0,70.0,0.0,74.12,,,67.0,69.0,85.0,55.0,20.37,0.0
2635,2025-02-24 20:45:00,64.98333333333333,2.119999999999997,0.0,15.5,77.53,63.57,0.0,73.99,42.09,74.0,0.0,70.0,0.0,74.12,,,67.0,69.0,85.0,55.0,19.69,0.0
2636,2025-02-24 21:00:00,64.98333333333333,0.0,0.0,16.0,77.00666666666667,63.57,0.0,73.99,41.623333333333335,74.0,0.0,70.0,0.0,74.09666666666666,,,67.0,69.0,85.0,55.0,19.06,0.0
2637,2025-02-24 21:15:00,65.69,2.119999999999997,0.0,16.0,77.33,63.57,0.0,73.99,43.153333333333336,74.0,0.0,70.0,0.0,74.02666666666666,,,67.0,69.0,85.0,55.0,18.88000000000001,0.0
2638,2025-02-24 21:30:00,64.27666666666666,2.119999999999997,0.0,16.0,83.65333333333332,63.57,0.0,73.99,52.53,74.0,0.0,70.0,0.0,73.64,,,67.0,69.0,85.0,55.0,22.76,0.0
2639,2025-02-24 21:45:00,64.98333333333333,2.119999999999997,0.0,16.0,82.98666666666666,63.57,0.0,73.99,48.95,74.0,0.0,70.0,0.0,73.88666666666667,,,67.0,69.0,85.0,55.0,26.42000000000001,0.0
2640,2025-02-24 22:00:00,65.68666666666667,2.119999999999997,0.0,15.666666666666666,82.52,63.57,0.0,73.99,42.22,74.0,0.0,70.0,0.0,74.20333333333333,,,67.0,69.0,85.0,55.0,18.470000000000013,0.0
2641,2025-02-24 22:15:00,63.57,2.119999999999997,0.0,15.666666666666666,77.88,63.57,0.0,73.99,40.82666666666667,74.0,0.0,70.0,0.0,74.19,,,67.0,69.0,85.0,55.0,18.630000000000003,0.0
2642,2025-02-24 22:30:00,64.98333333333333,2.119999999999997,0.0,15.0,79.10000000000001,63.57,0.0,73.99,38.56666666666666,74.0,0.0,70.0,0.0,74.22666666666667,,,67.0,69.0,85.0,55.0,16.36999999999999,0.0
2643,2025-02-24 22:45:00,64.27666666666666,0.0,0.0,15.333333333333334,78.04333333333334,63.57,0.0,73.99,37.626666666666665,74.0,0.0,70.0,0.0,74.18666666666667,,,67.0,69.0,85.0,55.0,16.109999999999992,0.0
2644,2025-02-24 23:00:00,64.27666666666666,2.119999999999997,0.0,14.5,78.85666666666667,63.57,0.0,73.99,41.056666666666665,74.0,0.0,70.0,0.0,73.99,,,67.0,69.0,85.0,55.0,13.599999999999994,0.0
2645,2025-02-24 23:15:00,64.98333333333333,0.0,0.0,15.666666666666666,86.39,63.57,0.0,73.99,49.370000000000005,74.0,0.0,70.0,0.0,73.66333333333334,,,67.0,69.0,85.0,55.0,22.82,0.0
2646,2025-02-24 23:30:00,64.27666666666666,2.119999999999997,0.0,15.0,81.47333333333333,63.57,0.0,73.99,44.52666666666667,74.0,0.0,70.0,0.0,73.95666666666666,,,67.0,69.0,85.0,55.0,21.459999999999997,0.0
2647,2025-02-24 23:45:00,64.98333333333333,2.119999999999997,0.0,15.166666666666666,94.21,63.57,0.0,73.99,58.86333333333334,74.0,0.0,70.0,0.0,73.35333333333334,,,67.0,69.0,85.0,55.0,24.83,0.0
2648,2025-02-25 00:00:00,65.68666666666667,4.229999999999997,0.0,14.833333333333334,96.85333333333334,63.57,0.0,73.99,66.69666666666667,74.0,0.0,70.0,0.0,73.24,,,67.0,69.0,85.0,55.0,32.72,0.0
2649,2025-02-25 00:15:00,64.98,0.0,0.0,15.833333333333334,103.37666666666668,63.57,0.0,73.99,74.82333333333334,74.0,0.0,70.0,0.0,73.12333333333333,,,67.0,69.0,85.0,55.0,37.89,0.0
2650,2025-02-25 00:30:00,64.98333333333333,2.119999999999997,0.0,16.0,104.91666666666669,63.57,0.0,73.99,83.96333333333332,74.0,0.0,70.0,0.0,73.02,,,67.0,69.0,85.0,55.0,44.34,0.0
2651,2025-02-25 00:45:00,67.09666666666666,6.350000000000001,0.0,15.166666666666666,111.78666666666668,63.57,0.0,73.99,93.35,74.0,0.0,70.0,0.0,72.95666666666666,,,67.0,69.0,85.0,55.0,45.45,0.0
2652,2025-02-25 01:00:00,64.27666666666666,0.0,0.0,16.166666666666668,109.93333333333334,63.57,0.0,73.99,98.80666666666669,74.0,0.0,70.0,0.0,72.94666666666667,,,67.0,69.0,85.0,55.0,50.63,0.0
2653,2025-02-25 01:15:00,66.39,4.229999999999997,0.0,15.5,111.99,63.57,0.0,73.99,100.0,74.0,0.0,70.0,0.0,72.93666666666667,,,67.0,69.0,85.0,55.0,47.85,0.0
2654,2025-02-25 01:30:00,64.27666666666666,-2.119999999999997,0.0,16.333333333333332,111.04666666666668,63.57,0.0,73.99,100.0,74.0,0.0,70.0,0.0,72.89,,,67.0,69.0,85.0,55.0,50.11,0.0
2655,2025-02-25 01:45:00,63.56999999999999,0.0,0.0,15.833333333333334,110.57666666666668,63.57,0.0,73.99,100.0,74.0,0.0,70.0,0.0,72.95,,,67.0,69.0,85.0,55.0,47.94,0.0
2656,2025-02-25 02:00:00,63.57,0.0,0.0,16.833333333333332,111.41666666666669,63.57,0.0,73.99,100.0,74.0,0.0,70.0,0.0,72.9,,,67.0,69.0,85.0,55.0,51.01,0.0
2657,2025-02-25 02:15:00,64.27666666666666,0.0,0.0,15.666666666666666,114.33,63.57,0.0,73.99,100.0,74.0,0.0,70.0,0.0,72.99666666666667,,,67.0,69.0,85.0,55.0,48.08,0.0
2658,2025-02-25 02:30:00,64.98333333333333,2.119999999999997,0.0,15.833333333333334,114.40333333333332,63.57,0.0,73.99,100.0,74.0,0.0,70.0,0.0,73.15333333333334,,,67.0,69.0,85.0,55.0,48.09,0.0
2659,2025-02-25 02:45:00,64.98333333333333,0.0,0.0,16.833333333333332,114.08,63.57,0.0,73.99,100.0,74.0,0.0,70.0,0.0,73.23333333333333,,,67.0,69.0,85.0,55.0,48.63000000000001,0.0
2660,2025-02-25 03:00:00,64.98,0.0,0.0,16.833333333333332,114.15333333333336,63.57,0.0,73.99,100.0,74.0,0.0,70.0,0.0,73.24,,,67.0,69.0,85.0,55.0,48.010000000000005,0.0
2661,2025-02-25 03:15:00,64.27666666666666,0.0,0.0,17.333333333333332,109.25,63.57,0.0,73.99,100.0,74.0,0.0,70.0,0.0,73.16000000000001,,,67.0,69.0,85.0,55.0,50.55,0.0
2662,2025-02-25 03:30:00,64.98333333333333,0.0,0.0,16.166666666666668,113.34,63.57,0.0,73.99,100.0,74.0,0.0,70.0,0.0,73.12333333333333,,,67.0,69.0,85.0,55.0,47.17,0.0
2663,2025-02-25 03:45:00,63.56999999999999,0.0,0.0,15.833333333333334,114.08666666666666,63.57,0.0,73.99,100.0,74.0,0.0,70.0,0.0,73.23333333333333,,,67.0,69.0,85.0,55.0,48.22,0.0
2664,2025-02-25 04:00:00,63.57,0.0,0.0,16.166666666666668,114.3,63.57,0.0,73.99,100.0,74.0,0.0,70.0,0.0,73.24,,,67.0,69.0,85.0,55.0,48.42,0.0
2665,2025-02-25 04:15:00,63.57,0.0,0.0,17.166666666666668,112.23333333333332,63.57,0.0,73.99,100.0,74.0,0.0,70.0,0.0,73.27666666666666,,,67.0,69.0,85.0,55.0,48.52,0.0
2666,2025-02-25 04:30:00,64.98333333333333,0.0,0.0,17.666666666666668,110.91666666666669,63.57,0.0,73.99,100.0,74.0,0.0,70.0,0.0,73.10000000000001,,,67.0,69.0,85.0,55.0,49.71,0.0
2667,2025-02-25 04:45:00,64.27666666666666,2.119999999999997,0.0,16.5,114.65333333333332,63.57,0.0,73.99,100.0,74.0,0.0,70.0,0.0,73.16000000000001,,,67.0,69.0,85.0,55.0,48.30999999999999,0.0
2668,2025-02-25 05:00:00,64.27666666666666,0.0,0.0,17.166666666666668,110.95666666666666,63.57,0.0,73.99,100.0,74.0,0.0,70.0,0.0,73.14666666666666,,,67.0,69.0,85.0,55.0,48.53999999999999,0.0
2669,2025-02-25 05:15:00,64.98333333333333,2.119999999999997,0.0,17.166666666666668,114.03666666666668,63.57,0.0,73.99,100.0,74.0,0.0,70.0,0.0,73.03333333333335,,,67.0,69.0,85.0,55.0,48.35000000000001,0.0
2670,2025-02-25 05:30:00,64.27666666666666,0.0,0.0,16.5,115.18666666666668,63.57,0.0,73.99,100.0,74.0,0.0,70.0,0.0,73.15,,,67.0,69.0,85.0,55.0,48.75999999999999,0.0
2671,2025-02-25 05:45:00,64.27666666666666,2.119999999999997,0.0,17.666666666666668,111.37333333333332,63.57,0.0,73.99,100.0,74.0,0.0,70.0,0.0,73.11333333333333,,,67.0,69.0,85.0,55.0,48.92,0.0
2672,2025-02-25 06:00:00,66.39333333333333,2.119999999999997,0.0,17.5,114.38333333333333,63.57,0.0,73.99,100.0,74.0,0.0,70.0,0.0,73.03333333333335,,,67.0,69.0,85.0,55.0,48.03999999999999,0.0
2673,2025-02-25 06:15:00,62.86333333333334,-2.119999999999997,0.0,18.0,110.36,63.57,0.0,73.99,100.0,74.0,0.0,70.0,0.0,73.04,,,67.0,69.0,85.0,55.0,50.88,0.0
2674,2025-02-25 06:30:00,65.68666666666667,4.229999999999997,0.0,17.0,112.86333333333334,63.57,0.0,73.99,100.0,74.0,0.0,70.0,0.0,73.02333333333333,,,67.0,69.0,85.0,55.0,48.21000000000001,0.0
2675,2025-02-25 06:45:00,62.86333333333334,-2.119999999999997,0.0,18.166666666666668,111.81333333333332,63.57,0.0,73.99,100.0,74.0,0.0,70.0,0.0,72.94666666666667,,,67.0,69.0,85.0,55.0,51.31,0.0
2676,2025-02-25 07:00:00,64.98333333333333,0.0,0.0,16.833333333333332,112.21666666666664,63.57,0.0,73.99,100.0,74.0,0.0,70.0,0.0,73.03,,,67.0,69.0,85.0,55.0,48.64,0.0
2677,2025-02-25 07:15:00,64.98333333333333,0.0,0.0,18.0,112.13666666666666,63.57,0.0,73.99,100.0,74.0,0.0,70.0,0.0,72.93333333333334,,,67.0,69.0,85.0,55.0,51.09,0.0
2678,2025-02-25 07:30:00,64.27666666666666,0.0,0.0,17.333333333333332,111.38333333333333,63.57,0.0,73.99,100.0,74.0,0.0,70.0,0.0,73.0,,,67.0,69.0,85.0,55.0,48.81,0.0
2679,2025-02-25 07:45:00,64.98333333333333,2.119999999999997,0.0,18.33333333333333,112.50333333333332,63.57,0.0,73.99,100.0,74.0,0.0,70.0,0.0,72.93,,,67.0,69.0,85.0,55.0,50.99,0.0
2680,2025-02-25 08:00:00,62.86333333333334,0.0,0.0,17.333333333333332,110.85333333333334,63.57,0.0,73.99,100.0,74.0,0.0,70.0,0.0,73.03666666666668,,,67.0,69.0,85.0,55.0,49.1,0.0
2681,2025-02-25 08:15:00,64.98333333333333,0.0,0.0,17.666666666666668,113.57333333333334,63.57,0.0,73.99,100.0,74.0,0.0,70.0,0.0,72.95,,,67.0,69.0,85.0,55.0,48.43,0.0
2682,2025-02-25 08:30:00,64.98,2.119999999999997,0.0,16.666666666666668,115.00333333333332,63.57,0.0,73.99,100.0,74.0,0.0,70.0,0.0,73.10000000000001,,,67.0,69.0,85.0,55.0,49.02,0.0
2683,2025-02-25 08:45:00,65.69,2.119999999999997,0.0,16.666666666666668,115.36333333333332,63.57,0.0,73.99,100.0,74.0,0.0,70.0,0.0,73.22,,,67.0,69.0,85.0,55.0,49.44,0.0
2684,2025-02-25 09:00:00,64.27666666666666,0.0,0.0,16.833333333333332,114.94333333333334,63.57,0.0,73.99,100.0,74.0,0.0,70.0,0.0,73.27666666666666,,,67.0,69.0,85.0,55.0,49.120000000000005,0.0
2685,2025-02-25 09:15:00,62.86333333333334,-2.119999999999997,0.0,16.5,114.65666666666668,63.57,0.0,73.99,100.0,74.0,0.0,70.0,0.0,73.36666666666666,,,67.0,69.0,85.0,55.0,48.63000000000001,0.0
2686,2025-02-25 09:30:00,64.27666666666666,0.0,0.0,16.333333333333332,114.43333333333334,63.57,0.0,73.99,100.0,74.0,0.0,70.0,0.0,73.38666666666667,,,67.0,69.0,85.0,55.0,48.77,0.0
2687,2025-02-25 09:45:00,62.156666666666666,-2.119999999999997,0.0,17.0,111.97666666666667,63.57,0.0,73.99,100.0,74.0,0.0,70.0,0.0,73.42333333333333,,,67.0,69.0,85.0,55.0,48.78999999999999,0.0
2688,2025-02-25 10:00:00,64.27666666666666,0.0,0.0,18.0,110.76666666666664,63.57,0.0,73.99,100.0,74.0,0.0,70.0,0.0,73.16333333333334,,,67.0,69.0,85.0,55.0,50.19,0.0
2689,2025-02-25 10:15:00,62.86333333333334,0.0,0.0,17.833333333333332,107.81666666666666,63.57,0.0,73.99,100.0,74.0,0.0,70.0,0.0,73.11333333333333,,,67.0,69.0,85.0,55.0,48.56,0.0
2690,2025-02-25 10:30:00,64.98,4.229999999999997,0.0,17.5,110.44333333333331,63.57,0.0,73.99,100.0,74.0,0.0,70.0,0.0,72.94333333333333,,,67.0,69.0,85.0,55.0,48.25000000000001,0.0
2691,2025-02-25 10:45:00,64.27666666666666,0.0,0.0,18.0,106.57,63.57,0.0,73.99,100.0,74.0,0.0,70.0,0.0,72.91333333333334,,,67.0,69.0,85.0,55.0,51.14000000000001,0.0
2692,2025-02-25 11:00:00,65.68666666666667,0.0,0.0,17.666666666666668,111.16,63.57,0.0,73.99,100.0,74.0,0.0,70.0,0.0,72.74,,,67.0,69.0,85.0,55.0,49.0,0.0
2693,2025-02-25 11:15:00,64.27666666666666,0.0,0.0,18.0,108.68,63.57,0.0,73.99,100.0,74.0,0.0,70.0,0.0,72.79,,,67.0,69.0,85.0,55.0,52.05,0.0
2694,2025-02-25 11:30:00,64.98,4.229999999999997,0.0,16.833333333333332,112.84,63.57,0.0,73.99,100.0,74.0,0.0,70.0,0.0,72.82666666666667,,,67.0,69.0,85.0,55.0,48.06999999999999,0.0
2695,2025-02-25 11:45:00,63.57,0.0,0.0,17.0,113.40333333333336,63.57,0.0,73.99,100.0,74.0,0.0,70.0,0.0,72.96,,,67.0,69.0,85.0,55.0,49.16,0.0
2696,2025-02-25 12:00:00,61.45,0.0,0.0,18.0,113.43666666666668,63.57,0.0,73.99,100.0,74.0,0.0,70.0,0.0,73.06,,,67.0,69.0,85.0,55.0,49.6,0.0
2697,2025-02-25 12:15:00,64.98333333333333,2.119999999999997,0.0,18.5,113.33333333333331,63.57,0.0,73.99,100.0,74.0,0.0,70.0,0.0,73.09666666666668,,,67.0,69.0,85.0,55.0,49.38000000000001,0.0
2698,2025-02-25 12:30:00,64.27666666666666,0.0,0.0,18.5,113.22333333333334,63.57,0.0,73.99,100.0,74.0,0.0,70.0,0.0,73.18333333333334,,,67.0,69.0,85.0,55.0,49.57000000000001,0.0
2699,2025-02-25 12:45:00,64.27666666666666,0.0,0.0,18.5,113.37333333333332,63.57,0.0,73.99,100.0,74.0,0.0,70.0,0.0,73.22666666666667,,,67.0,69.0,85.0,55.0,49.19,0.0
2700,2025-02-25 13:00:00,64.27666666666666,0.0,0.0,18.5,113.6,63.57,0.0,73.99,100.0,74.0,0.0,70.0,0.0,73.26333333333334,,,67.0,69.0,85.0,55.0,49.31,0.0
2701,2025-02-25 13:15:00,64.98333333333333,2.119999999999997,0.0,18.666666666666668,113.79666666666668,63.57,0.0,73.99,100.0,74.0,0.0,70.0,0.0,73.35000000000001,,,67.0,69.0,85.0,55.0,49.02000000000001,0.0
2702,2025-02-25 13:30:00,64.98333333333333,2.119999999999997,0.0,17.5,113.65333333333336,63.57,0.0,73.99,100.0,74.0,0.0,70.0,0.0,73.61333333333333,,,67.0,69.0,85.0,55.0,48.92,0.0
2703,2025-02-25 13:45:00,63.57,0.0,0.0,17.5,113.02,63.57,0.0,73.99,90.25666666666666,74.0,0.0,70.0,0.0,74.44333333333333,,,67.0,69.0,85.0,55.0,49.13000000000001,0.0
2704,2025-02-25 14:00:00,62.156666666666666,,0.0,18.33333333333333,106.74333333333334,63.57,0.0,73.99,73.18666666666667,74.0,0.0,70.0,0.0,74.99,,,67.0,69.0,85.0,55.0,,
2705,2025-02-25 14:15:00,64.27666666666666,2.119999999999997,0.0,18.83333333333333,96.23666666666666,63.57,0.0,73.99,55.78,74.0,0.0,70.0,0.0,75.36666666666667,,,67.0,69.0,85.0,55.0,35.120000000000005,0.0
2706,2025-02-25 14:30:00,64.98333333333333,2.119999999999997,0.0,17.5,87.43333333333334,63.57,0.0,73.99,44.083333333333336,74.0,0.0,70.0,0.0,75.40666666666667,,,67.0,69.0,85.0,55.0,23.989999999999995,0.0
2707,2025-02-25 14:45:00,65.68666666666667,2.119999999999997,0.0,16.833333333333332,92.44,63.57,0.0,73.99,53.17666666666667,74.0,0.0,70.0,0.0,74.59333333333332,,,67.0,69.0,85.0,55.0,23.31,0.0
2708,2025-02-25 15:00:00,64.98333333333333,2.119999999999997,0.0,17.333333333333332,93.43,63.57,0.0,73.99,58.72666666666667,74.0,0.0,70.0,0.0,74.16333333333334,,,67.0,69.0,85.0,55.0,27.980000000000004,0.0
2709,2025-02-25 15:15:00,64.98,2.119999999999997,0.0,19.83333333333333,96.17333333333332,63.57,0.0,73.99,71.23,74.0,0.0,70.0,0.0,73.59666666666666,,,67.0,69.0,85.0,55.0,35.31,0.0
2710,2025-02-25 15:30:00,66.39333333333333,4.229999999999997,0.0,18.666666666666668,102.92,63.57,0.0,73.99,84.94666666666666,74.0,0.0,70.0,0.0,73.16666666666667,,,67.0,69.0,85.0,55.0,42.71,0.0
2711,2025-02-25 15:45:00,64.27666666666666,0.0,0.0,18.166666666666668,107.73666666666668,63.57,0.0,73.99,96.34666666666664,74.0,0.0,70.0,0.0,72.89,,,67.0,69.0,85.0,55.0,48.46000000000001,0.0
2712,2025-02-25 16:00:00,64.27666666666666,0.0,0.0,18.83333333333333,108.71333333333332,63.57,0.0,73.99,100.0,74.0,0.0,70.0,0.0,72.78333333333335,,,67.0,69.0,85.0,55.0,50.3,0.0
2713,2025-02-25 16:15:00,64.27666666666666,-2.119999999999997,0.0,18.0,108.70333333333332,63.57,0.0,73.99,100.0,74.0,0.0,70.0,0.0,72.79,,,67.0,69.0,85.0,55.0,50.28,0.0
2714,2025-02-25 16:30:00,64.98,0.0,0.0,17.666666666666668,109.21,63.57,0.0,73.99,100.0,74.0,0.0,70.0,0.0,72.77666666666666,,,67.0,69.0,85.0,55.0,49.92999999999999,0.0
2715,2025-02-25 16:45:00,65.68666666666667,2.119999999999997,0.0,17.666666666666668,109.54666666666668,63.57,0.0,73.99,100.0,74.0,0.0,70.0,0.0,72.70333333333333,,,67.0,69.0,85.0,55.0,50.080000000000005,0.0
2716,2025-02-25 17:00:00,64.27666666666666,0.0,0.0,17.166666666666668,109.52666666666666,63.57,0.0,73.99,100.0,74.0,0.0,70.0,0.0,72.66,,,67.0,69.0,85.0,55.0,49.81,0.0
2717,2025-02-25 17:15:00,64.27666666666666,2.119999999999997,0.0,16.666666666666668,109.69,63.57,0.0,73.99,100.0,74.0,0.0,70.0,0.0,72.66,,,67.0,69.0,85.0,55.0,49.54,0.0
2718,2025-02-25 17:30:00,65.68666666666667,2.119999999999997,0.0,16.5,109.45333333333332,63.57,0.0,73.99,100.0,74.0,0.0,70.0,0.0,72.66,,,67.0,69.0,85.0,55.0,49.06,0.0
2719,2025-02-25 17:45:00,65.68666666666667,2.119999999999997,0.0,16.5,109.55,63.57,0.0,73.99,100.0,74.0,0.0,70.0,0.0,72.71333333333332,,,67.0,69.0,85.0,55.0,48.89,0.0
2720,2025-02-25 18:00:00,64.98,4.229999999999997,0.0,16.833333333333332,109.89,63.57,0.0,73.99,100.0,74.0,0.0,70.0,0.0,72.73666666666666,,,67.0,69.0,85.0,55.0,48.71,0.0
2721,2025-02-25 18:15:00,67.09666666666666,4.229999999999997,0.0,16.5,109.50333333333332,63.57,0.0,73.99,100.0,74.0,0.0,70.0,0.0,72.79,,,67.0,69.0,85.0,55.0,48.73,0.0
2722,2025-02-25 18:30:00,64.98333333333333,2.119999999999997,0.0,16.5,109.54666666666668,63.57,0.0,73.99,100.0,74.0,0.0,70.0,0.0,72.77,,,67.0,69.0,85.0,55.0,48.92999999999999,0.0
2723,2025-02-25 18:45:00,66.39333333333333,2.119999999999997,0.0,16.5,109.31666666666666,63.57,0.0,73.99,100.0,74.0,0.0,70.0,0.0,72.81,,,67.0,69.0,85.0,55.0,48.3,0.0
2724,2025-02-25 19:00:00,64.27666666666666,0.0,0.0,15.666666666666666,109.20666666666666,63.57,0.0,73.99,100.0,74.0,0.0,70.0,0.0,73.50333333333333,,,67.0,69.0,85.0,55.0,48.05,0.0
2725,2025-02-25 19:15:00,65.69,2.119999999999997,0.0,15.5,107.90666666666668,63.57,0.0,73.99,91.62333333333332,74.0,0.0,70.0,0.0,74.37,,,67.0,69.0,85.0,55.0,48.1,0.0
2726,2025-02-25 19:30:00,64.27666666666666,2.119999999999997,0.0,15.333333333333334,104.1,63.57,0.0,73.99,81.25,74.0,0.0,70.0,0.0,74.62333333333333,,,67.0,69.0,85.0,55.0,43.35,0.0
2727,2025-02-25 19:45:00,66.39333333333333,4.229999999999997,0.0,14.833333333333334,107.90666666666668,63.57,0.0,73.99,94.65333333333336,74.0,0.0,70.0,0.0,73.87,,,67.0,69.0,85.0,55.0,45.16,0.0
2728,2025-02-25 20:00:00,64.27666666666666,2.119999999999997,0.0,14.5,108.98666666666668,63.57,0.0,73.99,99.80666666666669,74.0,0.0,70.0,0.0,73.65333333333332,,,67.0,69.0,85.0,55.0,47.63,0.0
2729,2025-02-25 20:15:00,63.57,0.0,0.0,14.5,108.51333333333334,63.57,0.0,73.99,100.0,74.0,0.0,70.0,0.0,73.53333333333335,,,67.0,69.0,85.0,55.0,47.26,0.0
2730,2025-02-25 20:30:00,65.68666666666667,2.119999999999997,0.0,14.166666666666666,108.43666666666668,63.57,0.0,73.99,100.0,74.0,0.0,70.0,0.0,73.54666666666667,,,67.0,69.0,85.0,55.0,47.17000000000001,0.0
2731,2025-02-25 20:45:00,64.98,4.229999999999997,0.0,13.833333333333334,107.9,63.57,0.0,73.99,100.0,74.0,0.0,70.0,0.0,73.57333333333334,,,67.0,69.0,85.0,55.0,46.89,0.0
2732,2025-02-25 21:00:00,63.57,0.0,0.0,14.333333333333334,108.02333333333333,63.57,0.0,73.99,100.0,74.0,0.0,70.0,0.0,73.55666666666667,,,67.0,69.0,85.0,55.0,47.14,0.0
2733,2025-02-25 21:15:00,64.27666666666666,0.0,0.0,14.333333333333334,107.63666666666666,63.57,0.0,73.99,100.0,74.0,0.0,70.0,0.0,73.61,,,67.0,69.0,85.0,55.0,46.74,0.0
2734,2025-02-25 21:30:00,65.69,2.119999999999997,0.0,14.5,107.45666666666666,63.57,0.0,73.99,100.0,74.0,0.0,70.0,0.0,73.64999999999999,,,67.0,69.0,85.0,55.0,46.59,0.0
2735,2025-02-25 21:45:00,67.09666666666666,2.119999999999997,0.0,15.333333333333334,107.35,63.57,0.0,73.99,100.0,74.0,0.0,70.0,0.0,73.65666666666668,,,67.0,69.0,85.0,55.0,47.720000000000006,0.0
2736,2025-02-25 22:00:00,64.98333333333333,2.119999999999997,0.0,14.833333333333334,106.90333333333336,63.57,0.0,73.99,100.0,74.0,0.0,70.0,0.0,73.56333333333333,,,67.0,69.0,85.0,55.0,47.370000000000005,0.0
2737,2025-02-25 22:15:00,64.98333333333333,2.119999999999997,0.0,14.666666666666666,106.67,63.57,0.0,73.99,100.0,74.0,0.0,70.0,0.0,73.52333333333333,,,67.0,69.0,85.0,55.0,47.54,0.0
2738,2025-02-25 22:30:00,64.27666666666666,0.0,0.0,14.666666666666666,106.75666666666666,63.57,0.0,73.99,100.0,74.0,0.0,70.0,0.0,73.53,,,67.0,69.0,85.0,55.0,47.5,0.0
2739,2025-02-25 22:45:00,62.86333333333334,0.0,0.0,14.5,106.47666666666667,63.57,0.0,73.99,100.0,74.0,0.0,70.0,0.0,73.53,,,67.0,69.0,85.0,55.0,47.31,0.0
2740,2025-02-25 23:00:00,64.98333333333333,0.0,0.0,14.833333333333334,106.4,63.57,0.0,73.99,100.0,74.0,0.0,70.0,0.0,73.45333333333333,,,67.0,69.0,85.0,55.0,47.2,0.0
2741,2025-02-25 23:15:00,65.68333333333334,-2.119999999999997,0.0,14.833333333333334,105.87333333333332,63.57,0.0,73.99,100.0,74.0,0.0,70.0,0.0,73.32333333333332,,,67.0,69.0,85.0,55.0,47.5,0.0
2742,2025-02-25 23:30:00,65.68666666666667,4.229999999999997,0.0,14.166666666666666,106.21333333333332,63.57,0.0,73.99,100.0,74.0,0.0,70.0,0.0,73.17,,,67.0,69.0,85.0,55.0,47.81,0.0
2743,2025-02-25 23:45:00,64.27666666666666,2.119999999999997,0.0,15.166666666666666,106.05,63.57,0.0,73.99,100.0,74.0,0.0,70.0,0.0,72.99333333333334,,,67.0,69.0,85.0,55.0,47.95,0.0
2744,2025-02-26 00:00:00,64.27666666666666,0.0,0.0,15.666666666666666,106.58333333333331,63.57,0.0,73.99,100.0,74.0,0.0,70.0,0.0,72.93666666666667,,,67.0,69.0,85.0,55.0,48.120000000000005,0.0
2745,2025-02-26 00:15:00,64.98,0.0,0.0,16.5,107.00666666666666,63.57,0.0,73.99,100.0,74.0,0.0,70.0,0.0,72.83666666666666,,,67.0,69.0,85.0,55.0,48.6,0.0
2746,2025-02-26 00:30:00,65.69,2.119999999999997,0.0,16.666666666666668,107.04333333333334,63.57,0.0,73.99,100.0,74.0,0.0,70.0,0.0,72.75333333333333,,,67.0,69.0,85.0,55.0,48.56,0.0
2747,2025-02-26 00:45:00,65.69,2.119999999999997,0.0,17.0,107.18,63.57,0.0,73.99,100.0,74.0,0.0,70.0,0.0,72.65666666666667,,,67.0,69.0,85.0,55.0,49.22,0.0
2748,2025-02-26 01:00:00,63.57,2.119999999999997,0.0,17.333333333333332,107.33,63.57,0.0,73.99,100.0,74.0,0.0,70.0,0.0,72.64999999999999,,,67.0,69.0,85.0,55.0,49.330000000000005,0.0
2749,2025-02-26 01:15:00,64.98333333333333,0.0,0.0,17.333333333333332,107.73333333333332,63.57,0.0,73.99,100.0,74.0,0.0,70.0,0.0,72.64666666666666,,,67.0,69.0,85.0,55.0,49.6,0.0
2750,2025-02-26 01:30:00,64.27666666666666,0.0,0.0,17.666666666666668,107.95333333333332,63.57,0.0,73.99,100.0,74.0,0.0,70.0,0.0,72.66666666666667,,,67.0,69.0,85.0,55.0,50.27,0.0
2751,2025-02-26 01:45:00,66.39333333333333,2.119999999999997,0.0,17.666666666666668,111.83,63.57,0.0,73.99,100.0,74.0,0.0,70.0,0.0,72.81333333333333,,,67.0,69.0,85.0,55.0,50.02,0.0
2752,2025-02-26 02:00:00,65.68666666666667,2.119999999999997,0.0,16.666666666666668,110.53333333333336,63.57,0.0,73.99,100.0,74.0,0.0,70.0,0.0,72.98666666666666,,,67.0,69.0,85.0,55.0,47.45,0.0
2753,2025-02-26 02:15:00,63.57,0.0,0.0,17.5,112.49666666666668,63.57,0.0,73.99,100.0,74.0,0.0,70.0,0.0,73.01,,,67.0,69.0,85.0,55.0,50.35,0.0
2754,2025-02-26 02:30:00,64.98,4.229999999999997,0.0,17.0,110.79666666666668,63.57,0.0,73.99,100.0,74.0,0.0,70.0,0.0,73.16333333333334,,,67.0,69.0,85.0,55.0,50.63,0.0
2755,2025-02-26 02:45:00,64.98333333333333,2.119999999999997,0.0,16.666666666666668,114.26,63.57,0.0,73.99,100.0,74.0,0.0,70.0,0.0,73.27333333333333,,,67.0,69.0,85.0,55.0,48.06,0.0
2756,2025-02-26 03:00:00,63.57,-2.119999999999997,0.0,16.166666666666668,111.56666666666666,63.57,0.0,73.99,100.0,74.0,0.0,70.0,0.0,73.47333333333334,,,67.0,69.0,85.0,55.0,48.85,0.0
2757,2025-02-26 03:15:00,63.57,-2.119999999999997,0.0,17.166666666666668,112.06,63.57,0.0,73.99,100.0,74.0,0.0,70.0,0.0,73.51,,,67.0,69.0,85.0,55.0,50.88999999999999,0.0
2758,2025-02-26 03:30:00,65.68666666666667,4.229999999999997,0.0,16.5,114.89666666666666,63.57,0.0,73.99,100.0,74.0,0.0,70.0,0.0,73.59333333333333,,,67.0,69.0,85.0,55.0,48.760000000000005,0.0
2759,2025-02-26 03:45:00,64.27666666666666,0.0,0.0,17.166666666666668,115.11333333333332,63.57,0.0,73.99,100.0,74.0,0.0,70.0,0.0,73.69,,,67.0,69.0,85.0,55.0,49.36999999999999,0.0
2760,2025-02-26 04:00:00,65.69,2.119999999999997,0.0,17.0,114.40666666666668,63.57,0.0,73.99,100.0,74.0,0.0,70.0,0.0,73.76666666666667,,,67.0,69.0,85.0,55.0,49.56,0.0
2761,2025-02-26 04:15:00,65.69,2.119999999999997,0.0,17.5,114.18666666666668,63.57,0.0,73.99,100.0,74.0,0.0,70.0,0.0,73.81,,,67.0,69.0,85.0,55.0,49.53,0.0
2762,2025-02-26 04:30:00,64.98,2.119999999999997,0.0,17.0,114.00666666666666,63.57,0.0,73.99,100.0,74.0,0.0,70.0,0.0,73.81666666666666,,,67.0,69.0,85.0,55.0,49.1,0.0
2763,2025-02-26 04:45:00,64.27666666666666,2.119999999999997,0.0,17.0,113.94333333333331,63.57,0.0,73.99,100.0,74.0,0.0,70.0,0.0,73.82333333333334,,,67.0,69.0,85.0,55.0,49.41,0.0
2764,2025-02-26 05:00:00,64.98,4.229999999999997,0.0,17.0,113.82666666666668,63.57,0.0,73.99,100.0,74.0,0.0,70.0,0.0,73.82333333333334,,,67.0,69.0,85.0,55.0,49.6,0.0
2765,2025-02-26 05:15:00,63.57,-2.119999999999997,0.0,17.5,114.09,63.57,0.0,73.99,100.0,74.0,0.0,70.0,0.0,73.81666666666666,,,67.0,69.0,85.0,55.0,49.52,0.0
2766,2025-02-26 05:30:00,65.69,2.119999999999997,0.0,17.333333333333332,113.79,63.57,0.0,73.99,100.0,74.0,0.0,70.0,0.0,73.81666666666666,,,67.0,69.0,85.0,55.0,49.59,0.0
2767,2025-02-26 05:45:00,62.86333333333334,-2.119999999999997,0.0,16.5,113.74666666666668,63.57,0.0,73.99,100.0,74.0,0.0,70.0,0.0,73.81666666666666,,,67.0,69.0,85.0,55.0,49.55,0.0
2768,2025-02-26 06:00:00,64.27666666666666,0.0,0.0,16.666666666666668,113.87666666666668,63.57,0.0,73.99,100.0,74.0,0.0,70.0,0.0,73.81,,,67.0,69.0,85.0,55.0,49.88999999999999,0.0
2769,2025-02-26 06:15:00,63.57,0.0,0.0,17.833333333333332,113.67333333333332,63.57,0.0,73.99,100.0,74.0,0.0,70.0,0.0,73.81,,,67.0,69.0,85.0,55.0,50.18,0.0
2770,2025-02-26 06:30:00,63.57,0.0,0.0,17.833333333333332,113.58333333333331,63.57,0.0,73.99,100.0,74.0,0.0,70.0,0.0,73.80333333333333,,,67.0,69.0,85.0,55.0,50.27,0.0
2771,2025-02-26 06:45:00,64.27666666666666,0.0,0.0,17.666666666666668,113.15666666666668,63.57,0.0,73.99,100.0,74.0,0.0,70.0,0.0,73.73666666666666,,,67.0,69.0,85.0,55.0,50.02,0.0
2772,2025-02-26 07:00:00,64.27666666666666,0.0,0.0,18.0,113.17333333333332,63.57,0.0,73.99,100.0,74.0,0.0,70.0,0.0,73.67666666666666,,,67.0,69.0,85.0,55.0,50.7,0.0
2773,2025-02-26 07:15:00,64.27666666666666,0.0,0.0,18.5,113.21,63.57,0.0,73.99,100.0,74.0,0.0,70.0,0.0,73.65,,,67.0,69.0,85.0,55.0,50.96,0.0
2774,2025-02-26 07:30:00,63.57,2.119999999999997,0.0,18.83333333333333,113.30666666666669,63.57,0.0,73.99,100.0,74.0,0.0,70.0,0.0,73.63666666666667,,,67.0,69.0,85.0,55.0,51.35999999999999,0.0
2775,2025-02-26 07:45:00,64.98333333333333,2.119999999999997,0.0,19.0,113.45,63.57,0.0,73.99,100.0,74.0,0.0,70.0,0.0,73.63000000000001,,,67.0,69.0,85.0,55.0,51.59,0.0
2776,2025-02-26 08:00:00,66.39333333333333,2.119999999999997,0.0,18.666666666666668,113.26,63.57,0.0,73.99,100.0,74.0,0.0,70.0,0.0,73.63666666666667,,,67.0,69.0,85.0,55.0,51.87,0.0
2777,2025-02-26 08:15:00,64.98333333333333,0.0,0.0,18.166666666666668,113.32333333333334,63.57,0.0,73.99,100.0,74.0,0.0,70.0,0.0,73.64333333333333,,,67.0,69.0,85.0,55.0,51.620000000000005,0.0
2778,2025-02-26 08:30:00,64.98333333333333,2.119999999999997,0.0,19.0,113.47,63.57,0.0,73.99,100.0,74.0,0.0,70.0,0.0,73.64333333333333,,,67.0,69.0,85.0,55.0,52.120000000000005,0.0
2779,2025-02-26 08:45:00,66.39333333333333,2.119999999999997,0.0,19.166666666666668,113.13,63.57,0.0,73.99,100.0,74.0,0.0,70.0,0.0,73.64999999999999,,,67.0,69.0,85.0,55.0,51.75,0.0
2780,2025-02-26 09:00:00,65.69,2.119999999999997,0.0,19.0,112.96333333333332,63.57,0.0,73.99,100.0,74.0,0.0,70.0,0.0,73.66333333333334,,,67.0,69.0,85.0,55.0,51.900000000000006,0.0
2781,2025-02-26 09:15:00,65.68666666666667,4.229999999999997,0.0,18.666666666666668,113.44,63.57,0.0,73.99,100.0,74.0,0.0,70.0,0.0,73.67,,,67.0,69.0,85.0,55.0,52.220000000000006,0.0
2782,2025-02-26 09:30:00,64.98333333333333,2.119999999999997,0.0,19.33333333333333,113.58333333333331,63.57,0.0,73.99,100.0,74.0,0.0,70.0,0.0,73.69,,,67.0,69.0,85.0,55.0,52.39999999999999,0.0
2783,2025-02-26 09:45:00,64.98333333333333,2.119999999999997,0.0,19.0,113.66666666666669,63.57,0.0,73.99,100.0,74.0,0.0,70.0,0.0,73.71666666666665,,,67.0,69.0,85.0,55.0,52.41,0.0
2784,2025-02-26 10:00:00,63.57,2.119999999999997,0.0,19.33333333333333,113.73333333333336,63.57,0.0,73.99,100.0,74.0,0.0,70.0,0.0,73.73333333333333,,,67.0,69.0,85.0,55.0,52.68000000000001,0.0
2785,2025-02-26 10:15:00,64.27666666666666,-2.119999999999997,0.0,19.666666666666668,113.70333333333332,63.57,0.0,73.99,100.0,74.0,0.0,70.0,0.0,73.8,,,67.0,69.0,85.0,55.0,52.55,0.0
2786,2025-02-26 10:30:00,64.27666666666666,0.0,0.0,19.666666666666668,113.36666666666667,63.57,0.0,73.99,100.0,74.0,0.0,70.0,0.0,73.80666666666667,,,67.0,69.0,85.0,55.0,52.42,0.0
2787,2025-02-26 10:45:00,64.98333333333333,2.119999999999997,0.0,19.0,113.45,63.57,0.0,73.99,100.0,74.0,0.0,70.0,0.0,73.82,,,67.0,69.0,85.0,55.0,52.11000000000001,0.0
2788,2025-02-26 11:00:00,64.98333333333333,0.0,0.0,19.666666666666668,113.36666666666667,63.57,0.0,73.99,100.0,74.0,0.0,70.0,0.0,73.81333333333333,,,67.0,69.0,85.0,55.0,52.48,0.0
2789,2025-02-26 11:15:00,64.98,4.229999999999997,0.0,19.666666666666668,112.91333333333334,63.57,0.0,73.99,100.0,74.0,0.0,70.0,0.0,73.82333333333334,,,67.0,69.0,85.0,55.0,52.25000000000001,0.0
2790,2025-02-26 11:30:00,66.39,0.0,0.0,20.166666666666668,112.82333333333334,63.57,0.0,73.99,100.0,74.0,0.0,70.0,0.0,73.81,,,67.0,69.0,85.0,55.0,52.26,0.0
2791,2025-02-26 11:45:00,65.69,2.119999999999997,0.0,19.33333333333333,113.09,63.57,0.0,73.99,100.0,74.0,0.0,70.0,0.0,73.81,,,67.0,69.0,85.0,55.0,51.87,0.0
2792,2025-02-26 12:00:00,64.98333333333333,0.0,0.0,20.33333333333333,112.97666666666667,63.57,0.0,73.99,100.0,74.0,0.0,70.0,0.0,73.80666666666667,,,67.0,69.0,85.0,55.0,52.2,0.0
2793,2025-02-26 12:15:00,64.98333333333333,2.119999999999997,0.0,19.5,112.92666666666666,63.57,0.0,73.99,100.0,74.0,0.0,70.0,0.0,73.79666666666667,,,67.0,69.0,85.0,55.0,52.01,0.0
2794,2025-02-26 12:30:00,63.56666666666666,-2.119999999999997,0.0,19.33333333333333,113.18666666666668,63.57,0.0,73.99,100.0,74.0,0.0,70.0,0.0,73.80666666666667,,,67.0,69.0,85.0,55.0,53.08,0.0
2795,2025-02-26 12:45:00,63.56666666666666,-2.119999999999997,0.0,19.83333333333333,113.45666666666666,63.57,0.0,73.99,100.0,74.0,0.0,70.0,0.0,73.79333333333334,,,67.0,69.0,85.0,55.0,53.13,0.0
2796,2025-02-26 13:00:00,65.69,2.119999999999997,0.0,20.0,113.60333333333334,63.57,0.0,73.99,100.0,74.0,0.0,70.0,0.0,73.8,,,67.0,69.0,85.0,55.0,52.96,0.0
2797,2025-02-26 13:15:00,64.98333333333333,2.119999999999997,0.0,19.5,113.71999999999998,63.57,0.0,73.99,100.0,74.0,0.0,70.0,0.0,73.81666666666666,,,67.0,69.0,85.0,55.0,52.22,0.0
2798,2025-02-26 13:30:00,65.68666666666667,2.119999999999997,0.0,19.5,114.18333333333334,63.57,0.0,73.99,99.26333333333334,74.0,0.0,70.0,0.0,73.94333333333333,,,67.0,69.0,85.0,55.0,52.38,0.0
2799,2025-02-26 13:45:00,65.69,2.119999999999997,0.0,20.166666666666668,113.01333333333332,63.57,0.0,73.99,88.82666666666667,74.0,0.0,70.0,0.0,74.43333333333332,,,67.0,69.0,85.0,55.0,52.33,0.0
2800,2025-02-26 14:00:00,66.39333333333333,2.119999999999997,0.0,19.83333333333333,111.92,63.57,0.0,73.99,85.98333333333333,74.0,0.0,70.0,0.0,74.42333333333333,,,67.0,69.0,85.0,55.0,48.830000000000005,0.0
2801,2025-02-26 14:15:00,63.57,0.0,0.0,18.5,109.98333333333332,63.57,0.0,73.99,79.73,74.0,0.0,70.0,0.0,74.56,,,67.0,69.0,85.0,55.0,46.96,0.0
2802,2025-02-26 14:30:00,64.27666666666666,2.119999999999997,0.0,18.83333333333333,106.96999999999998,63.57,0.0,73.99,72.11333333333333,74.0,0.0,70.0,0.0,74.7,,,67.0,69.0,85.0,55.0,42.81,0.0
2803,2025-02-26 14:45:00,64.27666666666666,0.0,0.0,19.166666666666668,104.27666666666669,63.57,0.0,73.99,66.98,74.0,0.0,70.0,0.0,74.68666666666667,,,67.0,69.0,85.0,55.0,40.05000000000001,0.0
2804,2025-02-26 15:00:00,66.39333333333333,2.119999999999997,0.0,18.33333333333333,100.97333333333334,63.57,0.0,73.99,62.53333333333333,74.0,0.0,70.0,0.0,74.64999999999999,,,67.0,69.0,85.0,55.0,35.84,0.0
2805,2025-02-26 15:15:00,64.27666666666666,2.119999999999997,0.0,18.83333333333333,94.86333333333334,63.57,0.0,73.99,60.78666666666667,74.0,0.0,70.0,0.0,74.50999999999999,,,67.0,69.0,85.0,55.0,33.02,0.0
2806,2025-02-26 15:30:00,64.98,0.0,0.0,19.33333333333333,96.59333333333332,63.57,0.0,73.99,63.17,74.0,0.0,70.0,0.0,74.25666666666667,,,67.0,69.0,85.0,55.0,34.46,0.0
2807,2025-02-26 15:45:00,62.86333333333334,0.0,0.0,19.33333333333333,95.25333333333332,63.57,0.0,73.99,65.08,74.0,0.0,70.0,0.0,74.06666666666666,,,67.0,69.0,85.0,55.0,34.919999999999995,0.0
2808,2025-02-26 16:00:00,64.27666666666666,2.119999999999997,0.0,20.0,99.62666666666668,63.57,0.0,73.99,72.36666666666666,74.0,0.0,70.0,0.0,73.76,,,67.0,69.0,85.0,55.0,39.470000000000006,0.0
2809,2025-02-26 16:15:00,64.98333333333333,2.119999999999997,0.0,19.0,102.25666666666666,63.57,0.0,73.99,77.18666666666667,74.0,0.0,70.0,0.0,73.64666666666666,,,67.0,69.0,85.0,55.0,41.940000000000005,0.0
2810,2025-02-26 16:30:00,64.98,0.0,0.0,18.33333333333333,103.8,63.57,0.0,73.99,78.22333333333333,74.0,0.0,70.0,0.0,73.71333333333332,,,67.0,69.0,85.0,55.0,43.85,0.0
2811,2025-02-26 16:45:00,63.56999999999999,0.0,0.0,18.0,104.95,63.57,0.0,73.99,80.12,74.0,0.0,70.0,0.0,73.72,,,67.0,69.0,85.0,55.0,43.77,0.0
2812,2025-02-26 17:00:00,62.86333333333334,0.0,0.0,18.0,106.56666666666666,63.57,0.0,73.99,83.19,74.0,0.0,70.0,0.0,73.67,,,67.0,69.0,85.0,55.0,45.65,0.0
2813,2025-02-26 17:15:00,64.27666666666666,2.119999999999997,0.0,18.0,108.07,63.57,0.0,73.99,87.14,74.0,0.0,70.0,0.0,73.61333333333334,,,67.0,69.0,85.0,55.0,46.63,0.0
2814,2025-02-26 17:30:00,62.86333333333334,-2.119999999999997,0.0,18.0,110.8,63.57,0.0,73.99,92.14,74.0,0.0,70.0,0.0,73.51666666666667,,,67.0,69.0,85.0,55.0,48.73,0.0
2815,2025-02-26 17:45:00,64.27666666666666,0.0,0.0,18.0,111.63333333333333,63.57,0.0,73.99,97.88333333333333,74.0,0.0,70.0,0.0,73.42,,,67.0,69.0,85.0,55.0,49.98,0.0
2816,2025-02-26 18:00:00,62.156666666666666,-2.119999999999997,0.0,18.83333333333333,112.12333333333332,63.57,0.0,73.99,100.0,74.0,0.0,70.0,0.0,73.36,,,67.0,69.0,85.0,55.0,50.31,0.0
2817,2025-02-26 18:15:00,64.98333333333333,2.119999999999997,0.0,19.0,111.63333333333333,63.57,0.0,73.99,100.0,74.0,0.0,70.0,0.0,73.38,,,67.0,69.0,85.0,55.0,50.2,0.0
2818,2025-02-26 18:30:00,65.69,2.119999999999997,0.0,17.5,111.49333333333334,63.57,0.0,73.99,100.0,74.0,0.0,70.0,0.0,73.41,,,67.0,69.0,85.0,55.0,49.27,0.0
2819,2025-02-26 18:45:00,64.98333333333333,2.119999999999997,0.0,17.5,111.35666666666668,63.57,0.0,73.99,100.0,74.0,0.0,70.0,0.0,73.43666666666667,,,67.0,69.0,85.0,55.0,49.190000000000005,0.0
2820,2025-02-26 19:00:00,64.27666666666666,-2.119999999999997,0.0,17.666666666666668,111.38,63.57,0.0,73.99,100.0,74.0,0.0,70.0,0.0,73.54666666666667,,,67.0,69.0,85.0,55.0,49.17,0.0
2821,2025-02-26 19:15:00,64.27666666666666,0.0,0.0,16.666666666666668,110.66,63.57,0.0,73.99,100.0,74.0,0.0,70.0,0.0,73.67666666666666,,,67.0,69.0,85.0,55.0,48.440000000000005,0.0
2822,2025-02-26 19:30:00,64.98333333333333,2.119999999999997,0.0,16.166666666666668,110.33666666666666,63.57,0.0,73.99,100.0,74.0,0.0,70.0,0.0,73.79666666666667,,,67.0,69.0,85.0,55.0,48.28,0.0
2823,2025-02-26 19:45:00,63.57,2.119999999999997,0.0,15.5,109.30333333333331,63.57,0.0,73.99,92.3,74.0,0.0,70.0,0.0,74.26666666666667,,,67.0,69.0,85.0,55.0,48.06999999999999,0.0
2824,2025-02-26 20:00:00,64.27666666666666,2.119999999999997,0.0,15.5,105.00333333333332,63.57,0.0,73.99,79.49,74.0,0.0,70.0,0.0,74.73666666666666,,,67.0,69.0,85.0,55.0,43.540000000000006,0.0
2825,2025-02-26 20:15:00,64.27666666666666,2.119999999999997,0.0,15.333333333333334,104.44666666666669,63.57,0.0,73.99,79.72666666666667,74.0,0.0,70.0,0.0,74.50333333333333,,,67.0,69.0,85.0,55.0,43.02,0.0
2826,2025-02-26 20:30:00,66.39333333333333,2.119999999999997,0.0,14.666666666666666,101.95,63.57,0.0,73.99,74.87,74.0,0.0,70.0,0.0,74.54,,,67.0,69.0,85.0,55.0,40.8,0.0
2827,2025-02-26 20:45:00,64.98333333333333,0.0,0.0,14.5,101.43666666666668,63.57,0.0,73.99,76.47666666666667,74.0,0.0,70.0,0.0,74.3,,,67.0,69.0,85.0,55.0,39.84,0.0
2828,2025-02-26 21:00:00,65.69,2.119999999999997,0.0,14.5,102.73,63.57,0.0,73.99,79.38,74.0,0.0,70.0,0.0,74.07333333333334,,,67.0,69.0,85.0,55.0,41.48,0.0
2829,2025-02-26 21:15:00,64.27666666666666,0.0,0.0,14.5,104.46666666666664,63.57,0.0,73.99,83.96999999999998,74.0,0.0,70.0,0.0,73.85666666666667,,,67.0,69.0,85.0,55.0,42.49999999999999,0.0
2830,2025-02-26 21:30:00,64.98333333333333,2.119999999999997,0.0,15.833333333333334,106.79333333333334,63.57,0.0,73.99,89.39666666666666,74.0,0.0,70.0,0.0,73.67666666666666,,,67.0,69.0,85.0,55.0,45.52,0.0
2831,2025-02-26 21:45:00,64.27666666666666,2.119999999999997,0.0,16.333333333333332,108.33666666666666,63.57,0.0,73.99,94.65333333333332,74.0,0.0,70.0,0.0,73.55333333333334,,,67.0,69.0,85.0,55.0,47.24,0.0
2832,2025-02-26 22:00:00,64.27666666666666,0.0,0.0,16.5,108.87333333333332,63.57,0.0,73.99,99.49,74.0,0.0,70.0,0.0,73.41666666666667,,,67.0,69.0,85.0,55.0,48.56,0.0
2833,2025-02-26 22:15:00,64.98333333333333,0.0,0.0,16.666666666666668,108.75333333333332,63.57,0.0,73.99,100.0,74.0,0.0,70.0,0.0,73.34666666666666,,,67.0,69.0,85.0,55.0,48.48,0.0
2834,2025-02-26 22:30:00,64.98,4.229999999999997,0.0,16.833333333333332,108.81333333333332,63.57,0.0,73.99,100.0,74.0,0.0,70.0,0.0,73.24,,,67.0,69.0,85.0,55.0,48.55,0.0
2835,2025-02-26 22:45:00,64.27666666666666,0.0,0.0,16.833333333333332,108.38666666666666,63.57,0.0,73.99,100.0,74.0,0.0,70.0,0.0,73.17,,,67.0,69.0,85.0,55.0,48.42,0.0
2836,2025-02-26 23:00:00,65.69,2.119999999999997,0.0,16.0,108.1,63.57,0.0,73.99,100.0,74.0,0.0,70.0,0.0,73.14,,,67.0,69.0,85.0,55.0,48.42999999999999,0.0
2837,2025-02-26 23:15:00,64.27666666666666,0.0,0.0,15.5,108.25333333333332,63.57,0.0,73.99,100.0,74.0,0.0,70.0,0.0,73.11,,,67.0,69.0,85.0,55.0,48.52,0.0
2838,2025-02-26 23:30:00,64.27666666666666,0.0,0.0,15.833333333333334,108.23666666666666,63.57,0.0,73.99,100.0,74.0,0.0,70.0,0.0,73.03,,,67.0,69.0,85.0,55.0,49.0,0.0
2839,2025-02-26 23:45:00,64.27666666666666,0.0,0.0,16.5,108.54333333333334,63.57,0.0,73.99,100.0,74.0,0.0,70.0,0.0,72.88666666666667,,,67.0,69.0,85.0,55.0,49.01,0.0
2840,2025-02-27 00:00:00,64.27666666666666,0.0,0.0,17.5,109.05666666666669,63.57,0.0,73.99,100.0,74.0,0.0,70.0,0.0,72.78333333333335,,,67.0,69.0,85.0,55.0,49.10000000000001,0.0
2841,2025-02-27 00:15:00,64.98333333333333,2.119999999999997,0.0,17.5,109.27333333333333,63.57,0.0,73.99,100.0,74.0,0.0,70.0,0.0,72.79,,,67.0,69.0,85.0,55.0,49.120000000000005,0.0
2842,2025-02-27 00:30:00,64.27666666666666,0.0,0.0,17.333333333333332,109.60333333333334,63.57,0.0,73.99,100.0,74.0,0.0,70.0,0.0,72.81333333333333,,,67.0,69.0,85.0,55.0,48.970000000000006,0.0
2843,2025-02-27 00:45:00,64.27666666666666,0.0,0.0,17.5,110.22666666666667,63.57,0.0,73.99,100.0,74.0,0.0,70.0,0.0,72.89333333333333,,,67.0,69.0,85.0,55.0,49.36999999999999,0.0
2844,2025-02-27 01:00:00,63.57,0.0,0.0,17.5,110.1,63.57,0.0,73.99,100.0,74.0,0.0,70.0,0.0,72.94333333333334,,,67.0,69.0,85.0,55.0,49.07,0.0
2845,2025-02-27 01:15:00,64.27666666666666,0.0,0.0,17.5,110.33666666666666,63.57,0.0,73.99,100.0,74.0,0.0,70.0,0.0,72.95,,,67.0,69.0,85.0,55.0,49.18,0.0
2846,2025-02-27 01:30:00,64.27666666666666,0.0,0.0,17.166666666666668,110.07666666666668,63.57,0.0,73.99,100.0,74.0,0.0,70.0,0.0,72.95,,,67.0,69.0,85.0,55.0,49.86,0.0
2847,2025-02-27 01:45:00,64.98,0.0,0.0,16.5,110.20333333333332,63.57,0.0,73.99,100.0,74.0,0.0,70.0,0.0,73.07666666666667,,,67.0,69.0,85.0,55.0,49.50000000000001,0.0
2848,2025-02-27 02:00:00,62.86333333333334,0.0,0.0,17.166666666666668,110.18666666666668,63.57,0.0,73.99,100.0,74.0,0.0,70.0,0.0,73.2,,,67.0,69.0,85.0,55.0,49.95,0.0
2849,2025-02-27 02:15:00,67.09666666666666,4.229999999999997,0.0,17.0,109.54333333333334,63.57,0.0,73.99,100.0,74.0,0.0,70.0,0.0,73.20666666666666,,,67.0,69.0,85.0,55.0,49.63999999999999,0.0
2850,2025-02-27 02:30:00,63.56999999999999,0.0,0.0,17.0,109.53666666666668,63.57,0.0,73.99,100.0,74.0,0.0,70.0,0.0,73.2,,,67.0,69.0,85.0,55.0,49.56,0.0
2851,2025-02-27 02:45:00,63.56999999999999,0.0,0.0,17.0,109.61666666666667,63.57,0.0,73.99,100.0,74.0,0.0,70.0,0.0,73.11666666666666,,,67.0,69.0,85.0,55.0,49.67999999999999,0.0
2852,2025-02-27 03:00:00,62.86333333333334,0.0,0.0,17.333333333333332,110.25666666666666,63.57,0.0,73.99,100.0,74.0,0.0,70.0,0.0,73.09666666666668,,,67.0,69.0,85.0,55.0,50.49999999999999,0.0
2853,2025-02-27 03:15:00,64.27666666666666,0.0,0.0,17.833333333333332,110.40333333333332,63.57,0.0,73.99,100.0,74.0,0.0,70.0,0.0,73.08666666666666,,,67.0,69.0,85.0,55.0,50.42000000000001,0.0
2854,2025-02-27 03:30:00,64.98333333333333,0.0,0.0,17.833333333333332,110.15333333333332,63.57,0.0,73.99,100.0,74.0,0.0,70.0,0.0,73.21333333333332,,,67.0,69.0,85.0,55.0,50.20000000000001,0.0
2855,2025-02-27 03:45:00,65.68666666666667,2.119999999999997,0.0,18.0,110.42333333333332,63.57,0.0,73.99,100.0,74.0,0.0,70.0,0.0,73.11666666666667,,,67.0,69.0,85.0,55.0,50.190000000000005,0.0
2856,2025-02-27 04:00:00,63.57,2.119999999999997,0.0,16.833333333333332,109.76666666666668,63.57,0.0,73.99,100.0,74.0,0.0,70.0,0.0,73.08333333333333,,,67.0,69.0,85.0,55.0,50.51,0.0
2857,2025-02-27 04:15:00,63.56999999999999,0.0,0.0,17.333333333333332,109.29666666666668,63.57,0.0,73.99,100.0,74.0,0.0,70.0,0.0,73.07666666666667,,,67.0,69.0,85.0,55.0,50.620000000000005,0.0
2858,2025-02-27 04:30:00,64.98333333333333,2.119999999999997,0.0,16.666666666666668,108.90333333333332,63.57,0.0,73.99,100.0,74.0,0.0,70.0,0.0,73.07333333333334,,,67.0,69.0,85.0,55.0,50.21,0.0
2859,2025-02-27 04:45:00,64.98,0.0,0.0,17.833333333333332,109.29333333333334,63.57,0.0,73.99,100.0,74.0,0.0,70.0,0.0,73.04666666666667,,,67.0,69.0,85.0,55.0,51.38,0.0
2860,2025-02-27 05:00:00,64.98333333333333,0.0,0.0,16.666666666666668,108.97666666666667,63.57,0.0,73.99,100.0,74.0,0.0,70.0,0.0,73.05333333333334,,,67.0,69.0,85.0,55.0,50.53999999999999,0.0
2861,2025-02-27 05:15:00,64.98333333333333,0.0,0.0,17.0,108.79666666666668,63.57,0.0,73.99,100.0,74.0,0.0,70.0,0.0,73.03,,,67.0,69.0,85.0,55.0,50.98,0.0
2862,2025-02-27 05:30:00,64.27666666666666,2.119999999999997,0.0,17.166666666666668,110.69333333333331,63.57,0.0,73.99,100.0,74.0,0.0,70.0,0.0,73.01666666666667,,,67.0,69.0,85.0,55.0,50.95,0.0
2863,2025-02-27 05:45:00,65.68666666666667,2.119999999999997,0.0,16.666666666666668,113.06,63.57,0.0,73.99,100.0,74.0,0.0,70.0,0.0,73.17333333333333,,,67.0,69.0,85.0,55.0,48.60000000000001,0.0
2864,2025-02-27 06:00:00,63.57,0.0,0.0,18.0,110.54,63.57,0.0,73.99,100.0,74.0,0.0,70.0,0.0,73.17666666666666,,,67.0,69.0,85.0,55.0,51.52,0.0
2865,2025-02-27 06:15:00,64.27666666666666,2.119999999999997,0.0,16.833333333333332,112.90666666666668,63.57,0.0,73.99,100.0,74.0,0.0,70.0,0.0,73.22,,,67.0,69.0,85.0,55.0,48.77,0.0
2866,2025-02-27 06:30:00,63.56999999999999,0.0,0.0,18.166666666666668,109.51,63.57,0.0,73.99,100.0,74.0,0.0,70.0,0.0,73.24333333333334,,,67.0,69.0,85.0,55.0,51.77,0.0
2867,2025-02-27 06:45:00,64.98333333333333,2.119999999999997,0.0,18.0,108.65000000000002,63.57,0.0,73.99,100.0,74.0,0.0,70.0,0.0,73.11,,,67.0,69.0,85.0,55.0,51.080000000000005,0.0
2868,2025-02-27 07:00:00,63.56999999999999,0.0,0.0,17.333333333333332,113.29333333333334,63.57,0.0,73.99,100.0,74.0,0.0,70.0,0.0,73.19333333333334,,,67.0,69.0,85.0,55.0,47.92,0.0
2869,2025-02-27 07:15:00,64.98333333333333,0.0,0.0,17.5,109.29333333333334,63.57,0.0,73.99,100.0,74.0,0.0,70.0,0.0,73.27,,,67.0,69.0,85.0,55.0,51.60999999999999,0.0
2870,2025-02-27 07:30:00,66.39,0.0,0.0,17.333333333333332,113.07333333333334,63.57,0.0,73.99,100.0,74.0,0.0,70.0,0.0,73.27333333333333,,,67.0,69.0,85.0,55.0,51.13,0.0
2871,2025-02-27 07:45:00,64.98333333333333,2.119999999999997,0.0,17.5,110.79,63.57,0.0,73.99,100.0,74.0,0.0,70.0,0.0,73.37333333333333,,,67.0,69.0,85.0,55.0,52.02,0.0
2872,2025-02-27 08:00:00,64.27666666666666,2.119999999999997,0.0,17.166666666666668,113.61333333333332,63.57,0.0,73.99,100.0,74.0,0.0,70.0,0.0,73.40666666666667,,,67.0,69.0,85.0,55.0,48.75,0.0
2873,2025-02-27 08:15:00,63.57,0.0,0.0,17.5,111.37,63.57,0.0,73.99,100.0,74.0,0.0,70.0,0.0,73.42333333333333,,,67.0,69.0,85.0,55.0,51.24,0.0
2874,2025-02-27 08:30:00,64.27333333333333,4.229999999999997,0.0,16.333333333333332,112.44333333333331,63.57,0.0,73.99,100.0,74.0,0.0,70.0,0.0,73.55666666666667,,,67.0,69.0,85.0,55.0,49.33,0.0
2875,2025-02-27 08:45:00,66.39333333333333,0.0,0.0,17.5,112.81333333333332,63.57,0.0,73.99,100.0,74.0,0.0,70.0,0.0,73.51666666666667,,,67.0,69.0,85.0,55.0,51.7,0.0
2876,2025-02-27 09:00:00,65.69,2.119999999999997,0.0,16.166666666666668,113.39666666666666,63.57,0.0,73.99,100.0,74.0,0.0,70.0,0.0,73.62,,,67.0,69.0,85.0,55.0,49.760000000000005,0.0
2877,2025-02-27 09:15:00,64.98333333333333,0.0,0.0,17.333333333333332,112.48,63.57,0.0,73.99,100.0,74.0,0.0,70.0,0.0,73.55666666666667,,,67.0,69.0,85.0,55.0,51.74999999999999,0.0
2878,2025-02-27 09:30:00,64.98333333333333,2.119999999999997,0.0,16.166666666666668,115.41666666666669,63.57,0.0,73.99,100.0,74.0,0.0,70.0,0.0,73.66333333333334,,,67.0,69.0,85.0,55.0,49.38,0.0
2879,2025-02-27 09:45:00,63.56999999999999,0.0,0.0,16.166666666666668,115.67666666666666,63.57,0.0,73.99,100.0,74.0,0.0,70.0,0.0,73.77333333333333,,,67.0,69.0,85.0,55.0,50.08,0.0
2880,2025-02-27 10:00:00,63.57,0.0,0.0,17.333333333333332,115.48333333333332,63.57,0.0,73.99,100.0,74.0,0.0,70.0,0.0,73.8,,,67.0,69.0,85.0,55.0,50.07000000000001,0.0
2881,2025-02-27 10:15:00,64.27666666666666,0.0,0.0,17.5,114.73333333333332,63.57,0.0,73.99,100.0,74.0,0.0,70.0,0.0,73.81,,,67.0,69.0,85.0,55.0,49.68000000000001,0.0
2882,2025-02-27 10:30:00,64.27666666666666,0.0,0.0,17.5,114.59,63.57,0.0,73.99,100.0,74.0,0.0,70.0,0.0,73.81,,,67.0,69.0,85.0,55.0,49.8,0.0
2883,2025-02-27 10:45:00,64.27666666666666,0.0,0.0,17.333333333333332,114.03333333333336,63.57,0.0,73.99,100.0,74.0,0.0,70.0,0.0,73.81333333333333,,,67.0,69.0,85.0,55.0,49.73,0.0
2884,2025-02-27 11:00:00,62.86333333333334,0.0,0.0,17.0,113.42,63.57,0.0,73.99,100.0,74.0,0.0,70.0,0.0,73.76666666666667,,,67.0,69.0,85.0,55.0,49.06999999999999,0.0
2885,2025-02-27 11:15:00,64.27666666666666,2.119999999999997,0.0,17.166666666666668,113.47,63.57,0.0,73.99,100.0,74.0,0.0,70.0,0.0,73.69333333333333,,,67.0,69.0,85.0,55.0,49.27000000000001,0.0
2886,2025-02-27 11:30:00,63.56999999999999,0.0,0.0,17.666666666666668,113.44333333333331,63.57,0.0,73.99,100.0,74.0,0.0,70.0,0.0,73.72666666666667,,,67.0,69.0,85.0,55.0,49.21,0.0
2887,2025-02-27 11:45:00,61.45000000000001,-2.119999999999997,0.0,17.833333333333332,113.44333333333334,63.57,0.0,73.99,100.0,74.0,0.0,70.0,0.0,73.78666666666668,,,67.0,69.0,85.0,55.0,49.24000000000001,0.0
2888,2025-02-27 12:00:00,63.57,-2.119999999999997,0.0,18.0,113.28666666666668,63.57,0.0,73.99,100.0,74.0,0.0,70.0,0.0,73.72,,,67.0,69.0,85.0,55.0,49.41,0.0
2889,2025-02-27 12:15:00,64.27666666666666,0.0,0.0,18.0,113.07333333333334,63.57,0.0,73.99,100.0,74.0,0.0,70.0,0.0,73.69,,,67.0,69.0,85.0,55.0,49.11,0.0
2890,2025-02-27 12:30:00,64.98333333333333,2.119999999999997,0.0,17.666666666666668,113.35333333333334,63.57,0.0,73.99,100.0,74.0,0.0,70.0,0.0,73.60000000000001,,,67.0,69.0,85.0,55.0,49.33,0.0
2891,2025-02-27 12:45:00,64.98333333333333,2.119999999999997,0.0,17.666666666666668,113.52,63.57,0.0,73.99,100.0,74.0,0.0,70.0,0.0,73.52333333333333,,,67.0,69.0,85.0,55.0,49.64,0.0
2892,2025-02-27 13:00:00,62.86333333333334,-2.119999999999997,0.0,18.166666666666668,113.54,63.57,0.0,73.99,100.0,74.0,0.0,70.0,0.0,73.44333333333333,,,67.0,69.0,85.0,55.0,49.88,0.0
2893,2025-02-27 13:15:00,64.98333333333333,2.119999999999997,0.0,18.166666666666668,113.44,63.57,0.0,73.99,100.0,74.0,0.0,70.0,0.0,73.36999999999999,,,67.0,69.0,85.0,55.0,49.650000000000006,0.0
2894,2025-02-27 13:30:00,64.27666666666666,0.0,0.0,18.0,113.40666666666668,63.57,0.0,73.99,100.0,74.0,0.0,70.0,0.0,73.36,,,67.0,69.0,85.0,55.0,49.8,0.0
2895,2025-02-27 13:45:00,64.98333333333333,2.119999999999997,0.0,18.0,113.36666666666667,63.57,0.0,73.99,100.0,74.0,0.0,70.0,0.0,73.35666666666667,,,67.0,69.0,85.0,55.0,49.74,0.0
2896,2025-02-27 14:00:00,62.86333333333334,-2.119999999999997,0.0,18.166666666666668,113.55666666666669,63.57,0.0,73.99,100.0,74.0,0.0,70.0,0.0,73.26666666666667,,,67.0,69.0,85.0,55.0,49.46000000000001,0.0
2897,2025-02-27 14:15:00,65.69,2.119999999999997,0.0,18.33333333333333,113.49,63.57,0.0,73.99,100.0,74.0,0.0,70.0,0.0,73.20666666666666,,,67.0,69.0,85.0,55.0,49.48,0.0
2898,2025-02-27 14:30:00,64.27666666666666,2.119999999999997,0.0,17.333333333333332,113.35333333333334,63.57,0.0,73.99,100.0,74.0,0.0,70.0,0.0,73.22,,,67.0,69.0,85.0,55.0,49.03,0.0
2899,2025-02-27 14:45:00,62.156666666666666,-2.119999999999997,0.0,17.166666666666668,113.77,63.57,0.0,73.99,100.0,74.0,0.0,70.0,0.0,73.25666666666666,,,67.0,69.0,85.0,55.0,48.85000000000001,0.0
2900,2025-02-27 15:00:00,63.57,-2.119999999999997,0.0,17.833333333333332,113.82666666666668,63.57,0.0,73.99,100.0,74.0,0.0,70.0,0.0,73.36999999999999,,,67.0,69.0,85.0,55.0,48.900000000000006,0.0
2901,2025-02-27 15:15:00,63.57,0.0,0.0,18.0,113.61333333333332,63.57,0.0,73.99,100.0,74.0,0.0,70.0,0.0,73.38,,,67.0,69.0,85.0,55.0,48.11999999999999,0.0
2902,2025-02-27 15:30:00,66.39333333333333,4.229999999999997,0.0,17.666666666666668,114.23,63.57,0.0,73.99,100.0,74.0,0.0,70.0,0.0,73.45333333333333,,,67.0,69.0,85.0,55.0,48.14,0.0
2903,2025-02-27 15:45:00,64.98333333333333,0.0,0.0,17.833333333333332,115.3,63.57,0.0,73.99,100.0,74.0,0.0,70.0,0.0,73.50333333333333,,,67.0,69.0,85.0,55.0,49.07000000000001,0.0
2904,2025-02-27 16:00:00,64.98333333333333,0.0,0.0,18.0,115.36333333333334,63.57,0.0,73.99,100.0,74.0,0.0,70.0,0.0,73.52333333333333,,,67.0,69.0,85.0,55.0,48.69,0.0
2905,2025-02-27 16:15:00,64.98333333333333,0.0,0.0,17.5,115.27,63.57,0.0,73.99,100.0,74.0,0.0,70.0,0.0,73.65333333333334,,,67.0,69.0,85.0,55.0,48.2,0.0
2906,2025-02-27 16:30:00,64.27666666666666,0.0,0.0,16.5,113.94666666666669,63.57,0.0,73.99,100.0,74.0,0.0,70.0,0.0,73.80666666666667,,,67.0,69.0,85.0,55.0,47.74000000000001,0.0
2907,2025-02-27 16:45:00,62.86333333333334,0.0,0.0,18.0,108.03000000000002,63.57,0.0,73.99,100.0,74.0,0.0,70.0,0.0,73.79333333333334,,,67.0,69.0,85.0,55.0,49.690000000000005,0.0
2908,2025-02-27 17:00:00,64.98333333333333,2.119999999999997,0.0,19.0,107.54,63.57,0.0,73.99,100.0,74.0,0.0,70.0,0.0,73.42333333333333,,,67.0,69.0,85.0,55.0,49.45,0.0
2909,2025-02-27 17:15:00,64.27666666666666,2.119999999999997,0.0,19.0,108.09333333333332,63.57,0.0,73.99,100.0,74.0,0.0,70.0,0.0,73.28333333333333,,,67.0,69.0,85.0,55.0,49.49999999999999,0.0
2910,2025-02-27 17:30:00,64.27666666666666,0.0,0.0,19.0,108.55,63.57,0.0,73.99,100.0,74.0,0.0,70.0,0.0,73.24,,,67.0,69.0,85.0,55.0,49.96,0.0
2911,2025-02-27 17:45:00,64.27666666666666,0.0,0.0,18.666666666666668,108.79,63.57,0.0,73.99,100.0,74.0,0.0,70.0,0.0,73.31666666666666,,,67.0,69.0,85.0,55.0,49.870000000000005,0.0
2912,2025-02-27 18:00:00,64.27666666666666,2.119999999999997,0.0,17.833333333333332,108.95666666666666,63.57,0.0,73.99,100.0,74.0,0.0,70.0,0.0,73.87,,,67.0,69.0,85.0,55.0,49.91,0.0
2913,2025-02-27 18:15:00,65.68666666666667,0.0,0.0,17.5,108.83666666666666,63.57,0.0,73.99,100.0,74.0,0.0,70.0,0.0,73.78333333333333,,,67.0,69.0,85.0,55.0,50.21000000000001,0.0
2914,2025-02-27 18:30:00,62.156666666666666,0.0,0.0,17.666666666666668,108.84666666666668,63.57,0.0,73.99,100.0,74.0,0.0,70.0,0.0,73.7,,,67.0,69.0,85.0,55.0,49.94,0.0
2915,2025-02-27 18:45:00,66.39,0.0,0.0,17.5,108.75666666666666,63.57,0.0,73.99,100.0,74.0,0.0,70.0,0.0,73.67,,,67.0,69.0,85.0,55.0,50.05,0.0
2916,2025-02-27 19:00:00,64.98,-2.119999999999997,0.0,16.666666666666668,108.86,63.57,0.0,73.99,100.0,74.0,0.0,70.0,0.0,73.76333333333334,,,67.0,69.0,85.0,55.0,49.55,0.0
2917,2025-02-27 19:15:00,64.98333333333333,2.119999999999997,0.0,16.666666666666668,108.98,63.57,0.0,73.99,100.0,74.0,0.0,70.0,0.0,73.71666666666667,,,67.0,69.0,85.0,55.0,49.75000000000001,0.0
2918,2025-02-27 19:30:00,64.27666666666666,-2.119999999999997,0.0,16.833333333333332,108.87666666666668,63.57,0.0,73.99,100.0,74.0,0.0,70.0,0.0,73.53333333333335,,,67.0,69.0,85.0,55.0,49.42,0.0
2919,2025-02-27 19:45:00,65.69,2.119999999999997,0.0,16.5,108.66,63.57,0.0,73.99,100.0,74.0,0.0,70.0,0.0,73.64333333333333,,,67.0,69.0,85.0,55.0,49.17,0.0
2920,2025-02-27 20:00:00,64.98333333333333,0.0,0.0,16.0,108.47,63.57,0.0,73.99,100.0,74.0,0.0,70.0,0.0,73.64,,,67.0,69.0,85.0,55.0,49.23,0.0
2921,2025-02-27 20:15:00,65.68666666666667,2.119999999999997,0.0,16.333333333333332,108.54,63.57,0.0,73.99,100.0,74.0,0.0,70.0,0.0,73.51666666666667,,,67.0,69.0,85.0,55.0,49.13000000000001,0.0
2922,2025-02-27 20:30:00,63.57,2.119999999999997,0.0,15.833333333333334,108.19666666666669,63.57,0.0,73.99,100.0,74.0,0.0,70.0,0.0,73.37333333333333,,,67.0,69.0,85.0,55.0,48.76,0.0
2923,2025-02-27 20:45:00,64.98333333333333,2.119999999999997,0.0,16.333333333333332,108.33666666666666,63.57,0.0,73.99,100.0,74.0,0.0,70.0,0.0,73.33333333333333,,,67.0,69.0,85.0,55.0,49.32000000000001,0.0
2924,2025-02-27 21:00:00,64.27666666666666,0.0,0.0,16.166666666666668,108.16333333333334,63.57,0.0,73.99,100.0,74.0,0.0,70.0,0.0,73.33999999999999,,,67.0,69.0,85.0,55.0,49.11,0.0
2925,2025-02-27 21:15:00,64.98333333333333,2.119999999999997,0.0,15.5,108.27666666666666,63.57,0.0,73.99,100.0,74.0,0.0,70.0,0.0,73.23333333333333,,,67.0,69.0,85.0,55.0,48.68,0.0
2926,2025-02-27 21:30:00,64.98333333333333,2.119999999999997,0.0,15.5,107.88,63.57,0.0,73.99,100.0,74.0,0.0,70.0,0.0,73.22666666666667,,,67.0,69.0,85.0,55.0,48.73,0.0
2927,2025-02-27 21:45:00,64.98333333333333,2.119999999999997,0.0,15.333333333333334,107.65,63.57,0.0,73.99,100.0,74.0,0.0,70.0,0.0,73.23333333333333,,,67.0,69.0,85.0,55.0,48.71999999999999,0.0
2928,2025-02-27 22:00:00,65.68666666666667,4.229999999999997,0.0,15.0,107.56333333333332,63.57,0.0,73.99,100.0,74.0,0.0,70.0,0.0,73.32666666666667,,,67.0,69.0,85.0,55.0,48.79,0.0
2929,2025-02-27 22:15:00,65.69,2.119999999999997,0.0,15.666666666666666,106.98666666666668,63.57,0.0,73.99,96.01666666666668,74.0,0.0,70.0,0.0,74.08,,,67.0,69.0,85.0,55.0,48.89000000000001,0.0
2930,2025-02-27 22:30:00,64.27666666666666,0.0,0.0,16.166666666666668,102.50666666666666,63.57,0.0,73.99,79.73333333333333,74.0,0.0,70.0,0.0,74.80333333333333,,,67.0,69.0,85.0,55.0,47.23,0.0
2931,2025-02-27 22:45:00,64.27666666666666,2.119999999999997,0.0,15.166666666666666,96.87666666666668,63.57,0.0,73.99,71.2,74.0,0.0,70.0,0.0,74.90666666666667,,,67.0,69.0,85.0,55.0,39.88,0.0
2932,2025-02-27 23:00:00,64.27666666666666,0.0,0.0,16.0,101.48,63.57,0.0,73.99,82.23666666666666,74.0,0.0,70.0,0.0,74.11333333333333,,,67.0,69.0,85.0,55.0,40.65,0.0
2933,2025-02-27 23:15:00,64.98333333333333,2.119999999999997,0.0,17.0,107.56333333333332,63.57,0.0,73.99,86.24000000000001,74.0,0.0,70.0,0.0,73.91666666666667,,,67.0,69.0,85.0,55.0,46.31,0.0
2934,2025-02-27 23:30:00,64.98333333333333,2.119999999999997,0.0,15.833333333333334,105.09666666666664,63.57,0.0,73.99,81.67333333333333,74.0,0.0,70.0,0.0,74.13666666666667,,,67.0,69.0,85.0,55.0,43.17999999999999,0.0
2935,2025-02-27 23:45:00,65.68666666666667,0.0,0.0,16.333333333333332,106.85666666666668,63.57,0.0,73.99,82.98666666666666,74.0,0.0,70.0,0.0,74.02333333333333,,,67.0,69.0,85.0,55.0,46.34,0.0
2936,2025-02-28 00:00:00,64.98,0.0,0.0,16.833333333333332,105.55333333333331,63.57,0.0,73.99,84.69666666666667,74.0,0.0,70.0,0.0,73.95,,,67.0,69.0,85.0,55.0,45.43000000000001,0.0
2937,2025-02-28 00:15:00,65.68666666666667,6.350000000000001,0.0,16.5,109.13666666666666,63.57,0.0,73.99,87.98666666666666,74.0,0.0,70.0,0.0,73.83666666666666,,,67.0,69.0,85.0,55.0,44.47999999999999,0.0
2938,2025-02-28 00:30:00,62.86333333333334,-2.119999999999997,0.0,17.666666666666668,110.25,63.57,0.0,73.99,92.58,74.0,0.0,70.0,0.0,73.70666666666666,,,67.0,69.0,85.0,55.0,48.470000000000006,0.0
2939,2025-02-28 00:45:00,64.27666666666666,2.119999999999997,0.0,17.0,110.14,63.57,0.0,73.99,94.41333333333334,74.0,0.0,70.0,0.0,73.72,,,67.0,69.0,85.0,55.0,47.78999999999999,0.0
2940,2025-02-28 01:00:00,64.98333333333333,0.0,0.0,17.333333333333332,113.20333333333332,63.57,0.0,73.99,99.61666666666667,74.0,0.0,70.0,0.0,73.58,,,67.0,69.0,85.0,55.0,47.85,0.0
2941,2025-02-28 01:15:00,63.57,-2.119999999999997,0.0,18.0,110.3,63.57,0.0,73.99,99.89333333333332,74.0,0.0,70.0,0.0,73.57000000000001,,,67.0,69.0,85.0,55.0,51.05,0.0
2942,2025-02-28 01:30:00,64.27666666666666,2.119999999999997,0.0,17.166666666666668,113.16,63.57,0.0,73.99,100.0,74.0,0.0,70.0,0.0,73.59333333333333,,,67.0,69.0,85.0,55.0,48.31,0.0
2943,2025-02-28 01:45:00,63.57,0.0,0.0,18.5,111.5,63.57,0.0,73.99,100.0,74.0,0.0,70.0,0.0,73.55,,,67.0,69.0,85.0,55.0,51.63,0.0
2944,2025-02-28 02:00:00,65.69,2.119999999999997,0.0,17.0,114.94666666666669,63.57,0.0,73.99,100.0,74.0,0.0,70.0,0.0,73.61,,,67.0,69.0,85.0,55.0,48.8,0.0
2945,2025-02-28 02:15:00,63.57,0.0,0.0,17.0,115.37,63.57,0.0,73.99,100.0,74.0,0.0,70.0,0.0,73.72666666666667,,,67.0,69.0,85.0,55.0,49.260000000000005,0.0
2946,2025-02-28 02:30:00,63.57,2.119999999999997,0.0,17.333333333333332,115.48666666666666,63.57,0.0,73.99,100.0,74.0,0.0,70.0,0.0,73.81666666666666,,,67.0,69.0,85.0,55.0,49.61999999999999,0.0
2947,2025-02-28 02:45:00,64.27666666666666,2.119999999999997,0.0,18.666666666666668,115.23,63.57,0.0,73.99,100.0,74.0,0.0,70.0,0.0,73.86666666666666,,,67.0,69.0,85.0,55.0,49.60000000000001,0.0
2948,2025-02-28 03:00:00,64.98333333333333,0.0,0.0,17.5,114.70333333333332,63.57,0.0,73.99,100.0,74.0,0.0,70.0,0.0,73.96,,,67.0,69.0,85.0,55.0,49.21,0.0
2949,2025-02-28 03:15:00,64.27666666666666,0.0,0.0,17.333333333333332,114.93,63.57,0.0,73.99,100.0,74.0,0.0,70.0,0.0,73.97333333333334,,,67.0,69.0,85.0,55.0,49.39,0.0
2950,2025-02-28 03:30:00,62.86333333333334,-2.119999999999997,0.0,18.5,114.82666666666668,63.57,0.0,73.99,100.0,74.0,0.0,70.0,0.0,73.98,,,67.0,69.0,85.0,55.0,49.47,0.0
2951,2025-02-28 03:45:00,66.39333333333333,4.229999999999997,0.0,19.0,114.71666666666664,63.57,0.0,73.99,100.0,74.0,0.0,70.0,0.0,73.97333333333334,,,67.0,69.0,85.0,55.0,49.72,0.0
2952,2025-02-28 04:00:00,65.68666666666667,4.229999999999997,0.0,19.0,114.46333333333332,63.57,0.0,73.99,100.0,74.0,0.0,70.0,0.0,73.97333333333334,,,67.0,69.0,85.0,55.0,49.72,0.0
2953,2025-02-28 04:15:00,64.98333333333333,0.0,0.0,19.0,114.51666666666668,63.57,0.0,73.99,100.0,74.0,0.0,70.0,0.0,73.96666666666665,,,67.0,69.0,85.0,55.0,49.64,0.0
2954,2025-02-28 04:30:00,64.27666666666666,0.0,0.0,19.0,114.07333333333334,63.57,0.0,73.99,100.0,74.0,0.0,70.0,0.0,73.98,,,67.0,69.0,85.0,55.0,49.6,0.0
2955,2025-02-28 04:45:00,64.98333333333333,0.0,0.0,19.0,114.08666666666666,63.57,0.0,73.99,100.0,74.0,0.0,70.0,0.0,73.97333333333334,,,67.0,69.0,85.0,55.0,49.81,0.0
2956,2025-02-28 05:00:00,65.69,2.119999999999997,0.0,18.83333333333333,113.87,63.57,0.0,73.99,100.0,74.0,0.0,70.0,0.0,73.96,,,67.0,69.0,85.0,55.0,49.48,0.0
2957,2025-02-28 05:15:00,65.68666666666667,4.229999999999997,0.0,18.5,114.01666666666668,63.57,0.0,73.99,100.0,74.0,0.0,70.0,0.0,73.96,,,67.0,69.0,85.0,55.0,49.74,0.0
2958,2025-02-28 05:30:00,65.68666666666667,0.0,0.0,19.166666666666668,114.23666666666668,63.57,0.0,73.99,100.0,74.0,0.0,70.0,0.0,73.92666666666666,,,67.0,69.0,85.0,55.0,50.38,0.0
2959,2025-02-28 05:45:00,65.69,2.119999999999997,0.0,19.0,113.72,63.57,0.0,73.99,100.0,74.0,0.0,70.0,0.0,73.92,,,67.0,69.0,85.0,55.0,49.95,0.0
2960,2025-02-28 06:00:00,63.57,0.0,0.0,19.166666666666668,113.93666666666668,63.57,0.0,73.99,100.0,74.0,0.0,70.0,0.0,73.84333333333333,,,67.0,69.0,85.0,55.0,50.21,0.0
2961,2025-02-28 06:15:00,65.69,2.119999999999997,0.0,20.0,113.95333333333332,63.57,0.0,73.99,100.0,74.0,0.0,70.0,0.0,73.83,,,67.0,69.0,85.0,55.0,50.55,0.0
2962,2025-02-28 06:30:00,63.57,0.0,0.0,20.0,113.96999999999998,63.57,0.0,73.99,100.0,74.0,0.0,70.0,0.0,73.82333333333334,,,67.0,69.0,85.0,55.0,50.89,0.0
2963,2025-02-28 06:45:00,64.98,4.229999999999997,0.0,20.0,113.85,63.57,0.0,73.99,100.0,74.0,0.0,70.0,0.0,73.81666666666666,,,67.0,69.0,85.0,55.0,51.290000000000006,0.0
2964,2025-02-28 07:00:00,64.98333333333333,0.0,0.0,20.5,114.30333333333331,63.57,0.0,73.99,100.0,74.0,0.0,70.0,0.0,73.81666666666666,,,67.0,69.0,85.0,55.0,51.63,0.0
2965,2025-02-28 07:15:00,65.69,2.119999999999997,0.0,20.166666666666668,114.21666666666664,63.57,0.0,73.99,100.0,74.0,0.0,70.0,0.0,73.84333333333333,,,67.0,69.0,85.0,55.0,51.78,0.0
2966,2025-02-28 07:30:00,64.98,4.229999999999997,0.0,20.166666666666668,114.51333333333332,63.57,0.0,73.99,100.0,74.0,0.0,70.0,0.0,73.93333333333334,,,67.0,69.0,85.0,55.0,51.41,0.0
2967,2025-02-28 07:45:00,64.98333333333333,2.119999999999997,0.0,20.0,114.38333333333333,63.57,0.0,73.99,100.0,74.0,0.0,70.0,0.0,73.94666666666666,,,67.0,69.0,85.0,55.0,51.970000000000006,0.0
2968,2025-02-28 08:00:00,63.57,0.0,0.0,19.5,114.32666666666668,63.57,0.0,73.99,100.0,74.0,0.0,70.0,0.0,73.98,,,67.0,69.0,85.0,55.0,52.06999999999999,0.0
2969,2025-02-28 08:15:00,63.57,0.0,0.0,20.33333333333333,114.72,63.57,0.0,73.99,100.0,74.0,0.0,70.0,0.0,73.96666666666665,,,67.0,69.0,85.0,55.0,52.29,0.0
2970,2025-02-28 08:30:00,64.27666666666666,0.0,0.0,20.0,114.24333333333334,63.57,0.0,73.99,100.0,74.0,0.0,70.0,0.0,73.96666666666665,,,67.0,69.0,85.0,55.0,52.24,0.0
2971,2025-02-28 08:45:00,64.27666666666666,,0.0,20.0,114.22333333333334,63.57,0.0,73.99,100.0,74.0,0.0,70.0,0.0,73.93333333333334,,,67.0,69.0,85.0,55.0,,
2972,2025-02-28 09:00:00,65.69,2.119999999999997,0.0,18.666666666666668,113.71666666666664,63.57,0.0,73.99,100.0,74.0,0.0,70.0,0.0,73.96,,,67.0,69.0,85.0,55.0,52.0,0.0
2973,2025-02-28 09:15:00,64.27666666666666,0.0,0.0,17.0,112.6,63.57,0.0,73.99,100.0,74.0,0.0,70.0,0.0,73.80666666666667,,,67.0,69.0,85.0,55.0,50.35,0.0
2974,2025-02-28 09:30:00,63.57,0.0,0.0,16.666666666666668,112.38666666666666,63.57,0.0,73.99,100.0,74.0,0.0,70.0,0.0,73.66333333333334,,,67.0,69.0,85.0,55.0,50.2,0.0
2975,2025-02-28 09:45:00,64.27666666666666,0.0,0.0,17.333333333333332,112.34333333333332,63.57,0.0,73.99,100.0,74.0,0.0,70.0,0.0,73.52666666666667,,,67.0,69.0,85.0,55.0,50.64000000000001,0.0
2976,2025-02-28 10:00:00,65.68666666666667,2.119999999999997,0.0,18.0,111.58666666666666,63.57,0.0,73.99,100.0,74.0,0.0,70.0,0.0,73.42333333333333,,,67.0,69.0,85.0,55.0,50.32000000000001,0.0
2977,2025-02-28 10:15:00,63.56999999999999,0.0,0.0,17.166666666666668,111.62,63.57,0.0,73.99,100.0,74.0,0.0,70.0,0.0,73.34333333333333,,,67.0,69.0,85.0,55.0,50.260000000000005,0.0
2978,2025-02-28 10:30:00,62.86333333333334,0.0,0.0,17.833333333333332,112.04,63.57,0.0,73.99,100.0,74.0,0.0,70.0,0.0,73.24,,,67.0,69.0,85.0,55.0,50.68,0.0
2979,2025-02-28 10:45:00,64.27666666666666,0.0,0.0,18.666666666666668,111.94333333333331,63.57,0.0,73.99,100.0,74.0,0.0,70.0,0.0,73.18333333333334,,,67.0,69.0,85.0,55.0,50.790000000000006,0.0
2980,2025-02-28 11:00:00,64.27666666666666,0.0,0.0,18.666666666666668,111.74333333333334,63.57,0.0,73.99,100.0,74.0,0.0,70.0,0.0,73.13,,,67.0,69.0,85.0,55.0,50.57000000000001,0.0
2981,2025-02-28 11:15:00,64.27666666666666,2.119999999999997,0.0,18.666666666666668,112.04,63.57,0.0,73.99,100.0,74.0,0.0,70.0,0.0,73.09,,,67.0,69.0,85.0,55.0,50.44,0.0
2982,2025-02-28 11:30:00,66.39333333333333,4.229999999999997,0.0,18.5,111.94666666666669,63.57,0.0,73.99,100.0,74.0,0.0,70.0,0.0,73.08666666666666,,,67.0,69.0,85.0,55.0,50.9,0.0
2983,2025-02-28 11:45:00,64.27666666666666,2.119999999999997,0.0,18.0,112.21999999999998,63.57,0.0,73.99,100.0,74.0,0.0,70.0,0.0,73.09,,,67.0,69.0,85.0,55.0,50.54,0.0
2984,2025-02-28 12:00:00,64.27666666666666,2.119999999999997,0.0,19.166666666666668,112.17666666666666,63.57,0.0,73.99,100.0,74.0,0.0,70.0,0.0,73.09,,,67.0,69.0,85.0,55.0,51.32999999999999,0.0
2985,2025-02-28 12:15:00,64.98333333333333,2.119999999999997,0.0,19.5,111.75666666666666,63.57,0.0,73.99,100.0,74.0,0.0,70.0,0.0,73.08666666666666,,,67.0,69.0,85.0,55.0,51.13999999999999,0.0
2986,2025-02-28 12:30:00,64.98333333333333,2.119999999999997,0.0,19.5,111.41333333333334,63.57,0.0,73.99,100.0,74.0,0.0,70.0,0.0,73.03666666666668,,,67.0,69.0,85.0,55.0,51.64000000000001,0.0
2987,2025-02-28 12:45:00,64.98333333333333,2.119999999999997,0.0,19.5,111.75,63.57,0.0,73.99,100.0,74.0,0.0,70.0,0.0,72.95666666666666,,,67.0,69.0,85.0,55.0,51.48,0.0
2988,2025-02-28 13:00:00,63.56999999999999,0.0,0.0,19.666666666666668,111.95,63.57,0.0,73.99,100.0,74.0,0.0,70.0,0.0,72.92333333333333,,,67.0,69.0,85.0,55.0,51.72,0.0
2989,2025-02-28 13:15:00,63.57,0.0,0.0,19.5,112.28666666666668,63.57,0.0,73.99,100.0,74.0,0.0,70.0,0.0,72.83999999999999,,,67.0,69.0,85.0,55.0,51.39,0.0
2990,2025-02-28 13:30:00,64.98333333333333,2.119999999999997,0.0,18.83333333333333,112.33,63.57,0.0,73.99,100.0,74.0,0.0,70.0,0.0,72.87666666666667,,,67.0,69.0,85.0,55.0,50.98,0.0
2991,2025-02-28 13:45:00,65.68666666666667,2.119999999999997,0.0,18.83333333333333,112.81333333333332,63.57,0.0,73.99,100.0,74.0,0.0,70.0,0.0,72.89999999999999,,,67.0,69.0,85.0,55.0,50.870000000000005,0.0
2992,2025-02-28 14:00:00,63.57,0.0,0.0,19.0,113.67333333333332,63.57,0.0,73.99,100.0,74.0,0.0,70.0,0.0,73.07000000000001,,,67.0,69.0,85.0,55.0,50.78000000000001,0.0
2993,2025-02-28 14:15:00,64.27666666666666,0.0,0.0,19.0,113.84666666666668,63.57,0.0,73.99,100.0,74.0,0.0,70.0,0.0,73.17333333333333,,,67.0,69.0,85.0,55.0,50.010000000000005,0.0
2994,2025-02-28 14:30:00,63.57,2.119999999999997,0.0,19.33333333333333,113.96,63.57,0.0,73.99,100.0,74.0,0.0,70.0,0.0,73.09,,,67.0,69.0,85.0,55.0,49.31,0.0
2995,2025-02-28 14:45:00,64.98,4.229999999999997,0.0,18.666666666666668,114.08666666666666,63.57,0.0,73.99,100.0,74.0,0.0,70.0,0.0,73.11666666666666,,,67.0,69.0,85.0,55.0,48.75,0.0
2996,2025-02-28 15:00:00,63.57,0.0,0.0,19.0,114.82333333333334,63.57,0.0,73.99,100.0,74.0,0.0,70.0,0.0,73.54,,,67.0,69.0,85.0,55.0,48.86,0.0
2997,2025-02-28 15:15:00,64.27666666666666,0.0,0.0,19.166666666666668,113.93666666666668,63.57,0.0,73.99,91.45666666666666,74.0,0.0,70.0,0.0,74.36333333333333,,,67.0,69.0,85.0,55.0,48.760000000000005,0.0
2998,2025-02-28 15:30:00,64.27666666666666,0.0,0.0,18.33333333333333,114.17,63.57,0.0,73.99,93.56333333333332,74.0,0.0,70.0,0.0,74.12,,,67.0,69.0,85.0,55.0,46.64,0.0
2999,2025-02-28 15:45:00,64.27666666666666,0.0,0.0,18.5,115.03333333333336,63.57,0.0,73.99,96.20333333333332,74.0,0.0,70.0,0.0,73.97333333333334,,,67.0,69.0,85.0,55.0,48.02,0.0
3000,2025-02-28 16:00:00,63.57,2.119999999999997,0.0,20.166666666666668,108.68666666666668,63.57,0.0,73.99,98.93,74.0,0.0,70.0,0.0,73.76,,,67.0,69.0,85.0,55.0,51.35,0.0
3001,2025-02-28 16:15:00,64.98333333333333,0.0,0.0,21.5,108.44333333333331,63.57,0.0,73.99,100.0,74.0,0.0,70.0,0.0,73.41333333333334,,,67.0,69.0,85.0,55.0,50.91,0.0
3002,2025-02-28 16:30:00,64.27666666666666,2.119999999999997,0.0,20.83333333333333,108.57,63.57,0.0,73.99,100.0,74.0,0.0,70.0,0.0,73.19666666666667,,,67.0,69.0,85.0,55.0,50.85,0.0
3003,2025-02-28 16:45:00,64.27666666666666,2.119999999999997,0.0,20.166666666666668,108.54,63.57,0.0,73.99,100.0,74.0,0.0,70.0,0.0,72.88666666666667,,,67.0,69.0,85.0,55.0,50.95,0.0
3004,2025-02-28 17:00:00,64.98333333333333,2.119999999999997,0.0,19.33333333333333,108.56666666666666,63.57,0.0,73.99,100.0,74.0,0.0,70.0,0.0,72.84333333333333,,,67.0,69.0,85.0,55.0,50.92,0.0
3005,2025-02-28 17:15:00,64.27666666666666,0.0,0.0,19.0,108.79,63.57,0.0,73.99,100.0,74.0,0.0,70.0,0.0,72.95,,,67.0,69.0,85.0,55.0,50.28000000000001,0.0
3006,2025-02-28 17:30:00,65.68666666666667,0.0,0.0,18.166666666666668,108.62666666666668,63.57,0.0,73.99,100.0,74.0,0.0,70.0,0.0,73.03,,,67.0,69.0,85.0,55.0,49.95,0.0
3007,2025-02-28 17:45:00,63.56999999999999,0.0,0.0,17.666666666666668,108.53333333333336,63.57,0.0,73.99,98.42,74.0,0.0,70.0,0.0,73.81333333333333,,,67.0,69.0,85.0,55.0,49.95,0.0
3008,2025-02-28 18:00:00,64.27666666666666,2.119999999999997,0.0,17.333333333333332,106.67333333333332,63.57,0.0,73.99,86.90333333333332,74.0,0.0,70.0,0.0,74.49333333333333,,,67.0,69.0,85.0,55.0,49.7,0.0
3009,2025-02-28 18:15:00,64.98333333333333,2.119999999999997,0.0,17.0,107.46666666666664,63.57,0.0,73.99,96.5,74.0,0.0,70.0,0.0,73.85333333333334,,,67.0,69.0,85.0,55.0,46.33,0.0
3010,2025-02-28 18:30:00,64.27666666666666,2.119999999999997,0.0,17.0,108.59666666666664,63.57,0.0,73.99,100.0,74.0,0.0,70.0,0.0,73.27333333333333,,,67.0,69.0,85.0,55.0,49.06999999999999,0.0
3011,2025-02-28 18:45:00,64.98333333333333,2.119999999999997,0.0,16.833333333333332,108.66666666666669,63.57,0.0,73.99,100.0,74.0,0.0,70.0,0.0,73.08666666666666,,,67.0,69.0,85.0,55.0,48.73,0.0
3012,2025-02-28 19:00:00,65.69,2.119999999999997,0.0,16.5,108.50333333333332,63.57,0.0,73.99,100.0,74.0,0.0,70.0,0.0,73.20333333333333,,,67.0,69.0,85.0,55.0,48.900000000000006,0.0
3013,2025-02-28 19:15:00,64.27666666666666,2.119999999999997,0.0,16.5,108.25666666666666,63.57,0.0,73.99,100.0,74.0,0.0,70.0,0.0,73.42333333333333,,,67.0,69.0,85.0,55.0,48.6,0.0
3014,2025-02-28 19:30:00,65.69,2.119999999999997,0.0,16.5,108.34333333333332,63.57,0.0,73.99,100.0,74.0,0.0,70.0,0.0,73.31,,,67.0,69.0,85.0,55.0,48.63,0.0
3015,2025-02-28 19:45:00,65.69,2.119999999999997,0.0,16.166666666666668,107.84333333333332,63.57,0.0,73.99,100.0,74.0,0.0,70.0,0.0,73.24,,,67.0,69.0,85.0,55.0,47.99,0.0
3016,2025-02-28 20:00:00,64.98,0.0,0.0,15.833333333333334,107.59333333333332,63.57,0.0,73.99,100.0,74.0,0.0,70.0,0.0,73.24,,,67.0,69.0,85.0,55.0,47.67,0.0
3017,2025-02-28 20:15:00,64.98333333333333,0.0,0.0,15.666666666666666,107.9,63.57,0.0,73.99,100.0,74.0,0.0,70.0,0.0,73.3,,,67.0,69.0,85.0,55.0,48.06999999999999,0.0
3018,2025-02-28 20:30:00,65.69,2.119999999999997,0.0,15.5,107.78666666666668,63.57,0.0,73.99,100.0,74.0,0.0,70.0,0.0,73.24666666666667,,,67.0,69.0,85.0,55.0,47.78,0.0
3019,2025-02-28 20:45:00,63.57,2.119999999999997,0.0,15.5,107.8,63.57,0.0,73.99,100.0,74.0,0.0,70.0,0.0,73.39666666666666,,,67.0,69.0,85.0,55.0,47.36000000000001,0.0
3020,2025-02-28 21:00:00,63.57,0.0,0.0,15.666666666666666,107.49,63.57,0.0,73.99,98.08,74.0,0.0,70.0,0.0,73.89999999999999,,,67.0,69.0,85.0,55.0,47.45,0.0
3021,2025-02-28 21:15:00,64.98333333333333,2.119999999999997,0.0,15.0,106.44666666666669,63.57,0.0,73.99,91.39333333333332,74.0,0.0,70.0,0.0,74.33333333333333,,,67.0,69.0,85.0,55.0,46.540000000000006,0.0
3022,2025-02-28 21:30:00,64.27666666666666,2.119999999999997,0.0,15.166666666666666,106.96333333333332,63.57,0.0,73.99,94.00333333333332,74.0,0.0,70.0,0.0,74.11333333333333,,,67.0,69.0,85.0,55.0,47.05,0.0
3023,2025-02-28 21:45:00,64.98333333333333,2.119999999999997,0.0,15.333333333333334,106.58666666666666,63.57,0.0,73.99,93.38666666666668,74.0,0.0,70.0,0.0,74.10000000000001,,,67.0,69.0,85.0,55.0,47.2,0.0
3024,2025-02-28 22:00:00,64.27666666666666,0.0,0.0,15.166666666666666,106.25666666666666,63.57,0.0,73.99,92.62666666666668,74.0,0.0,70.0,0.0,74.10666666666667,,,67.0,69.0,85.0,55.0,46.64,0.0
3025,2025-02-28 22:15:00,64.98333333333333,2.119999999999997,0.0,14.5,105.62,63.57,0.0,73.99,91.38333333333333,74.0,0.0,70.0,0.0,74.11333333333333,,,67.0,69.0,85.0,55.0,45.9,0.0
3026,2025-02-28 22:30:00,67.09666666666666,2.119999999999997,0.0,15.166666666666666,105.10333333333334,63.57,0.0,73.99,90.41,74.0,0.0,70.0,0.0,74.11333333333333,,,67.0,69.0,85.0,55.0,45.8,0.0
3027,2025-02-28 22:45:00,65.69,2.119999999999997,0.0,14.833333333333334,104.08333333333331,63.57,0.0,73.99,88.12333333333333,74.0,0.0,70.0,0.0,74.17333333333333,,,67.0,69.0,85.0,55.0,44.96999999999999,0.0
3028,2025-02-28 23:00:00,64.98333333333333,2.119999999999997,0.0,15.0,103.92666666666666,63.57,0.0,73.99,88.33999999999999,74.0,0.0,70.0,0.0,74.09666666666666,,,67.0,69.0,85.0,55.0,44.42,0.0
3029,2025-02-28 23:15:00,64.27666666666666,2.119999999999997,0.0,14.333333333333334,104.89666666666666,63.57,0.0,73.99,91.94,74.0,0.0,70.0,0.0,73.91666666666667,,,67.0,69.0,85.0,55.0,45.01,0.0
3030,2025-02-28 23:30:00,66.39,0.0,0.0,15.0,106.03,63.57,0.0,73.99,97.17333333333332,74.0,0.0,70.0,0.0,73.72333333333334,,,67.0,69.0,85.0,55.0,47.43999999999999,0.0
3031,2025-02-28 23:45:00,64.98333333333333,2.119999999999997,0.0,15.5,106.34,63.57,0.0,73.99,100.0,74.0,0.0,70.0,0.0,73.49333333333333,,,67.0,69.0,85.0,55.0,46.99,0.0
3032,2025-03-01 00:00:00,64.98333333333333,2.119999999999997,0.0,15.833333333333334,106.65666666666668,63.57,0.0,73.99,100.0,74.0,0.0,70.0,0.0,73.32333333333334,,,67.0,69.0,85.0,55.0,47.64,0.0
3033,2025-03-01 00:15:00,64.98333333333333,0.0,0.0,17.0,107.43666666666668,63.57,0.0,73.99,100.0,74.0,0.0,70.0,0.0,73.22666666666667,,,67.0,69.0,85.0,55.0,48.12,0.0
3034,2025-03-01 00:30:00,64.27666666666666,2.119999999999997,0.0,17.333333333333332,108.05,63.57,0.0,73.99,100.0,74.0,0.0,70.0,0.0,73.07666666666667,,,67.0,69.0,85.0,55.0,48.28,0.0
3035,2025-03-01 00:45:00,63.57,-2.119999999999997,0.0,18.0,108.79333333333334,63.57,0.0,73.99,100.0,74.0,0.0,70.0,0.0,72.96333333333332,,,67.0,69.0,85.0,55.0,49.76,0.0
3036,2025-03-01 01:00:00,65.68666666666667,0.0,0.0,18.0,108.84666666666664,63.57,0.0,73.99,100.0,74.0,0.0,70.0,0.0,72.94333333333334,,,67.0,69.0,85.0,55.0,49.81,0.0
3037,2025-03-01 01:15:00,63.57,0.0,0.0,18.5,109.24333333333334,63.57,0.0,73.99,100.0,74.0,0.0,70.0,0.0,72.92,,,67.0,69.0,85.0,55.0,49.31,0.0
3038,2025-03-01 01:30:00,64.27666666666666,0.0,0.0,18.666666666666668,109.55333333333334,63.57,0.0,73.99,100.0,74.0,0.0,70.0,0.0,72.91,,,67.0,69.0,85.0,55.0,50.14000000000001,0.0
3039,2025-03-01 01:45:00,65.69,2.119999999999997,0.0,18.33333333333333,109.58,63.57,0.0,73.99,100.0,74.0,0.0,70.0,0.0,72.91333333333334,,,67.0,69.0,85.0,55.0,50.13,0.0
3040,2025-03-01 02:00:00,62.86333333333334,0.0,0.0,18.33333333333333,109.77333333333333,63.57,0.0,73.99,100.0,74.0,0.0,70.0,0.0,72.94333333333334,,,67.0,69.0,85.0,55.0,50.36,0.0
3041,2025-03-01 02:15:00,64.98333333333333,2.119999999999997,0.0,19.0,109.55,63.57,0.0,73.99,100.0,74.0,0.0,70.0,0.0,72.95666666666666,,,67.0,69.0,85.0,55.0,50.69,0.0
3042,2025-03-01 02:30:00,63.57,2.119999999999997,0.0,19.166666666666668,109.63333333333333,63.57,0.0,73.99,100.0,74.0,0.0,70.0,0.0,73.00333333333333,,,67.0,69.0,85.0,55.0,50.64,0.0
3043,2025-03-01 02:45:00,64.27666666666666,0.0,0.0,18.666666666666668,109.60666666666668,63.57,0.0,73.99,100.0,74.0,0.0,70.0,0.0,72.95,,,67.0,69.0,85.0,55.0,50.41,0.0
3044,2025-03-01 03:00:00,64.27666666666666,0.0,0.0,19.0,110.22333333333334,63.57,0.0,73.99,100.0,74.0,0.0,70.0,0.0,72.95666666666666,,,67.0,69.0,85.0,55.0,50.97,0.0
3045,2025-03-01 03:15:00,63.57,2.119999999999997,0.0,18.166666666666668,109.88,63.57,0.0,73.99,100.0,74.0,0.0,70.0,0.0,73.03666666666668,,,67.0,69.0,85.0,55.0,50.61000000000001,0.0
3046,2025-03-01 03:30:00,64.98333333333333,0.0,0.0,19.0,110.18,63.57,0.0,73.99,100.0,74.0,0.0,70.0,0.0,73.08,,,67.0,69.0,85.0,55.0,51.07,0.0
3047,2025-03-01 03:45:00,64.27666666666666,0.0,0.0,18.166666666666668,110.11333333333332,63.57,0.0,73.99,100.0,74.0,0.0,70.0,0.0,73.08333333333333,,,67.0,69.0,85.0,55.0,51.37,0.0
3048,2025-03-01 04:00:00,64.98,0.0,0.0,18.0,110.21666666666664,63.57,0.0,73.99,100.0,74.0,0.0,70.0,0.0,73.07666666666667,,,67.0,69.0,85.0,55.0,51.02,0.0
3049,2025-03-01 04:15:00,64.98333333333333,2.119999999999997,0.0,18.33333333333333,110.13,63.57,0.0,73.99,100.0,74.0,0.0,70.0,0.0,73.09,,,67.0,69.0,85.0,55.0,51.07000000000001,0.0
3050,2025-03-01 04:30:00,66.39333333333333,2.119999999999997,0.0,18.33333333333333,109.71999999999998,63.57,0.0,73.99,100.0,74.0,0.0,70.0,0.0,73.10666666666667,,,67.0,69.0,85.0,55.0,50.95,0.0
3051,2025-03-01 04:45:00,64.63,2.119999999999997,0.0,18.25,110.055,63.57,0.0,73.99,100.0,74.0,0.0,70.0,0.0,73.2,,,67.0,69.0,85.0,55.0,51.26,0.0
3052,2025-03-01 05:00:00,64.98333333333333,2.119999999999997,0.0,19.166666666666668,109.88666666666666,63.57,0.0,73.99,100.0,74.0,0.0,70.0,0.0,73.09666666666668,,,67.0,69.0,85.0,55.0,51.11999999999999,0.0
3053,2025-03-01 05:15:00,64.98333333333333,2.119999999999997,0.0,18.666666666666668,109.87,63.57,0.0,73.99,100.0,74.0,0.0,70.0,0.0,73.14333333333333,,,67.0,69.0,85.0,55.0,51.13999999999999,0.0
3054,2025-03-01 05:30:00,64.98333333333333,2.119999999999997,0.0,18.0,109.37333333333332,63.57,0.0,73.99,100.0,74.0,0.0,70.0,0.0,73.18,,,67.0,69.0,85.0,55.0,50.92,0.0
3055,2025-03-01 05:45:00,65.68333333333334,4.229999999999997,0.0,18.666666666666668,112.34333333333336,63.57,0.0,73.99,100.0,74.0,0.0,70.0,0.0,73.16000000000001,,,67.0,69.0,85.0,55.0,51.28000000000001,0.0
3056,2025-03-01 06:00:00,64.27666666666666,2.119999999999997,0.0,18.166666666666668,111.85333333333334,63.57,0.0,73.99,100.0,74.0,0.0,70.0,0.0,73.31,,,67.0,69.0,85.0,55.0,49.49,0.0
3057,2025-03-01 06:15:00,67.09666666666666,4.229999999999997,0.0,18.83333333333333,114.00333333333332,63.57,0.0,73.99,100.0,74.0,0.0,70.0,0.0,73.25,,,67.0,69.0,85.0,55.0,52.190000000000005,0.0
3058,2025-03-01 06:30:00,63.57,0.0,0.0,18.666666666666668,111.71666666666664,63.57,0.0,73.99,100.0,74.0,0.0,70.0,0.0,73.30666666666667,,,67.0,69.0,85.0,55.0,52.02,0.0
3059,2025-03-01 06:45:00,66.39333333333333,6.350000000000001,0.0,18.166666666666668,115.91333333333334,63.57,0.0,73.99,100.0,74.0,0.0,70.0,0.0,73.36,,,67.0,69.0,85.0,55.0,49.58,0.0
3060,2025-03-01 07:00:00,64.27666666666666,0.0,0.0,18.0,110.79,63.57,0.0,73.99,100.0,74.0,0.0,70.0,0.0,73.50666666666667,,,67.0,69.0,85.0,55.0,51.3,0.0
3061,2025-03-01 07:15:00,64.27666666666666,0.0,0.0,18.33333333333333,115.03000000000002,63.57,0.0,73.99,100.0,74.0,0.0,70.0,0.0,73.46,,,67.0,69.0,85.0,55.0,49.24,0.0
3062,2025-03-01 07:30:00,63.57,2.119999999999997,0.0,17.166666666666668,115.70666666666666,63.57,0.0,73.99,100.0,74.0,0.0,70.0,0.0,73.66333333333334,,,67.0,69.0,85.0,55.0,50.21000000000001,0.0
3063,2025-03-01 07:45:00,63.57,0.0,0.0,17.5,115.63333333333333,63.57,0.0,73.99,100.0,74.0,0.0,70.0,0.0,73.69,,,67.0,69.0,85.0,55.0,50.08,0.0
3064,2025-03-01 08:00:00,63.57,-2.119999999999997,0.0,18.5,115.31666666666668,63.57,0.0,73.99,100.0,74.0,0.0,70.0,0.0,73.74333333333333,,,67.0,69.0,85.0,55.0,50.260000000000005,0.0
3065,2025-03-01 08:15:00,63.57,0.0,0.0,18.666666666666668,114.8,63.57,0.0,73.99,100.0,74.0,0.0,70.0,0.0,73.68333333333334,,,67.0,69.0,85.0,55.0,49.99,0.0
3066,2025-03-01 08:30:00,64.98333333333333,0.0,0.0,19.0,114.72666666666667,63.57,0.0,73.99,100.0,74.0,0.0,70.0,0.0,73.69,,,67.0,69.0,85.0,55.0,50.23,0.0
3067,2025-03-01 08:45:00,63.57,-2.119999999999997,0.0,18.666666666666668,114.06,63.57,0.0,73.99,100.0,74.0,0.0,70.0,0.0,73.7,,,67.0,69.0,85.0,55.0,49.94,0.0
3068,2025-03-01 09:00:00,64.98333333333333,2.119999999999997,0.0,18.666666666666668,114.03333333333336,63.57,0.0,73.99,100.0,74.0,0.0,70.0,0.0,73.67,,,67.0,69.0,85.0,55.0,50.27000000000001,0.0
3069,2025-03-01 09:15:00,64.27666666666666,0.0,0.0,19.166666666666668,113.9,63.57,0.0,73.99,100.0,74.0,0.0,70.0,0.0,73.63333333333334,,,67.0,69.0,85.0,55.0,50.36,0.0
3070,2025-03-01 09:30:00,64.27666666666666,0.0,0.0,19.5,114.16333333333334,63.57,0.0,73.99,100.0,74.0,0.0,70.0,0.0,73.57333333333334,,,67.0,69.0,85.0,55.0,50.49999999999999,0.0
3071,2025-03-01 09:45:00,65.68666666666667,2.119999999999997,0.0,19.83333333333333,114.11,63.57,0.0,73.99,100.0,74.0,0.0,70.0,0.0,73.60333333333334,,,67.0,69.0,85.0,55.0,51.03,0.0
3072,2025-03-01 10:00:00,67.10000000000001,2.119999999999997,0.0,19.166666666666668,114.21666666666664,63.57,0.0,73.99,100.0,74.0,0.0,70.0,0.0,73.54,,,67.0,69.0,85.0,55.0,51.06000000000001,0.0
3073,2025-03-01 10:15:00,63.57,0.0,0.0,20.0,114.20666666666666,63.57,0.0,73.99,100.0,74.0,0.0,70.0,0.0,73.53,,,67.0,69.0,85.0,55.0,51.77,0.0
3074,2025-03-01 10:30:00,65.69,2.119999999999997,0.0,20.5,114.06,63.57,0.0,73.99,100.0,74.0,0.0,70.0,0.0,73.53,,,67.0,69.0,85.0,55.0,51.21,0.0
3075,2025-03-01 10:45:00,64.27666666666666,-2.119999999999997,0.0,20.83333333333333,114.39666666666666,63.57,0.0,73.99,100.0,74.0,0.0,70.0,0.0,73.53,,,67.0,69.0,85.0,55.0,52.0,0.0
3076,2025-03-01 11:00:00,64.27333333333333,4.229999999999997,0.0,20.166666666666668,114.29,63.57,0.0,73.99,100.0,74.0,0.0,70.0,0.0,73.53,,,67.0,69.0,85.0,55.0,52.56,0.0
3077,2025-03-01 11:15:00,64.27666666666666,0.0,0.0,20.33333333333333,114.07,63.57,0.0,73.99,100.0,74.0,0.0,70.0,0.0,73.53,,,67.0,69.0,85.0,55.0,52.62,0.0
3078,2025-03-01 11:30:00,64.98,0.0,0.0,20.5,113.66666666666669,63.57,0.0,73.99,100.0,74.0,0.0,70.0,0.0,73.52333333333333,,,67.0,69.0,85.0,55.0,52.46,0.0
3079,2025-03-01 11:45:00,64.63,0.0,0.0,21.0,113.705,63.57,0.0,73.99,100.0,74.0,0.0,70.0,0.0,73.49000000000001,,,67.0,69.0,85.0,55.0,52.85,0.0
3080,2025-03-01 12:00:00,64.98333333333333,2.119999999999997,0.0,19.83333333333333,113.07666666666668,63.57,0.0,73.99,100.0,74.0,0.0,70.0,0.0,73.41,,,67.0,69.0,85.0,55.0,52.1,0.0
3081,2025-03-01 12:15:00,62.86333333333334,0.0,0.0,20.666666666666668,113.70333333333332,63.57,0.0,73.99,100.0,74.0,0.0,70.0,0.0,73.47333333333333,,,67.0,69.0,85.0,55.0,53.26,0.0
3082,2025-03-01 12:30:00,64.98333333333333,2.119999999999997,0.0,20.0,113.4,63.57,0.0,73.99,100.0,74.0,0.0,70.0,0.0,73.51666666666667,,,67.0,69.0,85.0,55.0,53.1,0.0
3083,2025-03-01 12:45:00,64.27666666666666,2.119999999999997,0.0,20.5,113.54666666666668,63.57,0.0,73.99,100.0,74.0,0.0,70.0,0.0,73.51666666666667,,,67.0,69.0,85.0,55.0,53.17,0.0
3084,2025-03-01 13:00:00,64.27666666666666,2.119999999999997,0.0,20.83333333333333,113.21666666666664,63.57,0.0,73.99,100.0,74.0,0.0,70.0,0.0,73.53,,,67.0,69.0,85.0,55.0,53.53999999999999,0.0
3085,2025-03-01 13:15:00,65.68666666666667,2.119999999999997,0.0,20.166666666666668,112.91666666666669,63.57,0.0,73.99,100.0,74.0,0.0,70.0,0.0,73.52333333333333,,,67.0,69.0,85.0,55.0,52.99,0.0
3086,2025-03-01 13:30:00,64.98,0.0,0.0,20.0,113.02333333333333,63.57,0.0,73.99,100.0,74.0,0.0,70.0,0.0,73.51,,,67.0,69.0,85.0,55.0,53.2,0.0
3087,2025-03-01 13:45:00,64.27666666666666,0.0,0.0,20.33333333333333,113.37333333333332,63.57,0.0,73.99,100.0,74.0,0.0,70.0,0.0,73.51666666666667,,,67.0,69.0,85.0,55.0,53.91,0.0
3088,2025-03-01 14:00:00,66.39333333333333,2.119999999999997,0.0,20.5,113.13333333333333,63.57,0.0,73.99,100.0,74.0,0.0,70.0,0.0,73.53,,,67.0,69.0,85.0,55.0,53.49,0.0
3089,2025-03-01 14:15:00,64.98333333333333,0.0,0.0,20.83333333333333,113.47333333333334,63.57,0.0,73.99,100.0,74.0,0.0,70.0,0.0,73.53,,,67.0,69.0,85.0,55.0,54.22,0.0
3090,2025-03-01 14:30:00,66.39333333333333,2.119999999999997,0.0,20.166666666666668,113.38333333333333,63.57,0.0,73.99,100.0,74.0,0.0,70.0,0.0,73.58,,,67.0,69.0,85.0,55.0,53.56,0.0
3091,2025-03-01 14:45:00,63.57,0.0,0.0,20.166666666666668,113.74666666666668,63.57,0.0,73.99,100.0,74.0,0.0,70.0,0.0,73.64333333333333,,,67.0,69.0,85.0,55.0,53.71,0.0
3092,2025-03-01 15:00:00,63.57,0.0,0.0,20.166666666666668,114.07,63.57,0.0,73.99,100.0,74.0,0.0,70.0,0.0,73.66333333333334,,,67.0,69.0,85.0,55.0,53.5,0.0
3093,2025-03-01 15:15:00,64.27666666666666,2.119999999999997,0.0,20.5,114.01333333333334,63.57,0.0,73.99,100.0,74.0,0.0,70.0,0.0,73.67666666666666,,,67.0,69.0,85.0,55.0,53.41,0.0
3094,2025-03-01 15:30:00,64.98333333333333,0.0,0.0,20.5,113.97333333333334,63.57,0.0,73.99,100.0,74.0,0.0,70.0,0.0,73.77333333333333,,,67.0,69.0,85.0,55.0,53.22,0.0
3095,2025-03-01 15:45:00,65.69,2.119999999999997,0.0,20.5,113.84666666666668,63.57,0.0,73.99,100.0,74.0,0.0,70.0,0.0,73.81,,,67.0,69.0,85.0,55.0,52.66,0.0
3096,2025-03-01 16:00:00,64.98333333333333,2.119999999999997,0.0,20.0,113.99666666666668,63.57,0.0,73.99,100.0,74.0,0.0,70.0,0.0,73.82333333333334,,,67.0,69.0,85.0,55.0,52.59,0.0
3097,2025-03-01 16:15:00,63.57,2.119999999999997,0.0,20.0,114.01666666666668,63.57,0.0,73.99,100.0,74.0,0.0,70.0,0.0,73.81666666666666,,,67.0,69.0,85.0,55.0,53.24,0.0
3098,2025-03-01 16:30:00,64.98333333333333,2.119999999999997,0.0,19.166666666666668,113.70666666666666,63.57,0.0,73.99,100.0,74.0,0.0,70.0,0.0,73.81666666666666,,,67.0,69.0,85.0,55.0,52.66,0.0
3099,2025-03-01 16:45:00,62.86333333333334,0.0,0.0,20.166666666666668,113.84,63.57,0.0,73.99,100.0,74.0,0.0,70.0,0.0,73.85000000000001,,,67.0,69.0,85.0,55.0,52.77,0.0
3100,2025-03-01 17:00:00,67.10000000000001,6.350000000000001,0.0,19.0,113.55666666666669,63.57,0.0,73.99,100.0,74.0,0.0,70.0,0.0,73.94,,,67.0,69.0,85.0,55.0,52.66,0.0
3101,2025-03-01 17:15:00,63.57,-2.119999999999997,0.0,19.5,113.75666666666666,63.57,0.0,73.99,100.0,74.0,0.0,70.0,0.0,73.96,,,67.0,69.0,85.0,55.0,51.96000000000001,0.0
3102,2025-03-01 17:30:00,64.98333333333333,2.119999999999997,0.0,19.33333333333333,113.84666666666668,63.57,0.0,73.99,100.0,74.0,0.0,70.0,0.0,73.97333333333334,,,67.0,69.0,85.0,55.0,51.830000000000005,0.0
3103,2025-03-01 17:45:00,64.27666666666666,0.0,0.0,19.5,114.19,63.57,0.0,73.99,99.72666666666667,74.0,0.0,70.0,0.0,73.99666666666667,,,67.0,69.0,85.0,55.0,52.29,0.0
3104,2025-03-01 18:00:00,64.98333333333333,2.119999999999997,0.0,20.166666666666668,113.79333333333334,63.57,0.0,73.99,98.20666666666666,74.0,0.0,70.0,0.0,74.07333333333332,,,67.0,69.0,85.0,55.0,52.23,0.0
3105,2025-03-01 18:15:00,66.39333333333333,2.119999999999997,0.0,19.166666666666668,113.41333333333334,63.57,0.0,73.99,97.08,74.0,0.0,70.0,0.0,74.08333333333333,,,67.0,69.0,85.0,55.0,51.64,0.0
3106,2025-03-01 18:30:00,65.68666666666667,2.119999999999997,0.0,18.5,113.63666666666666,63.57,0.0,73.99,95.91666666666669,74.0,0.0,70.0,0.0,74.1,,,67.0,69.0,85.0,55.0,51.690000000000005,0.0
3107,2025-03-01 18:45:00,63.57,-2.119999999999997,0.0,19.0,113.39,63.57,0.0,73.99,94.84,74.0,0.0,70.0,0.0,74.11333333333333,,,67.0,69.0,85.0,55.0,51.89000000000001,0.0
3108,2025-03-01 19:00:00,65.68666666666667,4.229999999999997,0.0,18.666666666666668,113.01,63.57,0.0,73.99,93.96,74.0,0.0,70.0,0.0,74.10666666666667,,,67.0,69.0,85.0,55.0,51.65,0.0
3109,2025-03-01 19:15:00,65.68666666666667,2.119999999999997,0.0,18.166666666666668,113.16333333333334,63.57,0.0,73.99,93.25,74.0,0.0,70.0,0.0,74.11333333333333,,,67.0,69.0,85.0,55.0,51.19,0.0
3110,2025-03-01 19:30:00,65.68666666666667,4.229999999999997,0.0,17.666666666666668,112.72333333333334,63.57,0.0,73.99,91.61333333333334,74.0,0.0,70.0,0.0,74.14333333333333,,,67.0,69.0,85.0,55.0,50.56,0.0
3111,2025-03-01 19:45:00,64.98333333333333,2.119999999999997,0.0,17.0,111.09,63.57,0.0,73.99,88.81333333333333,74.0,0.0,70.0,0.0,74.21,,,67.0,69.0,85.0,55.0,49.09,0.0
3112,2025-03-01 20:00:00,64.98333333333333,2.119999999999997,0.0,17.5,110.37333333333332,63.57,0.0,73.99,88.30333333333334,74.0,0.0,70.0,0.0,74.15666666666667,,,67.0,69.0,85.0,55.0,48.71,0.0
3113,2025-03-01 20:15:00,64.27333333333333,-2.119999999999997,0.0,18.166666666666668,110.22666666666667,63.57,0.0,73.99,87.22333333333334,74.0,0.0,70.0,0.0,74.14999999999999,,,67.0,69.0,85.0,55.0,48.67,0.0
3114,2025-03-01 20:30:00,64.27666666666666,0.0,0.0,17.5,109.22666666666667,63.57,0.0,73.99,86.06,74.0,0.0,70.0,0.0,74.14999999999999,,,67.0,69.0,85.0,55.0,47.970000000000006,0.0
3115,2025-03-01 20:45:00,63.57,0.0,0.0,17.0,109.23333333333332,63.57,0.0,73.99,85.81,74.0,0.0,70.0,0.0,74.11333333333333,,,67.0,69.0,85.0,55.0,47.84,0.0
3116,2025-03-01 21:00:00,64.27666666666666,2.119999999999997,0.0,17.166666666666668,109.98666666666668,63.57,0.0,73.99,87.16666666666667,74.0,0.0,70.0,0.0,74.01333333333334,,,67.0,69.0,85.0,55.0,48.120000000000005,0.0
3117,2025-03-01 21:15:00,64.98333333333333,2.119999999999997,0.0,18.166666666666668,110.26666666666668,63.57,0.0,73.99,88.31,74.0,0.0,70.0,0.0,73.97333333333334,,,67.0,69.0,85.0,55.0,48.83,0.0
3118,2025-03-01 21:30:00,66.39333333333333,2.119999999999997,0.0,18.166666666666668,110.72666666666667,63.57,0.0,73.99,90.97666666666667,74.0,0.0,70.0,0.0,73.86,,,67.0,69.0,85.0,55.0,49.260000000000005,0.0
3119,2025-03-01 21:45:00,64.27666666666666,0.0,0.0,17.333333333333332,111.42333333333332,63.57,0.0,73.99,93.83333333333331,74.0,0.0,70.0,0.0,73.79,,,67.0,69.0,85.0,55.0,50.55,0.0
3120,2025-03-01 22:00:00,63.57,2.119999999999997,0.0,17.166666666666668,111.90666666666668,63.57,0.0,73.99,95.47666666666667,74.0,0.0,70.0,0.0,73.78666666666668,,,67.0,69.0,85.0,55.0,51.37,0.0
3121,2025-03-01 22:15:00,64.98333333333333,0.0,0.0,17.833333333333332,111.91333333333334,63.57,0.0,73.99,96.89666666666666,74.0,0.0,70.0,0.0,73.79,,,67.0,69.0,85.0,55.0,51.370000000000005,0.0
3122,2025-03-01 22:30:00,64.98333333333333,2.119999999999997,0.0,18.33333333333333,111.74666666666668,63.57,0.0,73.99,99.46333333333332,74.0,0.0,70.0,0.0,73.69333333333333,,,67.0,69.0,85.0,55.0,51.64999999999999,0.0
3123,2025-03-01 22:45:00,65.69,2.119999999999997,0.0,18.666666666666668,111.51666666666668,63.57,0.0,73.99,100.0,74.0,0.0,70.0,0.0,73.65,,,67.0,69.0,85.0,55.0,51.41,0.0
3124,2025-03-01 23:00:00,65.68666666666667,0.0,0.0,18.166666666666668,111.31333333333332,63.57,0.0,73.99,100.0,74.0,0.0,70.0,0.0,73.55333333333333,,,67.0,69.0,85.0,55.0,51.86,0.0
3125,2025-03-01 23:15:00,64.27333333333333,4.229999999999997,0.0,17.333333333333332,111.42,63.57,0.0,73.99,100.0,74.0,0.0,70.0,0.0,73.52333333333333,,,67.0,69.0,85.0,55.0,51.28,0.0
3126,2025-03-01 23:30:00,66.39333333333333,2.119999999999997,0.0,19.166666666666668,111.71,63.57,0.0,73.99,100.0,74.0,0.0,70.0,0.0,73.40333333333332,,,67.0,69.0,85.0,55.0,52.32,0.0
3127,2025-03-01 23:45:00,64.98333333333333,2.119999999999997,0.0,19.33333333333333,111.7,63.57,0.0,73.99,100.0,74.0,0.0,70.0,0.0,73.36,,,67.0,69.0,85.0,55.0,52.25,0.0
3128,2025-03-02 00:00:00,65.68333333333334,4.229999999999997,0.0,19.666666666666668,111.65,63.57,0.0,73.99,100.0,74.0,0.0,70.0,0.0,73.34666666666666,,,67.0,69.0,85.0,55.0,52.56,0.0
3129,2025-03-02 00:15:00,64.27333333333333,4.229999999999997,0.0,20.166666666666668,112.06,63.57,0.0,73.99,100.0,74.0,0.0,70.0,0.0,73.34666666666666,,,67.0,69.0,85.0,55.0,53.26,0.0
3130,2025-03-02 00:30:00,64.27666666666666,0.0,0.0,19.5,111.66333333333334,63.57,0.0,73.99,100.0,74.0,0.0,70.0,0.0,73.35666666666667,,,67.0,69.0,85.0,55.0,53.41,0.0
3131,2025-03-02 00:45:00,63.57,-2.119999999999997,0.0,19.83333333333333,111.90333333333332,63.57,0.0,73.99,100.0,74.0,0.0,70.0,0.0,73.35666666666667,,,67.0,69.0,85.0,55.0,53.39000000000001,0.0
3132,2025-03-02 01:00:00,64.27666666666666,-2.119999999999997,0.0,20.33333333333333,111.83,63.57,0.0,73.99,100.0,74.0,0.0,70.0,0.0,73.35666666666667,,,67.0,69.0,85.0,55.0,53.46,0.0
3133,2025-03-02 01:15:00,64.98333333333333,2.119999999999997,0.0,20.5,111.83,63.57,0.0,73.99,100.0,74.0,0.0,70.0,0.0,73.35333333333334,,,67.0,69.0,85.0,55.0,53.73,0.0
3134,2025-03-02 01:30:00,64.98,0.0,0.0,20.83333333333333,111.77,63.57,0.0,73.99,100.0,74.0,0.0,70.0,0.0,73.36,,,67.0,69.0,85.0,55.0,54.17000000000001,0.0
3135,2025-03-02 01:45:00,64.27666666666666,2.119999999999997,0.0,20.166666666666668,111.59333333333332,63.57,0.0,73.99,100.0,74.0,0.0,70.0,0.0,73.35666666666667,,,67.0,69.0,85.0,55.0,53.93000000000001,0.0
3136,2025-03-02 02:00:00,64.98333333333333,2.119999999999997,0.0,21.0,111.95,63.57,0.0,73.99,100.0,74.0,0.0,70.0,0.0,73.35666666666667,,,67.0,69.0,85.0,55.0,54.42000000000001,0.0
3137,2025-03-02 02:15:00,64.27666666666666,2.119999999999997,0.0,21.0,112.0,63.57,0.0,73.99,100.0,74.0,0.0,70.0,0.0,73.35,,,67.0,69.0,85.0,55.0,54.74,0.0
3138,2025-03-02 02:30:00,65.68666666666667,4.229999999999997,0.0,20.166666666666668,111.73666666666666,63.57,0.0,73.99,100.0,74.0,0.0,70.0,0.0,73.33,,,67.0,69.0,85.0,55.0,54.92,0.0
3139,2025-03-02 02:45:00,64.27666666666666,2.119999999999997,0.0,20.0,111.65666666666668,63.57,0.0,73.99,100.0,74.0,0.0,70.0,0.0,73.34333333333332,,,67.0,69.0,85.0,55.0,54.720000000000006,0.0
3140,2025-03-02 03:00:00,64.27666666666666,0.0,0.0,21.0,111.86,63.57,0.0,73.99,100.0,74.0,0.0,70.0,0.0,73.35000000000001,,,67.0,69.0,85.0,55.0,54.99,0.0
3141,2025-03-02 03:15:00,64.27666666666666,0.0,0.0,20.83333333333333,111.49333333333334,63.57,0.0,73.99,100.0,74.0,0.0,70.0,0.0,73.35,,,67.0,69.0,85.0,55.0,54.96,0.0
3142,2025-03-02 03:30:00,64.27666666666666,2.119999999999997,0.0,20.666666666666668,111.47666666666667,63.57,0.0,73.99,100.0,74.0,0.0,70.0,0.0,73.35333333333334,,,67.0,69.0,85.0,55.0,54.85,0.0
3143,2025-03-02 03:45:00,63.57,0.0,0.0,20.0,111.47333333333334,63.57,0.0,73.99,100.0,74.0,0.0,70.0,0.0,73.35333333333334,,,67.0,69.0,85.0,55.0,54.78,0.0
3144,2025-03-02 04:00:00,62.86333333333334,-2.119999999999997,0.0,20.33333333333333,111.46,63.57,0.0,73.99,100.0,74.0,0.0,70.0,0.0,73.29666666666667,,,67.0,69.0,85.0,55.0,54.76,0.0
3145,2025-03-02 04:15:00,65.69,2.119999999999997,0.0,20.5,111.35,63.57,0.0,73.99,100.0,74.0,0.0,70.0,0.0,73.26333333333334,,,67.0,69.0,85.0,55.0,55.35,0.0
3146,2025-03-02 04:30:00,64.27666666666666,2.119999999999997,0.0,19.666666666666668,111.19,63.57,0.0,73.99,100.0,74.0,0.0,70.0,0.0,73.24,,,67.0,69.0,85.0,55.0,54.71,0.0
3147,2025-03-02 04:45:00,64.27666666666666,0.0,0.0,20.33333333333333,111.36333333333332,63.57,0.0,73.99,100.0,74.0,0.0,70.0,0.0,73.33,,,67.0,69.0,85.0,55.0,55.34,0.0
3148,2025-03-02 05:00:00,65.68666666666667,2.119999999999997,0.0,20.0,111.25666666666666,63.57,0.0,73.99,100.0,74.0,0.0,70.0,0.0,73.37333333333333,,,67.0,69.0,85.0,55.0,54.830000000000005,0.0
3149,2025-03-02 05:15:00,64.98333333333333,2.119999999999997,0.0,19.666666666666668,111.29,63.57,0.0,73.99,100.0,74.0,0.0,70.0,0.0,73.36666666666666,,,67.0,69.0,85.0,55.0,55.28,0.0
3150,2025-03-02 05:30:00,63.57,0.0,0.0,20.0,111.31333333333332,63.57,0.0,73.99,100.0,74.0,0.0,70.0,0.0,73.38666666666667,,,67.0,69.0,85.0,55.0,55.39000000000001,0.0
3151,2025-03-02 05:45:00,64.98333333333333,2.119999999999997,0.0,20.83333333333333,111.16333333333334,63.57,0.0,73.99,100.0,74.0,0.0,70.0,0.0,73.42999999999999,,,67.0,69.0,85.0,55.0,54.99,0.0
3152,2025-03-02 06:00:00,64.98,4.229999999999997,0.0,20.166666666666668,111.14,63.57,0.0,73.99,100.0,74.0,0.0,70.0,0.0,73.45,,,67.0,69.0,85.0,55.0,54.91,0.0
3153,2025-03-02 06:15:00,64.98333333333333,0.0,0.0,19.666666666666668,111.15,63.57,0.0,73.99,100.0,74.0,0.0,70.0,0.0,73.47333333333333,,,67.0,69.0,85.0,55.0,55.33,0.0
3154,2025-03-02 06:30:00,65.68666666666667,4.229999999999997,0.0,20.33333333333333,111.34,63.57,0.0,73.99,100.0,74.0,0.0,70.0,0.0,73.50333333333333,,,67.0,69.0,85.0,55.0,55.52,0.0
3155,2025-03-02 06:45:00,63.57,0.0,0.0,19.83333333333333,110.89333333333332,63.57,0.0,73.99,100.0,74.0,0.0,70.0,0.0,73.50333333333333,,,67.0,69.0,85.0,55.0,55.27,0.0
3156,2025-03-02 07:00:00,64.27666666666666,0.0,0.0,19.166666666666668,111.04666666666668,63.57,0.0,73.99,100.0,74.0,0.0,70.0,0.0,73.50333333333333,,,67.0,69.0,85.0,55.0,55.31,0.0
3157,2025-03-02 07:15:00,67.09666666666666,2.119999999999997,0.0,20.166666666666668,110.99666666666668,63.57,0.0,73.99,100.0,74.0,0.0,70.0,0.0,73.48333333333333,,,67.0,69.0,85.0,55.0,55.91,0.0
3158,2025-03-02 07:30:00,63.57,2.119999999999997,0.0,19.5,110.78,63.57,0.0,73.99,100.0,74.0,0.0,70.0,0.0,73.49,,,67.0,69.0,85.0,55.0,55.11999999999999,0.0
3159,2025-03-02 07:45:00,63.57,-2.119999999999997,0.0,19.5,110.96666666666664,63.57,0.0,73.99,100.0,74.0,0.0,70.0,0.0,73.39999999999999,,,67.0,69.0,85.0,55.0,55.690000000000005,0.0
3160,2025-03-02 08:00:00,65.69,2.119999999999997,0.0,19.5,110.95333333333332,63.57,0.0,73.99,100.0,74.0,0.0,70.0,0.0,73.38666666666667,,,67.0,69.0,85.0,55.0,55.9,0.0
3161,2025-03-02 08:15:00,65.68666666666667,2.119999999999997,0.0,19.666666666666668,110.77333333333333,63.57,0.0,73.99,100.0,74.0,0.0,70.0,0.0,73.37333333333333,,,67.0,69.0,85.0,55.0,55.51,0.0
3162,2025-03-02 08:30:00,64.98333333333333,2.119999999999997,0.0,19.33333333333333,110.44333333333331,63.57,0.0,73.99,100.0,74.0,0.0,70.0,0.0,73.37333333333333,,,67.0,69.0,85.0,55.0,55.31,0.0
3163,2025-03-02 08:45:00,64.98,4.229999999999997,0.0,19.83333333333333,110.75666666666666,63.57,0.0,73.99,100.0,74.0,0.0,70.0,0.0,73.37333333333333,,,67.0,69.0,85.0,55.0,55.940000000000005,0.0
3164,2025-03-02 09:00:00,64.27333333333333,-2.119999999999997,0.0,20.5,110.50333333333332,63.57,0.0,73.99,100.0,74.0,0.0,70.0,0.0,73.35666666666667,,,67.0,69.0,85.0,55.0,55.50000000000001,0.0
3165,2025-03-02 09:15:00,65.68666666666667,2.119999999999997,0.0,19.666666666666668,110.42666666666666,63.57,0.0,73.99,100.0,74.0,0.0,70.0,0.0,73.32333333333334,,,67.0,69.0,85.0,55.0,55.56999999999999,0.0
3166,2025-03-02 09:30:00,64.27666666666666,0.0,0.0,19.5,110.28666666666668,63.57,0.0,73.99,100.0,74.0,0.0,70.0,0.0,73.27333333333333,,,67.0,69.0,85.0,55.0,55.23,0.0
3167,2025-03-02 09:45:00,64.27666666666666,-2.119999999999997,0.0,19.5,110.42666666666666,63.57,0.0,73.99,100.0,74.0,0.0,70.0,0.0,73.28,,,67.0,69.0,85.0,55.0,55.86000000000001,0.0
3168,2025-03-02 10:00:00,65.68666666666667,2.119999999999997,0.0,19.166666666666668,110.09999999999998,63.57,0.0,73.99,100.0,74.0,0.0,70.0,0.0,73.23333333333333,,,67.0,69.0,85.0,55.0,55.41,0.0
3169,2025-03-02 10:15:00,65.68666666666667,0.0,0.0,19.33333333333333,110.15666666666668,63.57,0.0,73.99,100.0,74.0,0.0,70.0,0.0,73.24,,,67.0,69.0,85.0,55.0,55.51,0.0
3170,2025-03-02 10:30:00,63.57,-2.119999999999997,0.0,20.0,110.29666666666668,63.57,0.0,73.99,100.0,74.0,0.0,70.0,0.0,73.21333333333332,,,67.0,69.0,85.0,55.0,55.74000000000001,0.0
3171,2025-03-02 10:45:00,62.86333333333334,2.119999999999997,0.0,19.5,110.17333333333332,63.57,0.0,73.99,100.0,74.0,0.0,70.0,0.0,73.19333333333334,,,67.0,69.0,85.0,55.0,55.67999999999999,0.0
3172,2025-03-02 11:00:00,65.68666666666667,0.0,0.0,19.0,110.3,63.57,0.0,73.99,100.0,74.0,0.0,70.0,0.0,73.15333333333334,,,67.0,69.0,85.0,55.0,55.75,0.0
3173,2025-03-02 11:15:00,63.57,-2.119999999999997,0.0,19.0,110.05333333333331,63.57,0.0,73.99,100.0,74.0,0.0,70.0,0.0,73.14666666666666,,,67.0,69.0,85.0,55.0,55.760000000000005,0.0
3174,2025-03-02 11:30:00,64.98,-2.119999999999997,0.0,19.0,110.02666666666666,63.57,0.0,73.99,100.0,74.0,0.0,70.0,0.0,73.09,,,67.0,69.0,85.0,55.0,55.78,0.0
3175,2025-03-02 11:45:00,66.39,4.229999999999997,0.0,19.83333333333333,110.17666666666666,63.57,0.0,73.99,100.0,74.0,0.0,70.0,0.0,73.08666666666666,,,67.0,69.0,85.0,55.0,55.74999999999999,0.0
3176,2025-03-02 12:00:00,64.27666666666666,0.0,0.0,19.83333333333333,109.73333333333332,63.57,0.0,73.99,100.0,74.0,0.0,70.0,0.0,73.07666666666667,,,67.0,69.0,85.0,55.0,55.71,0.0
3177,2025-03-02 12:15:00,66.39,4.229999999999997,0.0,19.166666666666668,109.77,63.57,0.0,73.99,100.0,74.0,0.0,70.0,0.0,73.02999999999999,,,67.0,69.0,85.0,55.0,55.64000000000001,0.0
3178,2025-03-02 12:30:00,65.69,2.119999999999997,0.0,19.666666666666668,109.99333333333334,63.57,0.0,73.99,100.0,74.0,0.0,70.0,0.0,72.95666666666666,,,67.0,69.0,85.0,55.0,55.8,0.0
3179,2025-03-02 12:45:00,64.27666666666666,0.0,0.0,20.0,109.93666666666668,63.57,0.0,73.99,100.0,74.0,0.0,70.0,0.0,72.95,,,67.0,69.0,85.0,55.0,56.2,0.0
3180,2025-03-02 13:00:00,64.98,4.229999999999997,0.0,19.0,110.21999999999998,63.57,0.0,73.99,100.0,74.0,0.0,70.0,0.0,72.95666666666666,,,67.0,69.0,85.0,55.0,55.72,0.0
3181,2025-03-02 13:15:00,64.27666666666666,0.0,0.0,19.83333333333333,110.47,63.57,0.0,73.99,100.0,74.0,0.0,70.0,0.0,73.04666666666667,,,67.0,69.0,85.0,55.0,55.8,0.0
3182,2025-03-02 13:30:00,64.27666666666666,-2.119999999999997,0.0,19.666666666666668,110.24,63.57,0.0,73.99,100.0,74.0,0.0,70.0,0.0,73.11,,,67.0,69.0,85.0,55.0,55.41,0.0
3183,2025-03-02 13:45:00,64.27666666666666,2.119999999999997,0.0,19.5,110.36,63.57,0.0,73.99,100.0,74.0,0.0,70.0,0.0,73.20333333333333,,,67.0,69.0,85.0,55.0,55.25,0.0
3184,2025-03-02 14:00:00,66.39,0.0,0.0,19.83333333333333,110.70666666666666,63.57,0.0,73.99,100.0,74.0,0.0,70.0,0.0,73.27666666666666,,,67.0,69.0,85.0,55.0,55.53,0.0
3185,2025-03-02 14:15:00,63.57,-2.119999999999997,0.0,19.166666666666668,110.74333333333334,63.57,0.0,73.99,100.0,74.0,0.0,70.0,0.0,73.33999999999999,,,67.0,69.0,85.0,55.0,55.23,0.0
3186,2025-03-02 14:30:00,64.27666666666666,0.0,0.0,19.5,111.30333333333334,63.57,0.0,73.99,100.0,74.0,0.0,70.0,0.0,73.41666666666667,,,67.0,69.0,85.0,55.0,55.48,0.0
3187,2025-03-02 14:45:00,65.68666666666667,0.0,0.0,19.666666666666668,111.26333333333334,63.57,0.0,73.99,100.0,74.0,0.0,70.0,0.0,73.52333333333333,,,67.0,69.0,85.0,55.0,55.28000000000001,0.0
3188,2025-03-02 15:00:00,64.27666666666666,2.119999999999997,0.0,19.0,111.19666666666669,63.57,0.0,73.99,100.0,74.0,0.0,70.0,0.0,73.64666666666666,,,67.0,69.0,85.0,55.0,55.15,0.0
3189,2025-03-02 15:15:00,65.68666666666667,4.229999999999997,0.0,19.166666666666668,111.63333333333333,63.57,0.0,73.99,100.0,74.0,0.0,70.0,0.0,73.68333333333334,,,67.0,69.0,85.0,55.0,54.900000000000006,0.0
3190,2025-03-02 15:30:00,66.39333333333333,6.350000000000001,0.0,18.83333333333333,111.79333333333334,63.57,0.0,73.99,100.0,74.0,0.0,70.0,0.0,73.77666666666666,,,67.0,69.0,85.0,55.0,54.900000000000006,0.0
3191,2025-03-02 15:45:00,62.86333333333334,0.0,0.0,19.0,111.98,63.57,0.0,73.99,100.0,74.0,0.0,70.0,0.0,73.81333333333333,,,67.0,69.0,85.0,55.0,55.16,0.0
3192,2025-03-02 16:00:00,64.98333333333333,2.119999999999997,0.0,18.5,111.94333333333331,63.57,0.0,73.99,100.0,74.0,0.0,70.0,0.0,73.78666666666668,,,67.0,69.0,85.0,55.0,54.55,0.0
3193,2025-03-02 16:15:00,64.98333333333333,0.0,0.0,19.666666666666668,112.04333333333334,63.57,0.0,73.99,100.0,74.0,0.0,70.0,0.0,73.79333333333334,,,67.0,69.0,85.0,55.0,54.6,0.0
3194,2025-03-02 16:30:00,63.57,2.119999999999997,0.0,18.666666666666668,112.0,63.57,0.0,73.99,100.0,74.0,0.0,70.0,0.0,73.74333333333333,,,67.0,69.0,85.0,55.0,54.14,0.0
3195,2025-03-02 16:45:00,62.86333333333334,2.119999999999997,0.0,18.83333333333333,112.32666666666668,63.57,0.0,73.99,100.0,74.0,0.0,70.0,0.0,73.77333333333333,,,67.0,69.0,85.0,55.0,54.53,0.0
3196,2025-03-02 17:00:00,64.98333333333333,2.119999999999997,0.0,20.0,112.45,63.57,0.0,73.99,100.0,74.0,0.0,70.0,0.0,73.78333333333333,,,67.0,69.0,85.0,55.0,54.14999999999999,0.0
3197,2025-03-02 17:15:00,65.69,2.119999999999997,0.0,19.166666666666668,112.49,63.57,0.0,73.99,100.0,74.0,0.0,70.0,0.0,73.82333333333334,,,67.0,69.0,85.0,55.0,54.00000000000001,0.0
3198,2025-03-02 17:30:00,64.98333333333333,0.0,0.0,18.83333333333333,112.54,63.57,0.0,73.99,100.0,74.0,0.0,70.0,0.0,73.82333333333334,,,67.0,69.0,85.0,55.0,53.97,0.0
3199,2025-03-02 17:45:00,64.98333333333333,0.0,0.0,18.83333333333333,112.82,63.57,0.0,73.99,100.0,74.0,0.0,70.0,0.0,73.85000000000001,,,67.0,69.0,85.0,55.0,53.98,0.0
3200,2025-03-02 18:00:00,64.98333333333333,2.119999999999997,0.0,19.0,113.11333333333334,63.57,0.0,73.99,100.0,74.0,0.0,70.0,0.0,73.94666666666667,,,67.0,69.0,85.0,55.0,54.09,0.0
3201,2025-03-02 18:15:00,64.98333333333333,2.119999999999997,0.0,19.5,113.07666666666668,63.57,0.0,73.99,99.31333333333332,74.0,0.0,70.0,0.0,74.00999999999999,,,67.0,69.0,85.0,55.0,54.03999999999999,0.0
3202,2025-03-02 18:30:00,64.27666666666666,0.0,0.0,19.5,113.14666666666666,63.57,0.0,73.99,97.11,74.0,0.0,70.0,0.0,74.11333333333333,,,67.0,69.0,85.0,55.0,54.11,0.0
3203,2025-03-02 18:45:00,64.27666666666666,2.119999999999997,0.0,19.166666666666668,113.14,63.57,0.0,73.99,93.99666666666668,74.0,0.0,70.0,0.0,74.20333333333333,,,67.0,69.0,85.0,55.0,53.62,0.0
3204,2025-03-02 19:00:00,64.98333333333333,2.119999999999997,0.0,18.83333333333333,112.16,63.57,0.0,73.99,90.50333333333332,74.0,0.0,70.0,0.0,74.27333333333333,,,67.0,69.0,85.0,55.0,52.77,0.0
3205,2025-03-02 19:15:00,64.27666666666666,0.0,0.0,17.666666666666668,110.23,63.57,0.0,73.99,85.75999999999999,74.0,0.0,70.0,0.0,74.39,,,67.0,69.0,85.0,55.0,50.69,0.0
3206,2025-03-02 19:30:00,65.68666666666667,0.0,0.0,17.5,108.51333333333334,63.57,0.0,73.99,82.39999999999999,74.0,0.0,70.0,0.0,74.41000000000001,,,67.0,69.0,85.0,55.0,48.52,0.0
3207,2025-03-02 19:45:00,65.69,2.119999999999997,0.0,17.333333333333332,107.0,63.57,0.0,73.99,79.15666666666667,74.0,0.0,70.0,0.0,74.41,,,67.0,69.0,85.0,55.0,47.32,0.0
3208,2025-03-02 20:00:00,65.69,2.119999999999997,0.0,16.166666666666668,104.74333333333334,63.57,0.0,73.99,75.83666666666666,74.0,0.0,70.0,0.0,74.42333333333333,,,67.0,69.0,85.0,55.0,45.06,0.0
3209,2025-03-02 20:15:00,64.27666666666666,0.0,0.0,15.333333333333334,102.93333333333334,63.57,0.0,73.99,72.81,74.0,0.0,70.0,0.0,74.41666666666667,,,67.0,69.0,85.0,55.0,42.77,0.0
3210,2025-03-02 20:30:00,64.27666666666666,0.0,0.0,15.166666666666666,101.33333333333331,63.57,0.0,73.99,69.59666666666668,74.0,0.0,70.0,0.0,74.41,,,67.0,69.0,85.0,55.0,40.870000000000005,0.0
3211,2025-03-02 20:45:00,66.39,4.229999999999997,0.0,14.666666666666666,99.6,63.57,0.0,73.99,67.01666666666667,74.0,0.0,70.0,0.0,74.37666666666667,,,67.0,69.0,85.0,55.0,38.93000000000001,0.0
3212,2025-03-02 21:00:00,64.98333333333333,0.0,0.0,14.166666666666666,97.88666666666666,63.57,0.0,73.99,64.89666666666666,74.0,0.0,70.0,0.0,74.35666666666667,,,67.0,69.0,85.0,55.0,36.92999999999999,0.0
3213,2025-03-02 21:15:00,67.09666666666666,4.229999999999997,0.0,13.833333333333334,96.81666666666666,63.57,0.0,73.99,63.91333333333333,74.0,0.0,70.0,0.0,74.28,,,67.0,69.0,85.0,55.0,35.84,0.0
3214,2025-03-02 21:30:00,66.39333333333333,2.119999999999997,0.0,13.5,95.96999999999998,63.57,0.0,73.99,62.54666666666666,74.0,0.0,70.0,0.0,74.24666666666667,,,67.0,69.0,85.0,55.0,34.93,0.0
3215,2025-03-02 21:45:00,63.57,0.0,0.0,13.0,95.6,63.57,0.0,73.99,62.123333333333335,74.0,0.0,70.0,0.0,74.18666666666667,,,67.0,69.0,85.0,55.0,33.89000000000001,0.0
3216,2025-03-02 22:00:00,64.98333333333333,0.0,0.0,13.0,95.66333333333334,63.57,0.0,73.99,62.28,74.0,0.0,70.0,0.0,74.12,,,67.0,69.0,85.0,55.0,34.05,0.0
3217,2025-03-02 22:15:00,64.27666666666666,0.0,0.0,13.166666666666666,95.18,63.57,0.0,73.99,61.43,74.0,0.0,70.0,0.0,74.12,,,67.0,69.0,85.0,55.0,33.529999999999994,0.0
3218,2025-03-02 22:30:00,64.98333333333333,0.0,0.0,13.5,94.71333333333332,63.57,0.0,73.99,60.56666666666666,74.0,0.0,70.0,0.0,74.11333333333333,,,67.0,69.0,85.0,55.0,33.14,0.0
3219,2025-03-02 22:45:00,64.27666666666666,2.119999999999997,0.0,13.5,93.89666666666666,63.57,0.0,73.99,59.86333333333334,74.0,0.0,70.0,0.0,74.10000000000001,,,67.0,69.0,85.0,55.0,32.559999999999995,0.0
3220,2025-03-02 23:00:00,64.27666666666666,2.119999999999997,0.0,13.5,94.38,63.57,0.0,73.99,60.86333333333334,74.0,0.0,70.0,0.0,74.02333333333333,,,67.0,69.0,85.0,55.0,32.28,0.0
3221,2025-03-02 23:15:00,67.09666666666666,4.229999999999997,0.0,13.5,95.40666666666668,63.57,0.0,73.99,63.14666666666667,74.0,0.0,70.0,0.0,73.91666666666667,,,67.0,69.0,85.0,55.0,33.709999999999994,0.0
3222,2025-03-02 23:30:00,64.27666666666666,,0.0,13.333333333333334,97.36333333333334,63.57,0.0,73.99,66.52,74.0,0.0,70.0,0.0,73.8,,,67.0,69.0,85.0,55.0,,
3223,2025-03-02 23:45:00,62.86333333333334,0.0,0.0,13.0,100.31333333333332,63.57,0.0,73.99,72.32333333333334,74.0,0.0,70.0,0.0,73.61666666666667,,,67.0,69.0,85.0,55.0,38.10000000000001,0.0
3224,2025-03-03 00:00:00,64.27666666666666,0.0,0.0,14.5,103.99333333333334,63.57,0.0,73.99,79.24666666666667,74.0,0.0,70.0,0.0,73.44666666666667,,,67.0,69.0,85.0,55.0,42.03,0.0
3225,2025-03-03 00:15:00,64.27666666666666,0.0,0.0,15.666666666666666,106.57,63.57,0.0,73.99,85.32333333333334,74.0,0.0,70.0,0.0,73.35000000000001,,,67.0,69.0,85.0,55.0,45.26,0.0
3226,2025-03-03 00:30:00,65.69,2.119999999999997,0.0,16.333333333333332,109.37333333333332,63.57,0.0,73.99,92.74666666666668,74.0,0.0,70.0,0.0,73.25666666666666,,,67.0,69.0,85.0,55.0,48.21999999999999,0.0
3227,2025-03-03 00:45:00,66.39333333333333,2.119999999999997,0.0,16.833333333333332,110.29333333333334,63.57,0.0,73.99,98.26,74.0,0.0,70.0,0.0,73.24,,,67.0,69.0,85.0,55.0,50.59,0.0
3228,2025-03-03 01:00:00,64.27666666666666,2.119999999999997,0.0,17.166666666666668,110.57,63.57,0.0,73.99,100.0,74.0,0.0,70.0,0.0,73.23333333333333,,,67.0,69.0,85.0,55.0,50.93000000000001,0.0
3229,2025-03-03 01:15:00,65.68666666666667,0.0,0.0,17.333333333333332,110.2,63.57,0.0,73.99,100.0,74.0,0.0,70.0,0.0,73.2,,,67.0,69.0,85.0,55.0,51.190000000000005,0.0
3230,2025-03-03 01:30:00,64.27666666666666,2.119999999999997,0.0,17.0,110.53333333333336,63.57,0.0,73.99,100.0,74.0,0.0,70.0,0.0,73.18666666666667,,,67.0,69.0,85.0,55.0,51.24999999999999,0.0
3231,2025-03-03 01:45:00,64.27666666666666,0.0,0.0,17.833333333333332,110.45666666666666,63.57,0.0,73.99,100.0,74.0,0.0,70.0,0.0,73.22666666666667,,,67.0,69.0,85.0,55.0,52.64,0.0
3232,2025-03-03 02:00:00,66.39333333333333,4.229999999999997,0.0,18.0,110.44,63.57,0.0,73.99,100.0,74.0,0.0,70.0,0.0,73.24,,,67.0,69.0,85.0,55.0,51.68,0.0
3233,2025-03-03 02:15:00,66.39,4.229999999999997,0.0,18.33333333333333,110.58666666666666,63.57,0.0,73.99,100.0,74.0,0.0,70.0,0.0,73.24,,,67.0,69.0,85.0,55.0,51.99,0.0
3234,2025-03-03 02:30:00,64.27666666666666,0.0,0.0,18.666666666666668,110.51333333333334,63.57,0.0,73.99,100.0,74.0,0.0,70.0,0.0,73.24,,,67.0,69.0,85.0,55.0,52.16,0.0
3235,2025-03-03 02:45:00,64.98,4.229999999999997,0.0,17.5,110.29666666666668,63.57,0.0,73.99,100.0,74.0,0.0,70.0,0.0,73.22666666666667,,,67.0,69.0,85.0,55.0,51.95,0.0
3236,2025-03-03 03:00:00,63.57,0.0,0.0,17.5,110.51666666666668,63.57,0.0,73.99,100.0,74.0,0.0,70.0,0.0,73.3,,,67.0,69.0,85.0,55.0,52.43000000000001,0.0
3237,2025-03-03 03:15:00,64.98333333333333,2.119999999999997,0.0,18.666666666666668,110.4,63.57,0.0,73.99,100.0,74.0,0.0,70.0,0.0,73.33666666666666,,,67.0,69.0,85.0,55.0,52.42,0.0
3238,2025-03-03 03:30:00,62.86333333333334,-2.119999999999997,0.0,18.666666666666668,110.71333333333332,63.57,0.0,73.99,100.0,74.0,0.0,70.0,0.0,73.34333333333332,,,67.0,69.0,85.0,55.0,52.68,0.0
3239,2025-03-03 03:45:00,64.27666666666666,2.119999999999997,0.0,18.33333333333333,110.98666666666668,63.57,0.0,73.99,100.0,74.0,0.0,70.0,0.0,73.30333333333334,,,67.0,69.0,85.0,55.0,52.85,0.0
3240,2025-03-03 04:00:00,64.98333333333333,2.119999999999997,0.0,19.166666666666668,111.07666666666668,63.57,0.0,73.99,100.0,74.0,0.0,70.0,0.0,73.32333333333334,,,67.0,69.0,85.0,55.0,53.38,0.0
3241,2025-03-03 04:15:00,64.27666666666666,2.119999999999997,0.0,19.33333333333333,110.96666666666664,63.57,0.0,73.99,100.0,74.0,0.0,70.0,0.0,73.33333333333333,,,67.0,69.0,85.0,55.0,53.12,0.0
3242,2025-03-03 04:30:00,64.27666666666666,0.0,0.0,19.5,110.96333333333332,63.57,0.0,73.99,100.0,74.0,0.0,70.0,0.0,73.38,,,67.0,69.0,85.0,55.0,53.42,0.0
3243,2025-03-03 04:45:00,63.57,2.119999999999997,0.0,19.5,111.03333333333336,63.57,0.0,73.99,100.0,74.0,0.0,70.0,0.0,73.38,,,67.0,69.0,85.0,55.0,53.17,0.0
3244,2025-03-03 05:00:00,64.98333333333333,2.119999999999997,0.0,19.5,111.02,63.57,0.0,73.99,100.0,74.0,0.0,70.0,0.0,73.38,,,67.0,69.0,85.0,55.0,53.38,0.0
3245,2025-03-03 05:15:00,64.27666666666666,0.0,0.0,19.5,111.05666666666669,63.57,0.0,73.99,100.0,74.0,0.0,70.0,0.0,73.46,,,67.0,69.0,85.0,55.0,53.760000000000005,0.0
3246,2025-03-03 05:30:00,64.27666666666666,0.0,0.0,18.83333333333333,110.70666666666666,63.57,0.0,73.99,100.0,74.0,0.0,70.0,0.0,73.49666666666667,,,67.0,69.0,85.0,55.0,53.72,0.0
3247,2025-03-03 05:45:00,65.68666666666667,4.229999999999997,0.0,18.5,110.69666666666669,63.57,0.0,73.99,100.0,74.0,0.0,70.0,0.0,73.44333333333333,,,67.0,69.0,85.0,55.0,53.3,0.0
3248,2025-03-03 06:00:00,64.27666666666666,0.0,0.0,19.5,110.94333333333331,63.57,0.0,73.99,100.0,74.0,0.0,70.0,0.0,73.38,,,67.0,69.0,85.0,55.0,54.21000000000001,0.0
3249,2025-03-03 06:15:00,64.98333333333333,2.119999999999997,0.0,18.83333333333333,110.57333333333334,63.57,0.0,73.99,100.0,74.0,0.0,70.0,0.0,73.38666666666667,,,67.0,69.0,85.0,55.0,53.74,0.0
3250,2025-03-03 06:30:00,62.86333333333334,0.0,0.0,19.5,110.68666666666668,63.57,0.0,73.99,100.0,74.0,0.0,70.0,0.0,73.37333333333333,,,67.0,69.0,85.0,55.0,54.27,0.0
3251,2025-03-03 06:45:00,66.39333333333333,2.119999999999997,0.0,19.666666666666668,110.53333333333336,63.57,0.0,73.99,100.0,74.0,0.0,70.0,0.0,73.36,,,67.0,69.0,85.0,55.0,54.24,0.0
3252,2025-03-03 07:00:00,64.98,4.229999999999997,0.0,19.0,110.57666666666668,63.57,0.0,73.99,100.0,74.0,0.0,70.0,0.0,73.36666666666666,,,67.0,69.0,85.0,55.0,53.99,0.0
3253,2025-03-03 07:15:00,64.27666666666666,2.119999999999997,0.0,19.5,110.77666666666666,63.57,0.0,73.99,100.0,74.0,0.0,70.0,0.0,73.35666666666667,,,67.0,69.0,85.0,55.0,53.86,0.0
3254,2025-03-03 07:30:00,65.68666666666667,0.0,0.0,20.0,110.8,63.57,0.0,73.99,100.0,74.0,0.0,70.0,0.0,73.38,,,67.0,69.0,85.0,55.0,54.580000000000005,0.0
3255,2025-03-03 07:45:00,63.57,0.0,0.0,19.166666666666668,110.69666666666669,63.57,0.0,73.99,100.0,74.0,0.0,70.0,0.0,73.38,,,67.0,69.0,85.0,55.0,53.77,0.0
3256,2025-03-03 08:00:00,63.57,0.0,0.0,19.83333333333333,110.58,63.57,0.0,73.99,100.0,74.0,0.0,70.0,0.0,73.40333333333332,,,67.0,69.0,85.0,55.0,54.35000000000001,0.0
3257,2025-03-03 08:15:00,64.98333333333333,2.119999999999997,0.0,19.33333333333333,110.51333333333334,63.57,0.0,73.99,100.0,74.0,0.0,70.0,0.0,73.45666666666666,,,67.0,69.0,85.0,55.0,54.080000000000005,0.0
3258,2025-03-03 08:30:00,62.86333333333334,0.0,0.0,19.166666666666668,110.65,63.57,0.0,73.99,100.0,74.0,0.0,70.0,0.0,73.47666666666667,,,67.0,69.0,85.0,55.0,54.29,0.0
3259,2025-03-03 08:45:00,64.98333333333333,2.119999999999997,0.0,19.83333333333333,110.49,63.57,0.0,73.99,100.0,74.0,0.0,70.0,0.0,73.49,,,67.0,69.0,85.0,55.0,54.11,0.0
3260,2025-03-03 09:00:00,62.86333333333334,0.0,0.0,20.0,110.51,63.57,0.0,73.99,100.0,74.0,0.0,70.0,0.0,73.51,,,67.0,69.0,85.0,55.0,54.06999999999999,0.0
3261,2025-03-03 09:15:00,65.68666666666667,0.0,0.0,19.166666666666668,110.40666666666664,63.57,0.0,73.99,100.0,74.0,0.0,70.0,0.0,73.50333333333333,,,67.0,69.0,85.0,55.0,54.27,0.0
3262,2025-03-03 09:30:00,64.27666666666666,2.119999999999997,0.0,19.0,110.40666666666668,63.57,0.0,73.99,100.0,74.0,0.0,70.0,0.0,73.53,,,67.0,69.0,85.0,55.0,54.28999999999999,0.0
3263,2025-03-03 09:45:00,64.98333333333333,2.119999999999997,0.0,19.5,110.34,63.57,0.0,73.99,100.0,74.0,0.0,70.0,0.0,73.52333333333333,,,67.0,69.0,85.0,55.0,54.06,0.0
3264,2025-03-03 10:00:00,64.98,0.0,0.0,19.5,110.30666666666669,63.57,0.0,73.99,100.0,74.0,0.0,70.0,0.0,73.52666666666667,,,67.0,69.0,85.0,55.0,54.04,0.0
3265,2025-03-03 10:15:00,64.27666666666666,0.0,0.0,19.666666666666668,110.13666666666666,63.57,0.0,73.99,100.0,74.0,0.0,70.0,0.0,73.54666666666667,,,67.0,69.0,85.0,55.0,54.17999999999999,0.0
3266,2025-03-03 10:30:00,64.27666666666666,0.0,0.0,19.666666666666668,109.89,63.57,0.0,73.99,100.0,74.0,0.0,70.0,0.0,73.53333333333335,,,67.0,69.0,85.0,55.0,53.17000000000001,0.0
3267,2025-03-03 10:45:00,62.86333333333334,0.0,0.0,19.166666666666668,109.94666666666666,63.57,0.0,73.99,100.0,74.0,0.0,70.0,0.0,73.53,,,67.0,69.0,85.0,55.0,53.10999999999999,0.0
3268,2025-03-03 11:00:00,64.98333333333333,0.0,0.0,19.666666666666668,110.20666666666666,63.57,0.0,73.99,100.0,74.0,0.0,70.0,0.0,73.56333333333333,,,67.0,69.0,85.0,55.0,53.75999999999999,0.0
3269,2025-03-03 11:15:00,66.39,4.229999999999997,0.0,19.83333333333333,110.03,63.57,0.0,73.99,100.0,74.0,0.0,70.0,0.0,73.62333333333333,,,67.0,69.0,85.0,55.0,53.4,0.0
3270,2025-03-03 11:30:00,64.98333333333333,2.119999999999997,0.0,19.83333333333333,110.13333333333333,63.57,0.0,73.99,100.0,74.0,0.0,70.0,0.0,73.64,,,67.0,69.0,85.0,55.0,53.25,0.0
3271,2025-03-03 11:45:00,64.27666666666666,0.0,0.0,19.83333333333333,110.02,63.57,0.0,73.99,100.0,74.0,0.0,70.0,0.0,73.66333333333334,,,67.0,69.0,85.0,55.0,53.27,0.0
3272,2025-03-03 12:00:00,64.98333333333333,2.119999999999997,0.0,19.0,110.25,63.57,0.0,73.99,100.0,74.0,0.0,70.0,0.0,73.66333333333334,,,67.0,69.0,85.0,55.0,53.02,0.0
3273,2025-03-03 12:15:00,64.98333333333333,2.119999999999997,0.0,19.0,110.44,63.57,0.0,73.99,100.0,74.0,0.0,70.0,0.0,73.71,,,67.0,69.0,85.0,55.0,53.39000000000001,0.0
3274,2025-03-03 12:30:00,64.98333333333333,0.0,0.0,19.33333333333333,110.75,63.57,0.0,73.99,100.0,74.0,0.0,70.0,0.0,73.72666666666667,,,67.0,69.0,85.0,55.0,53.17999999999999,0.0
3275,2025-03-03 12:45:00,63.57,2.119999999999997,0.0,19.83333333333333,110.55,63.57,0.0,73.99,100.0,74.0,0.0,70.0,0.0,73.78,,,67.0,69.0,85.0,55.0,53.19,0.0
3276,2025-03-03 13:00:00,64.98,0.0,0.0,20.0,110.57,63.57,0.0,73.99,100.0,74.0,0.0,70.0,0.0,73.80666666666667,,,67.0,69.0,85.0,55.0,53.13999999999999,0.0
3277,2025-03-03 13:15:00,65.68666666666667,4.229999999999997,0.0,19.0,110.54666666666668,63.57,0.0,73.99,100.0,74.0,0.0,70.0,0.0,73.82333333333334,,,67.0,69.0,85.0,55.0,53.12,0.0
3278,2025-03-03 13:30:00,64.27666666666666,0.0,0.0,19.0,110.88666666666666,63.57,0.0,73.99,100.0,74.0,0.0,70.0,0.0,73.88,,,67.0,69.0,85.0,55.0,52.95,0.0
3279,2025-03-03 13:45:00,64.27666666666666,0.0,0.0,19.0,111.09333333333332,63.57,0.0,73.99,100.0,74.0,0.0,70.0,0.0,73.97333333333334,,,67.0,69.0,85.0,55.0,52.72,0.0
3280,2025-03-03 14:00:00,64.98333333333333,2.119999999999997,0.0,19.0,111.19333333333331,63.57,0.0,73.99,100.0,74.0,0.0,70.0,0.0,73.92333333333333,,,67.0,69.0,85.0,55.0,52.06,0.0
3281,2025-03-03 14:15:00,64.27666666666666,0.0,0.0,19.33333333333333,111.51,63.57,0.0,73.99,99.43333333333334,74.0,0.0,70.0,0.0,74.01,,,67.0,69.0,85.0,55.0,52.06,0.0
3282,2025-03-03 14:30:00,65.69,2.119999999999997,0.0,18.666666666666668,111.62,63.57,0.0,73.99,98.54,74.0,0.0,70.0,0.0,74.04333333333334,,,67.0,69.0,85.0,55.0,51.46,0.0
3283,2025-03-03 14:45:00,63.57,0.0,0.0,18.166666666666668,111.74666666666668,63.57,0.0,73.99,95.08666666666666,74.0,0.0,70.0,0.0,74.17999999999999,,,67.0,69.0,85.0,55.0,51.00000000000001,0.0
3284,2025-03-03 15:00:00,64.98333333333333,2.119999999999997,0.0,18.0,111.76666666666668,63.57,0.0,73.99,93.19666666666666,74.0,0.0,70.0,0.0,74.20333333333333,,,67.0,69.0,85.0,55.0,50.66,0.0
3285,2025-03-03 15:15:00,63.57,0.0,0.0,17.833333333333332,109.85,63.57,0.0,73.99,86.8,74.0,0.0,70.0,0.0,74.41666666666667,,,67.0,69.0,85.0,55.0,49.16,0.0
3286,2025-03-03 15:30:00,64.27666666666666,0.0,0.0,18.166666666666668,108.95666666666666,63.57,0.0,73.99,84.29,74.0,0.0,70.0,0.0,74.37,,,67.0,69.0,85.0,55.0,46.36000000000001,0.0
3287,2025-03-03 15:45:00,65.68666666666667,4.229999999999997,0.0,18.166666666666668,109.09666666666664,63.57,0.0,73.99,83.91333333333334,74.0,0.0,70.0,0.0,74.26,,,67.0,69.0,85.0,55.0,46.64999999999999,0.0
3288,2025-03-03 16:00:00,63.57,2.119999999999997,0.0,18.0,109.00333333333332,63.57,0.0,73.99,83.39999999999999,74.0,0.0,70.0,0.0,74.19666666666667,,,67.0,69.0,85.0,55.0,45.98,0.0
3289,2025-03-03 16:15:00,65.68666666666667,0.0,0.0,18.5,109.31333333333332,63.57,0.0,73.99,83.75666666666667,74.0,0.0,70.0,0.0,74.12,,,67.0,69.0,85.0,55.0,46.4,0.0
3290,2025-03-03 16:30:00,64.98333333333333,2.119999999999997,0.0,17.0,108.38666666666666,63.57,0.0,73.99,81.21,74.0,0.0,70.0,0.0,74.19333333333334,,,67.0,69.0,85.0,55.0,45.26,0.0
3291,2025-03-03 16:45:00,64.98333333333333,2.119999999999997,0.0,17.333333333333332,108.03333333333336,63.57,0.0,73.99,79.66333333333334,74.0,0.0,70.0,0.0,74.19,,,67.0,69.0,85.0,55.0,44.510000000000005,0.0
3292,2025-03-03 17:00:00,64.98333333333333,0.0,0.0,17.166666666666668,106.42,63.57,0.0,73.99,76.41333333333334,74.0,0.0,70.0,0.0,74.26666666666667,,,67.0,69.0,85.0,55.0,42.52,0.0
3293,2025-03-03 17:15:00,64.27666666666666,2.119999999999997,0.0,17.0,105.97666666666667,63.57,0.0,73.99,74.85000000000001,74.0,0.0,70.0,0.0,74.24666666666667,,,67.0,69.0,85.0,55.0,41.18000000000001,0.0
3294,2025-03-03 17:30:00,64.27333333333333,-2.119999999999997,0.0,17.5,105.99333333333334,63.57,0.0,73.99,75.08,74.0,0.0,70.0,0.0,74.15666666666668,,,67.0,69.0,85.0,55.0,40.61,0.0
3295,2025-03-03 17:45:00,64.98333333333333,0.0,0.0,17.0,106.05666666666669,63.57,0.0,73.99,74.67666666666666,74.0,0.0,70.0,0.0,74.13333333333334,,,67.0,69.0,85.0,55.0,40.36,0.0
3296,2025-03-03 18:00:00,64.27666666666666,0.0,0.0,16.666666666666668,103.57333333333334,63.57,0.0,73.99,67.81666666666666,74.0,0.0,70.0,0.0,74.39,,,67.0,69.0,85.0,55.0,39.98,0.0
3297,2025-03-03 18:15:00,64.98333333333333,2.119999999999997,0.0,16.333333333333332,87.60333333333334,63.57,0.0,73.99,41.85,74.0,0.0,70.0,0.0,75.38333333333334,,,67.0,69.0,85.0,55.0,29.94,0.0
3298,2025-03-03 18:30:00,64.98333333333333,2.119999999999997,0.0,16.166666666666668,75.5,63.57,0.0,73.99,24.14333333333333,74.0,0.0,70.0,0.0,75.62,,,67.0,69.0,85.0,55.0,10.289999999999992,0.0
3299,2025-03-03 18:45:00,63.56999999999999,0.0,0.0,16.666666666666668,74.51666666666667,63.57,0.0,73.99,21.69,74.0,0.0,70.0,0.0,75.27333333333333,,,67.0,69.0,85.0,55.0,9.230000000000004,0.0
3300,2025-03-03 19:00:00,65.69,2.119999999999997,0.0,16.0,70.83666666666666,63.57,0.0,73.99,12.433333333333332,74.0,0.0,70.0,0.0,75.22666666666667,,,67.0,69.0,85.0,55.0,4.88000000000001,0.0
3301,2025-03-03 19:15:00,64.98333333333333,2.119999999999997,0.0,15.0,68.13333333333333,63.57,0.0,73.99,6.3,74.0,0.0,70.0,0.0,75.10000000000001,,,67.0,69.0,85.0,55.0,2.1499999999999915,0.0
3302,2025-03-03 19:30:00,64.98333333333333,2.119999999999997,0.0,15.833333333333334,61.43,63.57,0.0,73.99,5.666666666666667,74.0,0.0,70.0,0.0,74.79333333333334,,,67.0,69.0,85.0,55.0,4.200000000000003,0.0
3303,2025-03-03 19:45:00,64.98333333333333,0.0,0.0,15.666666666666666,64.63,63.57,0.0,73.99,10.806666666666668,74.0,0.0,70.0,0.0,74.31,,,67.0,69.0,85.0,55.0,2.700000000000003,0.0
3304,2025-03-03 20:00:00,64.98333333333333,2.119999999999997,0.0,16.0,63.53,63.57,0.0,73.99,15.796666666666669,74.0,0.0,70.0,0.0,73.99,,,67.0,69.0,85.0,55.0,4.439999999999998,0.0
3305,2025-03-03 20:15:00,66.39333333333333,4.229999999999997,0.0,15.166666666666666,69.07000000000001,63.57,0.0,73.99,26.953333333333333,74.0,0.0,70.0,0.0,73.52,,,67.0,69.0,85.0,55.0,7.530000000000001,0.0
3306,2025-03-03 20:30:00,64.98333333333333,2.119999999999997,0.0,13.666666666666666,74.51666666666667,63.57,0.0,73.99,33.97,74.0,0.0,70.0,0.0,73.38666666666667,,,67.0,69.0,85.0,55.0,9.690000000000012,0.0
3307,2025-03-03 20:45:00,65.69,2.119999999999997,0.0,13.166666666666666,73.92666666666666,63.57,0.0,73.99,38.72,74.0,0.0,70.0,0.0,73.37333333333333,,,67.0,69.0,85.0,55.0,14.869999999999996,0.0
3308,2025-03-03 21:00:00,64.98333333333333,0.0,0.0,13.0,77.44666666666667,63.57,0.0,73.99,35.0,74.0,0.0,70.0,0.0,73.72333333333334,,,67.0,69.0,85.0,55.0,14.38000000000001,0.0
3309,2025-03-03 21:15:00,63.57,2.119999999999997,0.0,12.833333333333334,71.29333333333334,63.57,0.0,73.99,33.833333333333336,74.0,0.0,70.0,0.0,73.87,,,67.0,69.0,85.0,55.0,11.25,0.0
3310,2025-03-03 21:30:00,64.27666666666666,0.0,0.0,13.333333333333334,74.57,63.57,0.0,73.99,38.97,74.0,0.0,70.0,0.0,73.67,,,67.0,69.0,85.0,55.0,16.450000000000003,0.0
3311,2025-03-03 21:45:00,65.69,2.119999999999997,0.0,12.333333333333334,73.37,63.57,0.0,73.99,37.46666666666667,74.0,0.0,70.0,0.0,73.83666666666666,,,67.0,69.0,85.0,55.0,14.710000000000008,0.0
3312,2025-03-03 22:00:00,64.27666666666666,0.0,0.0,12.666666666666666,76.19333333333333,63.57,0.0,73.99,42.26,74.0,0.0,70.0,0.0,73.69,,,67.0,69.0,85.0,55.0,16.499999999999993,0.0
3313,2025-03-03 22:15:00,67.09666666666666,4.229999999999997,0.0,13.0,77.67666666666666,63.57,0.0,73.99,43.68333333333334,74.0,0.0,70.0,0.0,73.73333333333333,,,67.0,69.0,85.0,55.0,20.09,0.0
3314,2025-03-03 22:30:00,63.57,-2.119999999999997,0.0,12.166666666666666,76.87333333333333,63.57,0.0,73.99,43.28,74.0,0.0,70.0,0.0,73.83,,,67.0,69.0,85.0,55.0,19.1,0.0
3315,2025-03-03 22:45:00,64.98333333333333,2.119999999999997,0.0,13.333333333333334,80.47333333333334,63.57,0.0,73.99,49.85666666666666,74.0,0.0,70.0,0.0,73.59666666666668,,,67.0,69.0,85.0,55.0,20.15000000000001,0.0
3316,2025-03-03 23:00:00,63.57,0.0,0.0,13.333333333333334,82.22666666666667,63.57,0.0,73.99,48.34333333333333,74.0,0.0,70.0,0.0,73.80666666666666,,,67.0,69.0,85.0,55.0,25.750000000000007,0.0
3317,2025-03-03 23:15:00,65.68666666666667,2.119999999999997,0.0,12.833333333333334,80.31,63.57,0.0,73.99,42.17333333333333,74.0,0.0,70.0,0.0,74.10666666666667,,,67.0,69.0,85.0,55.0,18.370000000000005,0.0
3318,2025-03-03 23:30:00,64.27666666666666,0.0,0.0,13.333333333333334,76.73666666666666,63.57,0.0,73.99,39.64666666666667,74.0,0.0,70.0,0.0,74.19333333333334,,,67.0,69.0,85.0,55.0,19.0,0.0
3319,2025-03-03 23:45:00,66.39333333333333,6.350000000000001,0.0,13.333333333333334,75.16333333333334,63.57,0.0,73.99,36.71,74.0,0.0,70.0,0.0,74.24666666666667,,,67.0,69.0,85.0,55.0,13.97,0.0
3320,2025-03-04 00:00:00,65.68666666666667,0.0,0.0,14.5,78.28666666666668,63.57,0.0,73.99,35.85666666666666,74.0,0.0,70.0,0.0,74.20333333333333,,,67.0,69.0,85.0,55.0,13.890000000000008,0.0
3321,2025-03-04 00:15:00,64.27666666666666,2.119999999999997,0.0,13.666666666666666,77.13666666666667,63.57,0.0,73.99,30.906666666666663,74.0,0.0,70.0,0.0,74.34666666666668,,,67.0,69.0,85.0,55.0,12.019999999999996,0.0
3322,2025-03-04 00:30:00,64.27666666666666,2.119999999999997,0.0,14.0,75.76666666666667,63.57,0.0,73.99,29.070000000000004,74.0,0.0,70.0,0.0,74.29666666666667,,,67.0,69.0,85.0,55.0,11.189999999999998,0.0
3323,2025-03-04 00:45:00,64.27666666666666,0.0,0.0,14.5,78.14999999999999,63.57,0.0,73.99,34.69,74.0,0.0,70.0,0.0,73.94666666666667,,,67.0,69.0,85.0,55.0,10.120000000000005,0.0
3324,2025-03-04 01:00:00,63.57,0.0,0.0,15.333333333333334,84.43333333333334,63.57,0.0,73.99,44.61000000000001,74.0,0.0,70.0,0.0,73.57000000000001,,,67.0,69.0,85.0,55.0,16.519999999999996,0.0
3325,2025-03-04 01:15:00,65.69,2.119999999999997,0.0,15.166666666666666,89.06,63.57,0.0,73.99,51.083333333333336,74.0,0.0,70.0,0.0,73.41666666666667,,,67.0,69.0,85.0,55.0,22.03,0.0
3326,2025-03-04 01:30:00,63.57,0.0,0.0,15.666666666666666,93.94333333333331,63.57,0.0,73.99,58.156666666666666,74.0,0.0,70.0,0.0,73.30333333333333,,,67.0,69.0,85.0,55.0,27.03,0.0
3327,2025-03-04 01:45:00,65.68666666666667,4.229999999999997,0.0,15.833333333333334,98.68,63.57,0.0,73.99,65.38666666666666,74.0,0.0,70.0,0.0,73.22666666666667,,,67.0,69.0,85.0,55.0,32.28,0.0
3328,2025-03-04 02:00:00,64.98333333333333,0.0,0.0,16.166666666666668,102.59,63.57,0.0,73.99,71.52333333333333,74.0,0.0,70.0,0.0,73.22,,,67.0,69.0,85.0,55.0,36.59,0.0
3329,2025-03-04 02:15:00,64.98333333333333,2.119999999999997,0.0,16.5,105.48666666666666,63.57,0.0,73.99,77.19,74.0,0.0,70.0,0.0,73.22666666666667,,,67.0,69.0,85.0,55.0,40.06999999999999,0.0
3330,2025-03-04 02:30:00,66.39333333333333,4.229999999999997,0.0,16.666666666666668,107.82,63.57,0.0,73.99,82.73666666666666,74.0,0.0,70.0,0.0,73.23333333333333,,,67.0,69.0,85.0,55.0,43.34,0.0
3331,2025-03-04 02:45:00,64.27666666666666,0.0,0.0,16.666666666666668,109.61,63.57,0.0,73.99,87.94333333333334,74.0,0.0,70.0,0.0,73.25666666666666,,,67.0,69.0,85.0,55.0,45.67999999999999,0.0
3332,2025-03-04 03:00:00,62.86333333333334,2.119999999999997,0.0,16.166666666666668,110.91666666666669,63.57,0.0,73.99,91.21999999999998,74.0,0.0,70.0,0.0,73.35000000000001,,,67.0,69.0,85.0,55.0,47.0,0.0
3333,2025-03-04 03:15:00,63.57,0.0,0.0,16.833333333333332,112.15333333333332,63.57,0.0,73.99,95.27,74.0,0.0,70.0,0.0,73.37333333333333,,,67.0,69.0,85.0,55.0,48.98,0.0
3334,2025-03-04 03:30:00,63.57,2.119999999999997,0.0,16.333333333333332,112.28333333333336,63.57,0.0,73.99,97.47666666666667,74.0,0.0,70.0,0.0,73.48666666666666,,,67.0,69.0,85.0,55.0,48.99,0.0
3335,2025-03-04 03:45:00,64.98333333333333,2.119999999999997,0.0,17.333333333333332,112.51333333333334,63.57,0.0,73.99,99.71,74.0,0.0,70.0,0.0,73.51,,,67.0,69.0,85.0,55.0,49.06,0.0
3336,2025-03-04 04:00:00,64.98333333333333,2.119999999999997,0.0,17.5,112.54333333333334,63.57,0.0,73.99,100.0,74.0,0.0,70.0,0.0,73.53666666666668,,,67.0,69.0,85.0,55.0,48.84,0.0
3337,2025-03-04 04:15:00,65.69,2.119999999999997,0.0,17.666666666666668,112.78333333333336,63.57,0.0,73.99,100.0,74.0,0.0,70.0,0.0,73.57666666666667,,,67.0,69.0,85.0,55.0,49.150000000000006,0.0
3338,2025-03-04 04:30:00,65.68666666666667,4.229999999999997,0.0,17.833333333333332,112.88333333333333,63.57,0.0,73.99,100.0,74.0,0.0,70.0,0.0,73.60333333333334,,,67.0,69.0,85.0,55.0,48.81,0.0
3339,2025-03-04 04:45:00,64.98333333333333,2.119999999999997,0.0,18.166666666666668,113.10333333333334,63.57,0.0,73.99,100.0,74.0,0.0,70.0,0.0,73.57,,,67.0,69.0,85.0,55.0,48.95,0.0
3340,2025-03-04 05:00:00,66.39,0.0,0.0,18.33333333333333,113.22333333333334,63.57,0.0,73.99,100.0,74.0,0.0,70.0,0.0,73.63666666666667,,,67.0,69.0,85.0,55.0,49.59,0.0
3341,2025-03-04 05:15:00,65.69,2.119999999999997,0.0,17.833333333333332,113.33666666666666,63.57,0.0,73.99,100.0,74.0,0.0,70.0,0.0,73.66333333333334,,,67.0,69.0,85.0,55.0,49.330000000000005,0.0
3342,2025-03-04 05:30:00,63.57,2.119999999999997,0.0,18.33333333333333,113.40666666666668,63.57,0.0,73.99,100.0,74.0,0.0,70.0,0.0,73.67666666666666,,,67.0,69.0,85.0,55.0,50.16,0.0
3343,2025-03-04 05:45:00,63.57,0.0,0.0,18.5,113.36,63.57,0.0,73.99,100.0,74.0,0.0,70.0,0.0,73.67,,,67.0,69.0,85.0,55.0,50.21,0.0
3344,2025-03-04 06:00:00,63.57,-2.119999999999997,0.0,17.833333333333332,113.32333333333334,63.57,0.0,73.99,100.0,74.0,0.0,70.0,0.0,73.67,,,67.0,69.0,85.0,55.0,50.080000000000005,0.0
3345,2025-03-04 06:15:00,66.39333333333333,2.119999999999997,0.0,17.666666666666668,113.31666666666666,63.57,0.0,73.99,100.0,74.0,0.0,70.0,0.0,73.65666666666668,,,67.0,69.0,85.0,55.0,50.21,0.0
3346,2025-03-04 06:30:00,64.98333333333333,0.0,0.0,17.833333333333332,113.28333333333336,63.57,0.0,73.99,100.0,74.0,0.0,70.0,0.0,73.65666666666668,,,67.0,69.0,85.0,55.0,50.1,0.0
3347,2025-03-04 06:45:00,65.68666666666667,0.0,0.0,17.666666666666668,113.16,63.57,0.0,73.99,100.0,74.0,0.0,70.0,0.0,73.67,,,67.0,69.0,85.0,55.0,50.11,0.0
3348,2025-03-04 07:00:00,64.98333333333333,0.0,0.0,17.666666666666668,113.44333333333331,63.57,0.0,73.99,100.0,74.0,0.0,70.0,0.0,73.67666666666666,,,67.0,69.0,85.0,55.0,50.11,0.0
3349,2025-03-04 07:15:00,63.57,0.0,0.0,18.666666666666668,113.61333333333334,63.57,0.0,73.99,100.0,74.0,0.0,70.0,0.0,73.68333333333334,,,67.0,69.0,85.0,55.0,50.6,0.0
3350,2025-03-04 07:30:00,65.69,2.119999999999997,0.0,18.5,113.52,63.57,0.0,73.99,100.0,74.0,0.0,70.0,0.0,73.74333333333334,,,67.0,69.0,85.0,55.0,50.35,0.0
3351,2025-03-04 07:45:00,64.27666666666666,0.0,0.0,17.833333333333332,113.89333333333332,63.57,0.0,73.99,100.0,74.0,0.0,70.0,0.0,73.80333333333333,,,67.0,69.0,85.0,55.0,50.19,0.0
3352,2025-03-04 08:00:00,62.156666666666666,0.0,0.0,17.666666666666668,114.35333333333334,63.57,0.0,73.99,100.0,74.0,0.0,70.0,0.0,73.82333333333334,,,67.0,69.0,85.0,55.0,50.31,0.0
3353,2025-03-04 08:15:00,64.27666666666666,0.0,0.0,19.0,114.51,63.57,0.0,73.99,100.0,74.0,0.0,70.0,0.0,73.91,,,67.0,69.0,85.0,55.0,50.55,0.0
3354,2025-03-04 08:30:00,64.27666666666666,0.0,0.0,19.166666666666668,113.84,63.57,0.0,73.99,100.0,74.0,0.0,70.0,0.0,73.95333333333333,,,67.0,69.0,85.0,55.0,50.48,0.0
3355,2025-03-04 08:45:00,67.10000000000001,2.119999999999997,0.0,17.833333333333332,113.72666666666667,63.57,0.0,73.99,100.0,74.0,0.0,70.0,0.0,73.97333333333334,,,67.0,69.0,85.0,55.0,49.99,0.0
3356,2025-03-04 09:00:00,66.39333333333333,2.119999999999997,0.0,17.666666666666668,113.86333333333334,63.57,0.0,73.99,99.81,74.0,0.0,70.0,0.0,73.99666666666667,,,67.0,69.0,85.0,55.0,50.33,0.0
3357,2025-03-04 09:15:00,63.57,0.0,0.0,18.0,113.68333333333334,63.57,0.0,73.99,97.87666666666668,74.0,0.0,70.0,0.0,74.07666666666667,,,67.0,69.0,85.0,55.0,49.24000000000001,0.0
3358,2025-03-04 09:30:00,62.86333333333334,-2.119999999999997,0.0,19.0,114.24666666666668,63.57,0.0,73.99,96.96666666666664,74.0,0.0,70.0,0.0,74.08666666666666,,,67.0,69.0,85.0,55.0,50.09,0.0
3359,2025-03-04 09:45:00,64.98,4.229999999999997,0.0,17.833333333333332,114.23333333333332,63.57,0.0,73.99,96.02333333333333,74.0,0.0,70.0,0.0,74.08666666666666,,,67.0,69.0,85.0,55.0,49.67,0.0
3360,2025-03-04 10:00:00,63.57,0.0,0.0,18.166666666666668,114.74,63.57,0.0,73.99,94.90666666666668,74.0,0.0,70.0,0.0,74.11333333333333,,,67.0,69.0,85.0,55.0,49.58999999999999,0.0
3361,2025-03-04 10:15:00,64.27666666666666,-2.119999999999997,0.0,18.83333333333333,114.71,63.57,0.0,73.99,93.34666666666668,74.0,0.0,70.0,0.0,74.14333333333333,,,67.0,69.0,85.0,55.0,49.93000000000001,0.0
3362,2025-03-04 10:30:00,64.98333333333333,2.119999999999997,0.0,17.666666666666668,113.57666666666668,63.57,0.0,73.99,89.83333333333333,74.0,0.0,70.0,0.0,74.24666666666667,,,67.0,69.0,85.0,55.0,48.10000000000001,0.0
3363,2025-03-04 10:45:00,64.27666666666666,0.0,0.0,17.333333333333332,112.49,63.57,0.0,73.99,87.43333333333334,74.0,0.0,70.0,0.0,74.26,,,67.0,69.0,85.0,55.0,47.13,0.0
3364,2025-03-04 11:00:00,64.98,0.0,0.0,16.833333333333332,111.26,63.57,0.0,73.99,85.22666666666667,74.0,0.0,70.0,0.0,74.26666666666667,,,67.0,69.0,85.0,55.0,45.38,0.0
3365,2025-03-04 11:15:00,63.57,0.0,0.0,17.166666666666668,105.61333333333334,63.57,0.0,73.99,84.26,74.0,0.0,70.0,0.0,74.21333333333334,,,67.0,69.0,85.0,55.0,43.58,0.0
3366,2025-03-04 11:30:00,64.27666666666666,0.0,0.0,18.166666666666668,109.95666666666666,63.57,0.0,73.99,88.16333333333334,74.0,0.0,70.0,0.0,73.99666666666667,,,67.0,69.0,85.0,55.0,42.98,0.0
3367,2025-03-04 11:45:00,64.98333333333333,2.119999999999997,0.0,17.333333333333332,107.09,63.57,0.0,73.99,87.12,74.0,0.0,70.0,0.0,74.02333333333333,,,67.0,69.0,85.0,55.0,45.77,0.0
3368,2025-03-04 12:00:00,64.27666666666666,0.0,0.0,18.0,111.79333333333334,63.57,0.0,73.99,90.75666666666666,74.0,0.0,70.0,0.0,73.86,,,67.0,69.0,85.0,55.0,46.27,0.0
3369,2025-03-04 12:15:00,61.45000000000001,-2.119999999999997,0.0,18.33333333333333,108.75,63.57,0.0,73.99,90.96,74.0,0.0,70.0,0.0,73.88,,,67.0,69.0,85.0,55.0,49.55,0.0
3370,2025-03-04 12:30:00,65.68666666666667,2.119999999999997,0.0,17.333333333333332,113.15333333333332,63.57,0.0,73.99,91.42333333333332,74.0,0.0,70.0,0.0,73.91333333333334,,,67.0,69.0,85.0,55.0,47.540000000000006,0.0
3371,2025-03-04 12:45:00,67.8,4.229999999999997,0.0,17.0,112.24,63.57,0.0,73.99,90.42,74.0,0.0,70.0,0.0,73.98,,,67.0,69.0,85.0,55.0,47.35,0.0
3372,2025-03-04 13:00:00,67.09666666666666,4.229999999999997,0.0,17.5,112.75666666666666,63.57,0.0,73.99,93.2,74.0,0.0,70.0,0.0,73.88333333333334,,,67.0,69.0,85.0,55.0,47.35,0.0
3373,2025-03-04 13:15:00,63.56999999999999,0.0,0.0,15.0,109.49666666666668,63.57,0.0,73.99,99.0,74.0,0.0,70.0,0.0,73.71333333333332,,,67.0,69.0,85.0,55.0,47.52000000000001,0.0
3374,2025-03-04 13:30:00,64.27333333333333,-2.119999999999997,0.0,16.166666666666668,110.31333333333332,63.57,0.0,73.99,100.0,74.0,0.0,70.0,0.0,73.52666666666666,,,67.0,69.0,85.0,55.0,48.190000000000005,0.0
3375,2025-03-04 13:45:00,63.57,0.0,0.0,15.833333333333334,106.85666666666668,63.57,0.0,73.99,100.0,74.0,0.0,70.0,0.0,73.42666666666666,,,67.0,69.0,85.0,55.0,49.25000000000001,0.0
3376,2025-03-04 14:00:00,65.68666666666667,0.0,0.0,15.666666666666666,110.22,63.57,0.0,73.99,97.28,74.0,0.0,70.0,0.0,73.95666666666666,,,67.0,69.0,85.0,55.0,45.11,0.0
3377,2025-03-04 14:15:00,64.27666666666666,0.0,0.0,15.833333333333334,106.08,63.57,0.0,73.99,94.92,74.0,0.0,70.0,0.0,74.15333333333334,,,67.0,69.0,85.0,55.0,48.24,0.0
3378,2025-03-04 14:30:00,65.69,2.119999999999997,0.0,16.5,106.01333333333332,63.57,0.0,73.99,100.0,74.0,0.0,70.0,0.0,73.72333333333334,,,67.0,69.0,85.0,55.0,47.98,0.0
3379,2025-03-04 14:45:00,63.57,2.119999999999997,0.0,16.5,106.11,63.57,0.0,73.99,100.0,74.0,0.0,70.0,0.0,73.86333333333333,,,67.0,69.0,85.0,55.0,47.37,0.0
3380,2025-03-04 15:00:00,63.57,0.0,0.0,16.166666666666668,106.74333333333334,63.57,0.0,73.99,100.0,74.0,0.0,70.0,0.0,73.79333333333334,,,67.0,69.0,85.0,55.0,47.31000000000001,0.0
3381,2025-03-04 15:15:00,64.98333333333333,2.119999999999997,0.0,17.0,107.47666666666667,63.57,0.0,73.99,100.0,74.0,0.0,70.0,0.0,73.51666666666667,,,67.0,69.0,85.0,55.0,48.18,0.0
3382,2025-03-04 15:30:00,65.69,2.119999999999997,0.0,16.166666666666668,107.71333333333332,63.57,0.0,73.99,100.0,74.0,0.0,70.0,0.0,73.21666666666665,,,67.0,69.0,85.0,55.0,48.1,0.0
3383,2025-03-04 15:45:00,64.98333333333333,0.0,0.0,15.666666666666666,107.78333333333336,63.57,0.0,73.99,100.0,74.0,0.0,70.0,0.0,73.03,,,67.0,69.0,85.0,55.0,48.11,0.0
3384,2025-03-04 16:00:00,62.86333333333334,-2.119999999999997,0.0,15.666666666666666,108.01333333333332,63.57,0.0,73.99,100.0,74.0,0.0,70.0,0.0,72.99666666666667,,,67.0,69.0,85.0,55.0,48.28,0.0
3385,2025-03-04 16:15:00,66.39,4.229999999999997,0.0,15.166666666666666,107.54666666666668,63.57,0.0,73.99,100.0,74.0,0.0,70.0,0.0,73.07666666666667,,,67.0,69.0,85.0,55.0,47.56,0.0
3386,2025-03-04 16:30:00,64.27666666666666,2.119999999999997,0.0,15.166666666666666,107.86333333333334,63.57,0.0,73.99,100.0,74.0,0.0,70.0,0.0,72.98,,,67.0,69.0,85.0,55.0,47.52,0.0
3387,2025-03-04 16:45:00,66.39333333333333,2.119999999999997,0.0,15.5,107.94666666666669,63.57,0.0,73.99,100.0,74.0,0.0,70.0,0.0,72.91333333333334,,,67.0,69.0,85.0,55.0,47.69,0.0
3388,2025-03-04 17:00:00,66.39333333333333,4.229999999999997,0.0,15.0,107.67333333333332,63.57,0.0,73.99,100.0,74.0,0.0,70.0,0.0,72.83666666666666,,,67.0,69.0,85.0,55.0,46.85,0.0
3389,2025-03-04 17:15:00,64.98,0.0,0.0,14.5,108.05,63.57,0.0,73.99,100.0,74.0,0.0,70.0,0.0,72.86666666666667,,,67.0,69.0,85.0,55.0,46.9,0.0
3390,2025-03-04 17:30:00,64.98333333333333,2.119999999999997,0.0,14.5,107.45666666666666,63.57,0.0,73.99,100.0,74.0,0.0,70.0,0.0,73.00333333333333,,,67.0,69.0,85.0,55.0,47.15,0.0
3391,2025-03-04 17:45:00,65.68666666666667,0.0,0.0,15.0,107.68333333333334,63.57,0.0,73.99,100.0,74.0,0.0,70.0,0.0,73.41,,,67.0,69.0,85.0,55.0,47.09,0.0
3392,2025-03-04 18:00:00,63.57,2.119999999999997,0.0,14.166666666666666,107.67666666666666,63.57,0.0,73.99,96.91,74.0,0.0,70.0,0.0,74.03,,,67.0,69.0,85.0,55.0,46.55,0.0
3393,2025-03-04 18:15:00,65.69,2.119999999999997,0.0,14.0,103.17666666666668,63.57,0.0,73.99,80.90666666666667,74.0,0.0,70.0,0.0,74.76666666666667,,,67.0,69.0,85.0,55.0,45.28,0.0
3394,2025-03-04 18:30:00,64.98333333333333,0.0,0.0,13.833333333333334,103.01333333333334,63.57,0.0,73.99,84.62333333333333,74.0,0.0,70.0,0.0,74.34666666666668,,,67.0,69.0,85.0,55.0,40.57,0.0
3395,2025-03-04 18:45:00,62.86333333333334,0.0,0.0,13.833333333333334,107.44333333333331,63.57,0.0,73.99,95.16333333333334,74.0,0.0,70.0,0.0,73.78333333333333,,,67.0,69.0,85.0,55.0,45.47,0.0
3396,2025-03-04 19:00:00,64.27666666666666,0.0,0.0,14.0,107.81666666666666,63.57,0.0,73.99,99.96666666666664,74.0,0.0,70.0,0.0,73.65666666666667,,,67.0,69.0,85.0,55.0,46.77,0.0
3397,2025-03-04 19:15:00,64.27666666666666,2.119999999999997,0.0,14.0,107.39666666666666,63.57,0.0,73.99,100.0,74.0,0.0,70.0,0.0,73.51666666666667,,,67.0,69.0,85.0,55.0,46.66,0.0
3398,2025-03-04 19:30:00,64.98333333333333,0.0,0.0,13.833333333333334,106.95666666666666,63.57,0.0,73.99,100.0,74.0,0.0,70.0,0.0,73.25333333333333,,,67.0,69.0,85.0,55.0,46.45,0.0
3399,2025-03-04 19:45:00,63.57,0.0,0.0,13.5,107.13333333333333,63.57,0.0,73.99,100.0,74.0,0.0,70.0,0.0,73.05666666666667,,,67.0,69.0,85.0,55.0,46.41,0.0
3400,2025-03-04 20:00:00,64.98333333333333,2.119999999999997,0.0,14.0,107.14333333333332,63.57,0.0,73.99,100.0,74.0,0.0,70.0,0.0,73.08,,,67.0,69.0,85.0,55.0,46.650000000000006,0.0
3401,2025-03-04 20:15:00,63.57,2.119999999999997,0.0,14.166666666666666,107.41,63.57,0.0,73.99,100.0,74.0,0.0,70.0,0.0,73.19333333333334,,,67.0,69.0,85.0,55.0,46.790000000000006,0.0
3402,2025-03-04 20:30:00,64.27666666666666,0.0,0.0,14.5,107.27666666666666,63.57,0.0,73.99,100.0,74.0,0.0,70.0,0.0,73.13,,,67.0,69.0,85.0,55.0,46.67999999999999,0.0
3403,2025-03-04 20:45:00,63.57,0.0,0.0,14.5,107.49666666666668,63.57,0.0,73.99,100.0,74.0,0.0,70.0,0.0,73.05333333333333,,,67.0,69.0,85.0,55.0,46.67,0.0
3404,2025-03-04 21:00:00,64.27666666666666,0.0,0.0,14.5,107.23,63.57,0.0,73.99,100.0,74.0,0.0,70.0,0.0,72.93666666666667,,,67.0,69.0,85.0,55.0,46.63,0.0
3405,2025-03-04 21:15:00,63.57,0.0,0.0,14.5,107.31666666666666,63.57,0.0,73.99,100.0,74.0,0.0,70.0,0.0,72.91666666666667,,,67.0,69.0,85.0,55.0,46.77,0.0
3406,2025-03-04 21:30:00,65.69,2.119999999999997,0.0,14.5,107.23666666666668,63.57,0.0,73.99,100.0,74.0,0.0,70.0,0.0,72.87666666666667,,,67.0,69.0,85.0,55.0,46.35000000000001,0.0
3407,2025-03-04 21:45:00,64.27666666666666,0.0,0.0,14.333333333333334,107.49333333333334,63.57,0.0,73.99,100.0,74.0,0.0,70.0,0.0,72.80333333333334,,,67.0,69.0,85.0,55.0,46.77,0.0
3408,2025-03-04 22:00:00,65.69,2.119999999999997,0.0,14.0,107.15,63.57,0.0,73.99,100.0,74.0,0.0,70.0,0.0,72.76333333333334,,,67.0,69.0,85.0,55.0,46.67,0.0
3409,2025-03-04 22:15:00,65.68666666666667,4.229999999999997,0.0,13.666666666666666,106.93333333333334,63.57,0.0,73.99,100.0,74.0,0.0,70.0,0.0,72.65666666666667,,,67.0,69.0,85.0,55.0,46.3,0.0
3410,2025-03-04 22:30:00,63.57,0.0,0.0,13.833333333333334,107.25666666666666,63.57,0.0,73.99,100.0,74.0,0.0,70.0,0.0,72.64,,,67.0,69.0,85.0,55.0,46.77,0.0
3411,2025-03-04 22:45:00,64.27666666666666,0.0,0.0,15.0,107.03000000000002,63.57,0.0,73.99,100.0,74.0,0.0,70.0,0.0,72.63,,,67.0,69.0,85.0,55.0,46.87,0.0
3412,2025-03-04 23:00:00,64.98333333333333,2.119999999999997,0.0,15.0,107.0,63.57,0.0,73.99,100.0,74.0,0.0,70.0,0.0,72.55,,,67.0,69.0,85.0,55.0,46.74,0.0
3413,2025-03-04 23:15:00,63.56999999999999,0.0,0.0,14.666666666666666,107.28,63.57,0.0,73.99,100.0,74.0,0.0,70.0,0.0,72.63666666666667,,,67.0,69.0,85.0,55.0,46.64999999999999,0.0
3414,2025-03-04 23:30:00,64.27666666666666,0.0,0.0,15.166666666666666,107.51,63.57,0.0,73.99,100.0,74.0,0.0,70.0,0.0,72.70333333333333,,,67.0,69.0,85.0,55.0,47.32,0.0
3415,2025-03-04 23:45:00,64.27666666666666,2.119999999999997,0.0,15.5,107.55333333333331,63.57,0.0,73.99,100.0,74.0,0.0,70.0,0.0,72.77666666666666,,,67.0,69.0,85.0,55.0,47.46999999999999,0.0
3416,2025-03-05 00:00:00,65.69,2.119999999999997,0.0,15.5,107.47666666666667,63.57,0.0,73.99,100.0,74.0,0.0,70.0,0.0,72.79,,,67.0,69.0,85.0,55.0,47.00000000000001,0.0
3417,2025-03-05 00:15:00,64.98333333333333,0.0,0.0,15.5,107.48666666666666,63.57,0.0,73.99,100.0,74.0,0.0,70.0,0.0,72.94666666666667,,,67.0,69.0,85.0,55.0,47.23,0.0
3418,2025-03-05 00:30:00,64.98333333333333,2.119999999999997,0.0,15.5,107.27333333333333,63.57,0.0,73.99,100.0,74.0,0.0,70.0,0.0,72.97333333333334,,,67.0,69.0,85.0,55.0,47.82,0.0
3419,2025-03-05 00:45:00,64.98,0.0,0.0,15.5,106.91,63.57,0.0,73.99,100.0,74.0,0.0,70.0,0.0,72.91666666666667,,,67.0,69.0,85.0,55.0,47.98,0.0
3420,2025-03-05 01:00:00,64.27666666666666,2.119999999999997,0.0,15.833333333333334,107.11,63.57,0.0,73.99,100.0,74.0,0.0,70.0,0.0,72.86,,,67.0,69.0,85.0,55.0,48.29,0.0
3421,2025-03-05 01:15:00,64.98333333333333,2.119999999999997,0.0,16.0,107.12,63.57,0.0,73.99,100.0,74.0,0.0,70.0,0.0,72.81,,,67.0,69.0,85.0,55.0,48.34,0.0
3422,2025-03-05 01:30:00,64.27666666666666,0.0,0.0,15.333333333333334,107.39,63.57,0.0,73.99,100.0,74.0,0.0,70.0,0.0,72.79666666666667,,,67.0,69.0,85.0,55.0,49.27,0.0
3423,2025-03-05 01:45:00,62.86333333333334,0.0,0.0,15.0,107.83333333333331,63.57,0.0,73.99,100.0,74.0,0.0,70.0,0.0,72.78333333333335,,,67.0,69.0,85.0,55.0,49.64,0.0
3424,2025-03-05 02:00:00,64.27666666666666,2.119999999999997,0.0,15.166666666666666,108.12,63.57,0.0,73.99,100.0,74.0,0.0,70.0,0.0,72.76333333333334,,,67.0,69.0,85.0,55.0,49.43,0.0
3425,2025-03-05 02:15:00,64.98,4.229999999999997,0.0,15.5,108.29,63.57,0.0,73.99,100.0,74.0,0.0,70.0,0.0,72.74333333333334,,,67.0,69.0,85.0,55.0,49.35,0.0
3426,2025-03-05 02:30:00,64.27666666666666,0.0,0.0,15.833333333333334,108.83666666666666,63.57,0.0,73.99,100.0,74.0,0.0,70.0,0.0,72.74,,,67.0,69.0,85.0,55.0,49.77,0.0
3427,2025-03-05 02:45:00,64.27666666666666,0.0,0.0,16.0,108.85333333333334,63.57,0.0,73.99,100.0,74.0,0.0,70.0,0.0,72.75,,,67.0,69.0,85.0,55.0,49.66,0.0
3428,2025-03-05 03:00:00,63.57,0.0,0.0,16.0,108.87,63.57,0.0,73.99,100.0,74.0,0.0,70.0,0.0,72.78333333333335,,,67.0,69.0,85.0,55.0,49.870000000000005,0.0
3429,2025-03-05 03:15:00,64.27666666666666,2.119999999999997,0.0,16.166666666666668,108.53666666666668,63.57,0.0,73.99,100.0,74.0,0.0,70.0,0.0,72.79,,,67.0,69.0,85.0,55.0,50.190000000000005,0.0
3430,2025-03-05 03:30:00,65.69,2.119999999999997,0.0,16.0,108.4,63.57,0.0,73.99,100.0,74.0,0.0,70.0,0.0,72.80333333333334,,,67.0,69.0,85.0,55.0,50.33,0.0
3431,2025-03-05 03:45:00,65.69,2.119999999999997,0.0,15.333333333333334,108.46333333333332,63.57,0.0,73.99,100.0,74.0,0.0,70.0,0.0,72.79666666666667,,,67.0,69.0,85.0,55.0,50.07,0.0
3432,2025-03-05 04:00:00,63.57,-2.119999999999997,0.0,15.5,109.10666666666668,63.57,0.0,73.99,100.0,74.0,0.0,70.0,0.0,72.77666666666666,,,67.0,69.0,85.0,55.0,50.28,0.0
3433,2025-03-05 04:15:00,64.98333333333333,2.119999999999997,0.0,16.0,108.84333333333336,63.57,0.0,73.99,100.0,74.0,0.0,70.0,0.0,72.77,,,67.0,69.0,85.0,55.0,50.760000000000005,0.0
3434,2025-03-05 04:30:00,63.57,2.119999999999997,0.0,15.166666666666666,108.72666666666667,63.57,0.0,73.99,100.0,74.0,0.0,70.0,0.0,72.79,,,67.0,69.0,85.0,55.0,50.36999999999999,0.0
3435,2025-03-05 04:45:00,63.57,0.0,0.0,15.166666666666666,109.02666666666666,63.57,0.0,73.99,100.0,74.0,0.0,70.0,0.0,72.81,,,67.0,69.0,85.0,55.0,50.440000000000005,0.0
3436,2025-03-05 05:00:00,63.57,0.0,0.0,16.0,108.91333333333334,63.57,0.0,73.99,100.0,74.0,0.0,70.0,0.0,72.80333333333334,,,67.0,69.0,85.0,55.0,50.77,0.0
3437,2025-03-05 05:15:00,66.39333333333333,2.119999999999997,0.0,16.5,108.62666666666668,63.57,0.0,73.99,100.0,74.0,0.0,70.0,0.0,72.80333333333334,,,67.0,69.0,85.0,55.0,50.81000000000001,0.0
3438,2025-03-05 05:30:00,64.98333333333333,2.119999999999997,0.0,16.333333333333332,108.78000000000002,63.57,0.0,73.99,100.0,74.0,0.0,70.0,0.0,72.79666666666667,,,67.0,69.0,85.0,55.0,50.55,0.0
3439,2025-03-05 05:45:00,64.98333333333333,0.0,0.0,16.5,108.73666666666666,63.57,0.0,73.99,100.0,74.0,0.0,70.0,0.0,72.79666666666667,,,67.0,69.0,85.0,55.0,50.8,0.0
3440,2025-03-05 06:00:00,66.39,0.0,0.0,16.0,115.02333333333333,63.57,0.0,73.99,100.0,74.0,0.0,70.0,0.0,72.83666666666666,,,67.0,69.0,85.0,55.0,48.72,0.0
3441,2025-03-05 06:15:00,65.68666666666667,4.229999999999997,0.0,15.333333333333334,110.32,63.57,0.0,73.99,100.0,74.0,0.0,70.0,0.0,72.95,,,67.0,69.0,85.0,55.0,52.47,0.0
3442,2025-03-05 06:30:00,64.98333333333333,0.0,0.0,16.833333333333332,109.09333333333332,63.57,0.0,73.99,100.0,74.0,0.0,70.0,0.0,72.94333333333334,,,67.0,69.0,85.0,55.0,51.080000000000005,0.0
3443,2025-03-05 06:45:00,64.98333333333333,2.119999999999997,0.0,16.5,109.22333333333334,63.57,0.0,73.99,100.0,74.0,0.0,70.0,0.0,72.93666666666667,,,67.0,69.0,85.0,55.0,50.73,0.0
3444,2025-03-05 07:00:00,64.27666666666666,0.0,0.0,16.333333333333332,109.65,63.57,0.0,73.99,100.0,74.0,0.0,70.0,0.0,72.84333333333333,,,67.0,69.0,85.0,55.0,50.93,0.0
3445,2025-03-05 07:15:00,64.98333333333333,2.119999999999997,0.0,15.5,109.62666666666668,63.57,0.0,73.99,100.0,74.0,0.0,70.0,0.0,72.81,,,67.0,69.0,85.0,55.0,50.8,0.0
3446,2025-03-05 07:30:00,65.69,2.119999999999997,0.0,15.5,109.54,63.57,0.0,73.99,100.0,74.0,0.0,70.0,0.0,72.81,,,67.0,69.0,85.0,55.0,51.08,0.0
3447,2025-03-05 07:45:00,65.69,2.119999999999997,0.0,15.833333333333334,109.36333333333334,63.57,0.0,73.99,100.0,74.0,0.0,70.0,0.0,72.79666666666667,,,67.0,69.0,85.0,55.0,50.99,0.0
3448,2025-03-05 08:00:00,65.68666666666667,2.119999999999997,0.0,16.0,109.07,63.57,0.0,73.99,100.0,74.0,0.0,70.0,0.0,72.78333333333335,,,67.0,69.0,85.0,55.0,50.78999999999999,0.0
3449,2025-03-05 08:15:00,64.98333333333333,2.119999999999997,0.0,15.666666666666666,109.36,63.57,0.0,73.99,100.0,74.0,0.0,70.0,0.0,72.78333333333335,,,67.0,69.0,85.0,55.0,50.96,0.0
3450,2025-03-05 08:30:00,64.27666666666666,0.0,0.0,15.166666666666666,109.03666666666668,63.57,0.0,73.99,100.0,74.0,0.0,70.0,0.0,72.77666666666666,,,67.0,69.0,85.0,55.0,50.88,0.0
3451,2025-03-05 08:45:00,65.68666666666667,0.0,0.0,15.166666666666666,114.80333333333331,63.57,0.0,73.99,100.0,74.0,0.0,70.0,0.0,72.83333333333333,,,67.0,69.0,85.0,55.0,50.79,0.0
3452,2025-03-05 09:00:00,65.68666666666667,4.229999999999997,0.0,15.166666666666666,111.01,63.57,0.0,73.99,100.0,74.0,0.0,70.0,0.0,72.93,,,67.0,69.0,85.0,55.0,52.74,0.0
3453,2025-03-05 09:15:00,66.39,0.0,0.0,16.166666666666668,114.06,63.57,0.0,73.99,100.0,74.0,0.0,70.0,0.0,72.90666666666667,,,67.0,69.0,85.0,55.0,50.52,0.0
3454,2025-03-05 09:30:00,62.156666666666666,0.0,0.0,15.666666666666666,110.47333333333334,63.57,0.0,73.99,100.0,74.0,0.0,70.0,0.0,73.00666666666666,,,67.0,69.0,85.0,55.0,51.400000000000006,0.0
3455,2025-03-05 09:45:00,65.68666666666667,2.119999999999997,0.0,15.833333333333334,113.34333333333332,63.57,0.0,73.99,100.0,74.0,0.0,70.0,0.0,73.05666666666667,,,67.0,69.0,85.0,55.0,49.510000000000005,0.0
3456,2025-03-05 10:00:00,64.27666666666666,-2.119999999999997,0.0,16.0,110.94333333333331,63.57,0.0,73.99,100.0,74.0,0.0,70.0,0.0,73.09,,,67.0,69.0,85.0,55.0,51.650000000000006,0.0
3457,2025-03-05 10:15:00,66.39333333333333,4.229999999999997,0.0,15.166666666666666,113.53333333333336,63.57,0.0,73.99,100.0,74.0,0.0,70.0,0.0,73.17,,,67.0,69.0,85.0,55.0,48.86999999999999,0.0
3458,2025-03-05 10:30:00,64.98,0.0,0.0,15.333333333333334,111.8,63.57,0.0,73.99,100.0,74.0,0.0,70.0,0.0,73.22,,,67.0,69.0,85.0,55.0,51.510000000000005,0.0
3459,2025-03-05 10:45:00,64.27666666666666,0.0,0.0,15.5,110.59,63.57,0.0,73.99,100.0,74.0,0.0,70.0,0.0,73.22666666666667,,,67.0,69.0,85.0,55.0,49.24,0.0
3460,2025-03-05 11:00:00,64.98333333333333,0.0,0.0,15.5,114.19333333333331,63.57,0.0,73.99,100.0,74.0,0.0,70.0,0.0,73.17,,,67.0,69.0,85.0,55.0,48.150000000000006,0.0
3461,2025-03-05 11:15:00,65.68666666666667,4.229999999999997,0.0,15.666666666666666,110.52,63.57,0.0,73.99,100.0,74.0,0.0,70.0,0.0,73.21,,,67.0,69.0,85.0,55.0,50.71,0.0
3462,2025-03-05 11:30:00,64.98333333333333,0.0,0.0,15.5,113.94,63.57,0.0,73.99,100.0,74.0,0.0,70.0,0.0,73.17666666666666,,,67.0,69.0,85.0,55.0,48.38000000000001,0.0
3463,2025-03-05 11:45:00,64.98333333333333,2.119999999999997,0.0,16.0,110.55666666666669,63.57,0.0,73.99,100.0,74.0,0.0,70.0,0.0,73.17,,,67.0,69.0,85.0,55.0,51.32,0.0
3464,2025-03-05 12:00:00,64.27666666666666,2.119999999999997,0.0,14.833333333333334,114.84,63.57,0.0,73.99,100.0,74.0,0.0,70.0,0.0,73.17666666666666,,,67.0,69.0,85.0,55.0,48.620000000000005,0.0
3465,2025-03-05 12:15:00,64.27666666666666,2.119999999999997,0.0,14.5,115.33666666666666,63.57,0.0,73.99,100.0,74.0,0.0,70.0,0.0,73.29333333333334,,,67.0,69.0,85.0,55.0,49.35,0.0
3466,2025-03-05 12:30:00,63.57,2.119999999999997,0.0,14.666666666666666,113.45,63.57,0.0,73.99,100.0,74.0,0.0,70.0,0.0,73.37333333333333,,,67.0,69.0,85.0,55.0,49.42999999999999,0.0
3467,2025-03-05 12:45:00,64.98,0.0,0.0,16.0,111.43,63.57,0.0,73.99,100.0,74.0,0.0,70.0,0.0,73.12666666666667,,,67.0,69.0,85.0,55.0,51.47,0.0
3468,2025-03-05 13:00:00,65.68666666666667,4.229999999999997,0.0,14.666666666666666,115.01666666666668,63.57,0.0,73.99,100.0,74.0,0.0,70.0,0.0,73.04333333333334,,,67.0,69.0,85.0,55.0,48.81999999999999,0.0
3469,2025-03-05 13:15:00,64.27666666666666,2.119999999999997,0.0,15.166666666666666,111.03000000000002,63.57,0.0,73.99,100.0,74.0,0.0,70.0,0.0,73.02333333333333,,,67.0,69.0,85.0,55.0,49.14,0.0
3470,2025-03-05 13:30:00,67.10000000000001,2.119999999999997,0.0,15.833333333333334,113.59333333333332,63.57,0.0,73.99,100.0,74.0,0.0,70.0,0.0,72.80333333333334,,,67.0,69.0,85.0,55.0,48.08,0.0
3471,2025-03-05 13:45:00,64.98333333333333,2.119999999999997,0.0,15.333333333333334,110.65333333333332,63.57,0.0,73.99,100.0,74.0,0.0,70.0,0.0,72.89999999999999,,,67.0,69.0,85.0,55.0,48.31999999999999,0.0
3472,2025-03-05 14:00:00,63.57,-2.119999999999997,0.0,16.166666666666668,112.89666666666666,63.57,0.0,73.99,100.0,74.0,0.0,70.0,0.0,72.83,,,67.0,69.0,85.0,55.0,48.45,0.0
3473,2025-03-05 14:15:00,64.27666666666666,2.119999999999997,0.0,15.5,110.05666666666669,63.57,0.0,73.99,100.0,74.0,0.0,70.0,0.0,72.88000000000001,,,67.0,69.0,85.0,55.0,51.25,0.0
3474,2025-03-05 14:30:00,64.98333333333333,,0.0,15.666666666666666,113.35,63.57,0.0,73.99,100.0,74.0,0.0,70.0,0.0,73.15333333333334,,,67.0,69.0,85.0,55.0,,
3475,2025-03-05 14:45:00,63.57,2.119999999999997,0.0,16.0,109.59,63.57,0.0,73.99,94.28666666666668,74.0,0.0,70.0,0.0,74.23333333333333,,,67.0,69.0,85.0,55.0,51.190000000000005,0.0
3476,2025-03-05 15:00:00,64.98333333333333,2.119999999999997,0.0,15.5,112.14333333333332,63.57,0.0,73.99,96.89,74.0,0.0,70.0,0.0,74.00333333333333,,,67.0,69.0,85.0,55.0,46.900000000000006,0.0
3477,2025-03-05 15:15:00,64.27666666666666,0.0,0.0,16.0,110.2,63.57,0.0,73.99,91.08333333333331,74.0,0.0,70.0,0.0,74.27,,,67.0,69.0,85.0,55.0,50.57,0.0
3478,2025-03-05 15:30:00,64.27666666666666,0.0,0.0,15.333333333333334,109.10333333333334,63.57,0.0,73.99,80.48,74.0,0.0,70.0,0.0,74.60000000000001,,,67.0,69.0,85.0,55.0,44.18000000000001,0.0
3479,2025-03-05 15:45:00,64.27666666666666,0.0,0.0,15.333333333333334,112.61666666666667,63.57,0.0,73.99,90.44,74.0,0.0,70.0,0.0,74.0,,,67.0,69.0,85.0,55.0,46.02000000000001,0.0
3480,2025-03-05 16:00:00,63.56999999999999,0.0,0.0,15.833333333333334,114.00333333333332,63.57,0.0,73.99,94.26666666666668,74.0,0.0,70.0,0.0,73.86333333333333,,,67.0,69.0,85.0,55.0,49.81999999999999,0.0
3481,2025-03-05 16:15:00,64.27666666666666,2.119999999999997,0.0,16.666666666666668,108.18,63.57,0.0,73.99,78.08999999999999,74.0,0.0,70.0,0.0,74.59333333333333,,,67.0,69.0,85.0,55.0,47.88999999999999,0.0
3482,2025-03-05 16:30:00,63.57,0.0,0.0,16.666666666666668,108.14,63.57,0.0,73.99,82.39,74.0,0.0,70.0,0.0,74.20666666666666,,,67.0,69.0,85.0,55.0,42.28,0.0
3483,2025-03-05 16:45:00,63.57,0.0,0.0,17.0,112.23333333333332,63.57,0.0,73.99,93.04333333333334,74.0,0.0,70.0,0.0,73.66333333333334,,,67.0,69.0,85.0,55.0,47.84,0.0
3484,2025-03-05 17:00:00,65.69,2.119999999999997,0.0,17.333333333333332,112.88,63.57,0.0,73.99,99.26666666666668,74.0,0.0,70.0,0.0,73.41666666666667,,,67.0,69.0,85.0,55.0,50.09,0.0
3485,2025-03-05 17:15:00,64.98333333333333,0.0,0.0,17.166666666666668,113.33333333333331,63.57,0.0,73.99,100.0,74.0,0.0,70.0,0.0,73.25666666666666,,,67.0,69.0,85.0,55.0,50.60999999999999,0.0
3486,2025-03-05 17:30:00,62.86333333333334,0.0,0.0,16.5,112.97666666666667,63.57,0.0,73.99,100.0,74.0,0.0,70.0,0.0,73.11,,,67.0,69.0,85.0,55.0,50.42,0.0
3487,2025-03-05 17:45:00,63.57,0.0,0.0,17.333333333333332,113.13,63.57,0.0,73.99,100.0,74.0,0.0,70.0,0.0,73.06,,,67.0,69.0,85.0,55.0,50.56,0.0
3488,2025-03-05 18:00:00,65.68666666666667,4.229999999999997,0.0,18.0,113.03333333333336,63.57,0.0,73.99,100.0,74.0,0.0,70.0,0.0,73.06666666666666,,,67.0,69.0,85.0,55.0,50.13,0.0
3489,2025-03-05 18:15:00,66.39333333333333,2.119999999999997,0.0,17.833333333333332,113.08333333333331,63.57,0.0,73.99,100.0,74.0,0.0,70.0,0.0,73.16333333333334,,,67.0,69.0,85.0,55.0,50.620000000000005,0.0
3490,2025-03-05 18:30:00,64.27666666666666,0.0,0.0,17.0,113.28333333333336,63.57,0.0,73.99,100.0,74.0,0.0,70.0,0.0,73.14,,,67.0,69.0,85.0,55.0,50.12,0.0
3491,2025-03-05 18:45:00,64.27666666666666,2.119999999999997,0.0,17.333333333333332,113.44333333333334,63.57,0.0,73.99,100.0,74.0,0.0,70.0,0.0,73.41333333333334,,,67.0,69.0,85.0,55.0,50.86,0.0
3492,2025-03-05 19:00:00,64.27666666666666,0.0,0.0,17.833333333333332,111.22333333333334,63.57,0.0,73.99,89.06666666666666,74.0,0.0,70.0,0.0,74.40333333333332,,,67.0,69.0,85.0,55.0,51.05,0.0
3493,2025-03-05 19:15:00,63.57,0.0,0.0,17.166666666666668,100.01,63.57,0.0,73.99,64.35333333333334,74.0,0.0,70.0,0.0,75.36333333333333,,,67.0,69.0,85.0,55.0,43.34,0.0
3494,2025-03-05 19:30:00,65.69,2.119999999999997,0.0,17.5,101.51333333333332,63.57,0.0,73.99,71.08333333333333,74.0,0.0,70.0,0.0,74.60000000000001,,,67.0,69.0,85.0,55.0,34.64999999999999,0.0
3495,2025-03-05 19:45:00,64.27666666666666,0.0,0.0,17.666666666666668,108.13,63.57,0.0,73.99,82.37333333333333,74.0,0.0,70.0,0.0,73.96333333333332,,,67.0,69.0,85.0,55.0,44.24,0.0
3496,2025-03-05 20:00:00,63.57,0.0,0.0,18.5,104.15,63.57,0.0,73.99,70.77333333333333,74.0,0.0,70.0,0.0,74.45666666666666,,,67.0,69.0,85.0,55.0,47.620000000000005,0.0
3497,2025-03-05 20:15:00,64.98,-2.119999999999997,0.0,18.666666666666668,103.07666666666668,63.57,0.0,73.99,71.35000000000001,74.0,0.0,70.0,0.0,74.28333333333335,,,67.0,69.0,85.0,55.0,38.13,0.0
3498,2025-03-05 20:30:00,64.98333333333333,2.119999999999997,0.0,17.666666666666668,105.35666666666668,63.57,0.0,73.99,75.95666666666666,74.0,0.0,70.0,0.0,73.97000000000001,,,67.0,69.0,85.0,55.0,40.60000000000001,0.0
3499,2025-03-05 20:45:00,64.27666666666666,0.0,0.0,17.666666666666668,110.53333333333336,63.57,0.0,73.99,87.64999999999999,74.0,0.0,70.0,0.0,73.49666666666667,,,67.0,69.0,85.0,55.0,46.48,0.0
3500,2025-03-05 21:00:00,62.86333333333334,0.0,0.0,18.666666666666668,113.1,63.57,0.0,73.99,96.46666666666664,74.0,0.0,70.0,0.0,73.30666666666666,,,67.0,69.0,85.0,55.0,51.190000000000005,0.0
3501,2025-03-05 21:15:00,63.57,0.0,0.0,19.166666666666668,113.56,63.57,0.0,73.99,100.0,74.0,0.0,70.0,0.0,73.24666666666667,,,67.0,69.0,85.0,55.0,51.59,0.0
3502,2025-03-05 21:30:00,64.98333333333333,2.119999999999997,0.0,18.5,112.69333333333331,63.57,0.0,73.99,93.76666666666664,74.0,0.0,70.0,0.0,73.88666666666667,,,67.0,69.0,85.0,55.0,51.28,0.0
3503,2025-03-05 21:45:00,64.27666666666666,2.119999999999997,0.0,18.0,112.92333333333332,63.57,0.0,73.99,96.81,74.0,0.0,70.0,0.0,73.75333333333333,,,67.0,69.0,85.0,55.0,50.63999999999999,0.0
3504,2025-03-05 22:00:00,62.86333333333334,0.0,0.0,19.166666666666668,107.84,63.57,0.0,73.99,77.64999999999999,74.0,0.0,70.0,0.0,74.66333333333334,,,67.0,69.0,85.0,55.0,50.68,0.0
3505,2025-03-05 22:15:00,64.98,4.229999999999997,0.0,18.33333333333333,97.54,63.57,0.0,73.99,63.30666666666667,74.0,0.0,70.0,0.0,75.02999999999999,,,67.0,69.0,85.0,55.0,40.35,0.0
3506,2025-03-05 22:30:00,64.27666666666666,-2.119999999999997,0.0,19.0,104.18333333333334,63.57,0.0,73.99,78.2,74.0,0.0,70.0,0.0,74.08,,,67.0,69.0,85.0,55.0,39.470000000000006,0.0
3507,2025-03-05 22:45:00,66.39333333333333,2.119999999999997,0.0,19.0,108.99,63.57,0.0,73.99,87.23,74.0,0.0,70.0,0.0,73.66333333333334,,,67.0,69.0,85.0,55.0,47.61,0.0
3508,2025-03-05 23:00:00,63.57,2.119999999999997,0.0,17.666666666666668,111.75,63.57,0.0,73.99,96.14666666666666,74.0,0.0,70.0,0.0,73.36999999999999,,,67.0,69.0,85.0,55.0,50.60999999999999,0.0
3509,2025-03-05 23:15:00,64.27666666666666,0.0,0.0,18.33333333333333,112.7,63.57,0.0,73.99,100.0,74.0,0.0,70.0,0.0,73.13333333333334,,,67.0,69.0,85.0,55.0,52.470000000000006,0.0
3510,2025-03-05 23:30:00,64.27666666666666,0.0,0.0,19.166666666666668,112.56666666666666,63.57,0.0,73.99,100.0,74.0,0.0,70.0,0.0,73.15666666666668,,,67.0,69.0,85.0,55.0,52.17999999999999,0.0
3511,2025-03-05 23:45:00,65.68666666666667,0.0,0.0,19.666666666666668,113.06666666666666,63.57,0.0,73.99,100.0,74.0,0.0,70.0,0.0,73.08666666666666,,,67.0,69.0,85.0,55.0,51.83,0.0
3512,2025-03-06 00:00:00,64.27333333333333,0.0,0.0,18.5,112.74,63.57,0.0,73.99,100.0,74.0,0.0,70.0,0.0,73.07333333333334,,,67.0,69.0,85.0,55.0,52.18,0.0
3513,2025-03-06 00:15:00,63.56999999999999,0.0,0.0,18.33333333333333,113.09666666666668,63.57,0.0,73.99,100.0,74.0,0.0,70.0,0.0,73.04666666666667,,,67.0,69.0,85.0,55.0,52.53000000000001,0.0
3514,2025-03-06 00:30:00,63.56999999999999,0.0,0.0,19.166666666666668,113.34666666666668,63.57,0.0,73.99,100.0,74.0,0.0,70.0,0.0,72.93666666666667,,,67.0,69.0,85.0,55.0,53.120000000000005,0.0
3515,2025-03-06 00:45:00,62.156666666666666,-2.119999999999997,0.0,19.666666666666668,113.5,63.57,0.0,73.99,100.0,74.0,0.0,70.0,0.0,72.94333333333334,,,67.0,69.0,85.0,55.0,53.23,0.0
3516,2025-03-06 01:00:00,64.98333333333333,2.119999999999997,0.0,20.0,113.69333333333331,63.57,0.0,73.99,100.0,74.0,0.0,70.0,0.0,72.93666666666667,,,67.0,69.0,85.0,55.0,52.510000000000005,0.0
3517,2025-03-06 01:15:00,66.39,4.229999999999997,0.0,18.666666666666668,113.60666666666668,63.57,0.0,73.99,100.0,74.0,0.0,70.0,0.0,72.93666666666667,,,67.0,69.0,85.0,55.0,52.95,0.0
3518,2025-03-06 01:30:00,62.86333333333334,0.0,0.0,19.666666666666668,113.91666666666669,63.57,0.0,73.99,100.0,74.0,0.0,70.0,0.0,72.93666666666667,,,67.0,69.0,85.0,55.0,53.94,0.0
3519,2025-03-06 01:45:00,62.156666666666666,0.0,0.0,19.0,114.05,63.57,0.0,73.99,100.0,74.0,0.0,70.0,0.0,72.93,,,67.0,69.0,85.0,55.0,53.10000000000001,0.0
3520,2025-03-06 02:00:00,65.69,2.119999999999997,0.0,19.166666666666668,113.90666666666668,63.57,0.0,73.99,100.0,74.0,0.0,70.0,0.0,72.92333333333333,,,67.0,69.0,85.0,55.0,53.59,0.0
3521,2025-03-06 02:15:00,62.156666666666666,-2.119999999999997,0.0,20.166666666666668,113.74333333333334,63.57,0.0,73.99,100.0,74.0,0.0,70.0,0.0,72.82666666666667,,,67.0,69.0,85.0,55.0,53.67,0.0
3522,2025-03-06 02:30:00,65.69,2.119999999999997,0.0,20.5,114.07333333333334,63.57,0.0,73.99,100.0,74.0,0.0,70.0,0.0,72.81,,,67.0,69.0,85.0,55.0,53.94,0.0
3523,2025-03-06 02:45:00,64.27666666666666,2.119999999999997,0.0,19.5,114.07333333333334,63.57,0.0,73.99,100.0,74.0,0.0,70.0,0.0,72.80333333333334,,,67.0,69.0,85.0,55.0,54.02,0.0
3524,2025-03-06 03:00:00,63.57,0.0,0.0,19.166666666666668,113.68,63.57,0.0,73.99,100.0,74.0,0.0,70.0,0.0,72.79666666666667,,,67.0,69.0,85.0,55.0,54.37,0.0
3525,2025-03-06 03:15:00,64.27666666666666,0.0,0.0,19.0,113.25,63.57,0.0,73.99,100.0,74.0,0.0,70.0,0.0,72.83,,,67.0,69.0,85.0,55.0,53.49,0.0
3526,2025-03-06 03:30:00,64.27666666666666,2.119999999999997,0.0,18.83333333333333,113.72,63.57,0.0,73.99,100.0,74.0,0.0,70.0,0.0,72.84333333333333,,,67.0,69.0,85.0,55.0,54.26,0.0
3527,2025-03-06 03:45:00,63.57,0.0,0.0,20.0,113.84,63.57,0.0,73.99,100.0,74.0,0.0,70.0,0.0,72.83666666666666,,,67.0,69.0,85.0,55.0,54.73,0.0
3528,2025-03-06 04:00:00,66.39333333333333,2.119999999999997,0.0,19.666666666666668,113.28333333333336,63.57,0.0,73.99,100.0,74.0,0.0,70.0,0.0,72.84333333333333,,,67.0,69.0,85.0,55.0,53.82,0.0
3529,2025-03-06 04:15:00,65.69,2.119999999999997,0.0,19.166666666666668,113.6,63.57,0.0,73.99,100.0,74.0,0.0,70.0,0.0,72.80333333333334,,,67.0,69.0,85.0,55.0,54.46,0.0
3530,2025-03-06 04:30:00,64.98333333333333,2.119999999999997,0.0,19.5,113.61666666666667,63.57,0.0,73.99,100.0,74.0,0.0,70.0,0.0,72.77666666666667,,,67.0,69.0,85.0,55.0,54.8,0.0
3531,2025-03-06 04:45:00,64.98333333333333,0.0,0.0,20.33333333333333,113.40000000000002,63.57,0.0,73.99,100.0,74.0,0.0,70.0,0.0,72.7,,,67.0,69.0,85.0,55.0,54.92000000000001,0.0
3532,2025-03-06 05:00:00,64.98333333333333,0.0,0.0,19.5,113.08,63.57,0.0,73.99,100.0,74.0,0.0,70.0,0.0,72.65333333333332,,,67.0,69.0,85.0,55.0,54.7,0.0
3533,2025-03-06 05:15:00,62.86333333333334,-2.119999999999997,0.0,19.33333333333333,113.55666666666669,63.57,0.0,73.99,100.0,74.0,0.0,70.0,0.0,72.65333333333332,,,67.0,69.0,85.0,55.0,54.440000000000005,0.0
3534,2025-03-06 05:30:00,62.86333333333334,0.0,0.0,19.33333333333333,113.24,63.57,0.0,73.99,100.0,74.0,0.0,70.0,0.0,72.64666666666666,,,67.0,69.0,85.0,55.0,54.73,0.0
3535,2025-03-06 05:45:00,63.57,-2.119999999999997,0.0,19.666666666666668,112.97333333333334,63.57,0.0,73.99,100.0,74.0,0.0,70.0,0.0,72.64999999999999,,,67.0,69.0,85.0,55.0,54.82000000000001,0.0
3536,2025-03-06 06:00:00,65.68666666666667,2.119999999999997,0.0,20.166666666666668,113.17,63.57,0.0,73.99,100.0,74.0,0.0,70.0,0.0,72.65333333333332,,,67.0,69.0,85.0,55.0,54.59,0.0
3537,2025-03-06 06:15:00,65.68666666666667,0.0,0.0,19.33333333333333,112.87,63.57,0.0,73.99,100.0,74.0,0.0,70.0,0.0,72.65333333333332,,,67.0,69.0,85.0,55.0,54.54,0.0
3538,2025-03-06 06:30:00,64.98333333333333,2.119999999999997,0.0,19.5,113.48,63.57,0.0,73.99,100.0,74.0,0.0,70.0,0.0,72.65333333333332,,,67.0,69.0,85.0,55.0,54.60999999999999,0.0
3539,2025-03-06 06:45:00,65.69,2.119999999999997,0.0,20.0,113.09333333333332,63.57,0.0,73.99,100.0,74.0,0.0,70.0,0.0,72.62666666666667,,,67.0,69.0,85.0,55.0,54.4,0.0
3540,2025-03-06 07:00:00,64.98,4.229999999999997,0.0,18.83333333333333,113.01,63.57,0.0,73.99,100.0,74.0,0.0,70.0,0.0,72.65333333333332,,,67.0,69.0,85.0,55.0,54.150000000000006,0.0
3541,2025-03-06 07:15:00,63.57,0.0,0.0,19.0,113.48333333333332,63.57,0.0,73.99,100.0,74.0,0.0,70.0,0.0,72.63333333333333,,,67.0,69.0,85.0,55.0,54.74,0.0
3542,2025-03-06 07:30:00,63.57,0.0,0.0,19.83333333333333,113.42666666666666,63.57,0.0,73.99,100.0,74.0,0.0,70.0,0.0,72.55666666666666,,,67.0,69.0,85.0,55.0,54.8,0.0
3543,2025-03-06 07:45:00,63.57,0.0,0.0,19.33333333333333,113.25666666666666,63.57,0.0,73.99,100.0,74.0,0.0,70.0,0.0,72.52,,,67.0,69.0,85.0,55.0,54.28,0.0
3544,2025-03-06 08:00:00,64.27333333333333,4.229999999999997,0.0,19.0,113.17333333333332,63.57,0.0,73.99,100.0,74.0,0.0,70.0,0.0,72.52666666666666,,,67.0,69.0,85.0,55.0,54.370000000000005,0.0
3545,2025-03-06 08:15:00,63.57,0.0,0.0,19.0,113.19333333333331,63.57,0.0,73.99,100.0,74.0,0.0,70.0,0.0,72.52,,,67.0,69.0,85.0,55.0,54.75,0.0
3546,2025-03-06 08:30:00,62.86333333333334,-2.119999999999997,0.0,19.166666666666668,113.36,63.57,0.0,73.99,100.0,74.0,0.0,70.0,0.0,72.50666666666666,,,67.0,69.0,85.0,55.0,54.5,0.0
3547,2025-03-06 08:45:00,64.98333333333333,2.119999999999997,0.0,19.33333333333333,113.13333333333333,63.57,0.0,73.99,100.0,74.0,0.0,70.0,0.0,72.45,,,67.0,69.0,85.0,55.0,54.35,0.0
3548,2025-03-06 09:00:00,65.69,2.119999999999997,0.0,17.833333333333332,112.40666666666668,63.57,0.0,73.99,100.0,74.0,0.0,70.0,0.0,72.47333333333333,,,67.0,69.0,85.0,55.0,54.13999999999999,0.0
3549,2025-03-06 09:15:00,64.98,2.119999999999997,0.0,17.333333333333332,111.44666666666666,63.57,0.0,73.99,100.0,74.0,0.0,70.0,0.0,72.44333333333333,,,67.0,69.0,85.0,55.0,52.71,0.0
3550,2025-03-06 09:30:00,64.27666666666666,2.119999999999997,0.0,17.333333333333332,111.44,63.57,0.0,73.99,100.0,74.0,0.0,70.0,0.0,72.35333333333334,,,67.0,69.0,85.0,55.0,52.66,0.0
3551,2025-03-06 09:45:00,62.156666666666666,0.0,0.0,18.166666666666668,111.56333333333332,63.57,0.0,73.99,100.0,74.0,0.0,70.0,0.0,72.31,,,67.0,69.0,85.0,55.0,53.02,0.0
3552,2025-03-06 10:00:00,64.27666666666666,2.119999999999997,0.0,18.5,111.46333333333332,63.57,0.0,73.99,100.0,74.0,0.0,70.0,0.0,72.28,,,67.0,69.0,85.0,55.0,52.95,0.0
3553,2025-03-06 10:15:00,64.98333333333333,0.0,0.0,18.0,111.38,63.57,0.0,73.99,100.0,74.0,0.0,70.0,0.0,72.32,,,67.0,69.0,85.0,55.0,53.21,0.0
3554,2025-03-06 10:30:00,63.57,0.0,0.0,17.333333333333332,111.61666666666667,63.57,0.0,73.99,100.0,74.0,0.0,70.0,0.0,72.31333333333333,,,67.0,69.0,85.0,55.0,52.53999999999999,0.0
3555,2025-03-06 10:45:00,64.98333333333333,2.119999999999997,0.0,18.5,112.11333333333334,63.57,0.0,73.99,100.0,74.0,0.0,70.0,0.0,72.39666666666666,,,67.0,69.0,85.0,55.0,53.27,0.0
3556,2025-03-06 11:00:00,64.27666666666666,0.0,0.0,19.0,111.40333333333336,63.57,0.0,73.99,100.0,74.0,0.0,70.0,0.0,72.60333333333334,,,67.0,69.0,85.0,55.0,53.260000000000005,0.0
3557,2025-03-06 11:15:00,63.57,0.0,0.0,19.0,111.46333333333332,63.57,0.0,73.99,100.0,74.0,0.0,70.0,0.0,72.69666666666666,,,67.0,69.0,85.0,55.0,52.69,0.0
3558,2025-03-06 11:30:00,64.27666666666666,0.0,0.0,19.5,111.83666666666666,63.57,0.0,73.99,100.0,74.0,0.0,70.0,0.0,72.79,,,67.0,69.0,85.0,55.0,52.82000000000001,0.0
3559,2025-03-06 11:45:00,66.39333333333333,2.119999999999997,0.0,19.5,111.60333333333334,63.57,0.0,73.99,100.0,74.0,0.0,70.0,0.0,72.82000000000001,,,67.0,69.0,85.0,55.0,53.02,0.0
3560,2025-03-06 12:00:00,66.39333333333333,2.119999999999997,0.0,19.0,111.62,63.57,0.0,73.99,100.0,74.0,0.0,70.0,0.0,72.90333333333334,,,67.0,69.0,85.0,55.0,52.96,0.0
3561,2025-03-06 12:15:00,64.98333333333333,,0.0,19.33333333333333,111.84666666666664,63.57,0.0,73.99,100.0,74.0,0.0,70.0,0.0,72.91,,,67.0,69.0,85.0,55.0,,
3562,2025-03-06 12:30:00,64.27666666666666,0.0,0.0,19.666666666666668,112.05333333333331,63.57,0.0,73.99,100.0,74.0,0.0,70.0,0.0,72.93,,,67.0,69.0,85.0,55.0,53.32,0.0
3563,2025-03-06 12:45:00,65.69,2.119999999999997,0.0,19.0,111.99,63.57,0.0,73.99,100.0,74.0,0.0,70.0,0.0,72.95,,,67.0,69.0,85.0,55.0,53.51,0.0
3564,2025-03-06 13:00:00,64.98333333333333,2.119999999999997,0.0,19.33333333333333,112.39333333333332,63.57,0.0,73.99,100.0,74.0,0.0,70.0,0.0,72.93,,,67.0,69.0,85.0,55.0,53.330000000000005,0.0
3565,2025-03-06 13:15:00,63.56999999999999,0.0,0.0,19.166666666666668,112.21333333333332,63.57,0.0,73.99,100.0,74.0,0.0,70.0,0.0,72.92333333333333,,,67.0,69.0,85.0,55.0,53.41,0.0
3566,2025-03-06 13:30:00,64.27666666666666,0.0,0.0,18.83333333333333,112.21,63.57,0.0,73.99,100.0,74.0,0.0,70.0,0.0,72.99333333333334,,,67.0,69.0,85.0,55.0,53.75999999999999,0.0
3567,2025-03-06 13:45:00,65.69,2.119999999999997,0.0,18.83333333333333,111.84,63.57,0.0,73.99,100.0,74.0,0.0,70.0,0.0,72.95666666666666,,,67.0,69.0,85.0,55.0,52.84,0.0
3568,2025-03-06 14:00:00,64.98,0.0,0.0,19.166666666666668,111.29666666666668,63.57,0.0,73.99,100.0,74.0,0.0,70.0,0.0,72.89,,,67.0,69.0,85.0,55.0,53.21999999999999,0.0
3569,2025-03-06 14:15:00,64.98333333333333,2.119999999999997,0.0,19.0,111.45333333333332,63.57,0.0,73.99,100.0,74.0,0.0,70.0,0.0,72.95,,,67.0,69.0,85.0,55.0,52.91,0.0
3570,2025-03-06 14:30:00,64.27666666666666,2.119999999999997,0.0,18.666666666666668,111.38333333333333,63.57,0.0,73.99,100.0,74.0,0.0,70.0,0.0,73.10000000000001,,,67.0,69.0,85.0,55.0,52.51,0.0
3571,2025-03-06 14:45:00,64.98,0.0,0.0,19.166666666666668,111.67333333333332,63.57,0.0,73.99,100.0,74.0,0.0,70.0,0.0,73.65333333333334,,,67.0,69.0,85.0,55.0,52.95,0.0
3572,2025-03-06 15:00:00,65.69,2.119999999999997,0.0,19.166666666666668,111.46333333333332,63.57,0.0,73.99,100.0,74.0,0.0,70.0,0.0,73.56,,,67.0,69.0,85.0,55.0,52.56000000000001,0.0
3573,2025-03-06 15:15:00,64.27666666666666,2.119999999999997,0.0,18.83333333333333,111.91333333333334,63.57,0.0,73.99,100.0,74.0,0.0,70.0,0.0,73.54,,,67.0,69.0,85.0,55.0,52.28999999999999,0.0
3574,2025-03-06 15:30:00,63.57,0.0,0.0,19.33333333333333,111.83,63.57,0.0,73.99,100.0,74.0,0.0,70.0,0.0,73.60333333333334,,,67.0,69.0,85.0,55.0,52.48,0.0
3575,2025-03-06 15:45:00,65.69,2.119999999999997,0.0,19.666666666666668,112.1,63.57,0.0,73.99,100.0,74.0,0.0,70.0,0.0,73.48666666666666,,,67.0,69.0,85.0,55.0,52.59,0.0
3576,2025-03-06 16:00:00,64.27666666666666,0.0,0.0,19.0,111.84333333333332,63.57,0.0,73.99,99.78333333333336,74.0,0.0,70.0,0.0,73.63333333333334,,,67.0,69.0,85.0,55.0,52.11,0.0
3577,2025-03-06 16:15:00,63.57,0.0,0.0,18.5,110.85,63.57,0.0,73.99,88.74666666666667,74.0,0.0,70.0,0.0,74.46666666666665,,,67.0,69.0,85.0,55.0,52.17,0.0
3578,2025-03-06 16:30:00,64.98,0.0,0.0,18.0,103.66666666666669,63.57,0.0,73.99,72.02666666666666,74.0,0.0,70.0,0.0,75.02666666666666,,,67.0,69.0,85.0,55.0,46.7,0.0
3579,2025-03-06 16:45:00,64.98333333333333,2.119999999999997,0.0,17.166666666666668,93.26333333333332,63.57,0.0,73.99,55.3,74.0,0.0,70.0,0.0,75.38666666666667,,,67.0,69.0,85.0,55.0,36.49999999999999,0.0
3580,2025-03-06 17:00:00,64.98333333333333,0.0,0.0,17.0,82.80333333333333,63.57,0.0,73.99,41.71333333333333,74.0,0.0,70.0,0.0,75.55,,,67.0,69.0,85.0,55.0,26.67,0.0
3581,2025-03-06 17:15:00,64.98333333333333,2.119999999999997,0.0,16.666666666666668,77.46666666666667,63.57,0.0,73.99,36.15333333333333,74.0,0.0,70.0,0.0,75.24333333333334,,,67.0,69.0,85.0,55.0,16.059999999999995,0.0
3582,2025-03-06 17:30:00,64.27666666666666,2.119999999999997,0.0,16.666666666666668,82.58666666666666,63.57,0.0,73.99,42.6,74.0,0.0,70.0,0.0,74.59333333333333,,,67.0,69.0,85.0,55.0,19.800000000000004,0.0
3583,2025-03-06 17:45:00,64.27666666666666,2.119999999999997,0.0,16.5,77.47666666666667,63.57,0.0,73.99,33.406666666666666,74.0,0.0,70.0,0.0,74.79,,,67.0,69.0,85.0,55.0,18.309999999999995,0.0
3584,2025-03-06 18:00:00,64.27666666666666,0.0,0.0,17.5,75.55666666666667,63.57,0.0,73.99,31.186666666666667,74.0,0.0,70.0,0.0,74.62666666666667,,,67.0,69.0,85.0,55.0,13.57,0.0
3585,2025-03-06 18:15:00,66.39333333333333,2.119999999999997,0.0,17.0,74.94,63.57,0.0,73.99,28.916666666666668,74.0,0.0,70.0,0.0,74.51666666666667,,,67.0,69.0,85.0,55.0,12.410000000000004,0.0
3586,2025-03-06 18:30:00,63.57,0.0,0.0,16.5,77.73,63.57,0.0,73.99,35.14666666666667,74.0,0.0,70.0,0.0,74.08999999999999,,,67.0,69.0,85.0,55.0,13.160000000000004,0.0
3587,2025-03-06 18:45:00,65.69,2.119999999999997,0.0,16.333333333333332,83.23,63.57,0.0,73.99,43.52333333333333,74.0,0.0,70.0,0.0,73.71666666666665,,,67.0,69.0,85.0,55.0,18.36,0.0
3588,2025-03-06 19:00:00,65.68666666666667,0.0,0.0,16.0,87.86000000000001,63.57,0.0,73.99,49.60666666666666,74.0,0.0,70.0,0.0,73.55666666666667,,,67.0,69.0,85.0,55.0,22.99,0.0
3589,2025-03-06 19:15:00,64.27333333333333,0.0,0.0,15.5,92.44333333333331,63.57,0.0,73.99,55.803333333333335,74.0,0.0,70.0,0.0,73.42333333333333,,,67.0,69.0,85.0,55.0,27.0,0.0
3590,2025-03-06 19:30:00,63.57,-2.119999999999997,0.0,15.333333333333334,96.59666666666664,63.57,0.0,73.99,61.57,74.0,0.0,70.0,0.0,73.35666666666667,,,67.0,69.0,85.0,55.0,31.85,0.0
3591,2025-03-06 19:45:00,65.69,2.119999999999997,0.0,15.166666666666666,100.76333333333332,63.57,0.0,73.99,68.52333333333333,74.0,0.0,70.0,0.0,73.28666666666666,,,67.0,69.0,85.0,55.0,36.03,0.0
3592,2025-03-06 20:00:00,64.27666666666666,2.119999999999997,0.0,14.833333333333334,104.04666666666668,63.57,0.0,73.99,73.36333333333333,74.0,0.0,70.0,0.0,73.30666666666666,,,67.0,69.0,85.0,55.0,39.74999999999999,0.0
3593,2025-03-06 20:15:00,64.98333333333333,2.119999999999997,0.0,14.5,105.71,63.57,0.0,73.99,76.8,74.0,0.0,70.0,0.0,73.36999999999999,,,67.0,69.0,85.0,55.0,41.580000000000005,0.0
3594,2025-03-06 20:30:00,66.39333333333333,2.119999999999997,0.0,14.333333333333334,107.32,63.57,0.0,73.99,80.28333333333335,74.0,0.0,70.0,0.0,73.42333333333333,,,67.0,69.0,85.0,55.0,42.97,0.0
3595,2025-03-06 20:45:00,64.98333333333333,2.119999999999997,0.0,14.0,107.77666666666669,63.57,0.0,73.99,81.91333333333334,74.0,0.0,70.0,0.0,73.53,,,67.0,69.0,85.0,55.0,43.28,0.0
3596,2025-03-06 21:00:00,63.57,0.0,0.0,14.0,108.62,63.57,0.0,73.99,83.06333333333333,74.0,0.0,70.0,0.0,73.62666666666667,,,67.0,69.0,85.0,55.0,44.290000000000006,0.0
3597,2025-03-06 21:15:00,62.86333333333334,-2.119999999999997,0.0,14.0,109.03333333333336,63.57,0.0,73.99,83.88,74.0,0.0,70.0,0.0,73.70666666666666,,,67.0,69.0,85.0,55.0,44.08,0.0
3598,2025-03-06 21:30:00,64.98333333333333,2.119999999999997,0.0,15.166666666666666,108.89,63.57,0.0,73.99,83.47666666666667,74.0,0.0,70.0,0.0,73.81,,,67.0,69.0,85.0,55.0,44.58000000000001,0.0
3599,2025-03-06 21:45:00,64.98333333333333,2.119999999999997,0.0,15.5,108.96333333333332,63.57,0.0,73.99,84.07666666666667,74.0,0.0,70.0,0.0,73.84666666666668,,,67.0,69.0,85.0,55.0,44.13,0.0
3600,2025-03-06 22:00:00,63.57,0.0,0.0,15.666666666666666,108.42666666666666,63.57,0.0,73.99,82.45333333333333,74.0,0.0,70.0,0.0,73.97333333333334,,,67.0,69.0,85.0,55.0,44.16,0.0
3601,2025-03-06 22:15:00,63.57,0.0,0.0,16.0,107.76666666666668,63.57,0.0,73.99,80.13,74.0,0.0,70.0,0.0,74.07333333333332,,,67.0,69.0,85.0,55.0,43.27,0.0
3602,2025-03-06 22:30:00,64.27666666666666,0.0,0.0,16.166666666666668,107.06,63.57,0.0,73.99,79.36333333333333,74.0,0.0,70.0,0.0,74.08999999999999,,,67.0,69.0,85.0,55.0,42.95,0.0
3603,2025-03-06 22:45:00,63.57,2.119999999999997,0.0,16.5,106.55666666666666,63.57,0.0,73.99,78.07333333333334,74.0,0.0,70.0,0.0,74.10333333333334,,,67.0,69.0,85.0,55.0,42.78999999999999,0.0
3604,2025-03-06 23:00:00,64.27666666666666,0.0,0.0,16.5,105.87666666666668,63.57,0.0,73.99,76.97666666666667,74.0,0.0,70.0,0.0,74.12,,,67.0,69.0,85.0,55.0,42.03,0.0
3605,2025-03-06 23:15:00,64.27666666666666,0.0,0.0,16.5,106.09666666666668,63.57,0.0,73.99,79.06,74.0,0.0,70.0,0.0,73.99666666666667,,,67.0,69.0,85.0,55.0,42.04,0.0
3606,2025-03-06 23:30:00,64.98333333333333,2.119999999999997,0.0,15.666666666666666,107.01666666666668,63.57,0.0,73.99,82.65666666666667,74.0,0.0,70.0,0.0,73.83666666666666,,,67.0,69.0,85.0,55.0,42.95,0.0
3607,2025-03-06 23:45:00,64.98333333333333,0.0,0.0,14.833333333333334,108.5,63.57,0.0,73.99,87.48333333333333,74.0,0.0,70.0,0.0,73.68666666666667,,,67.0,69.0,85.0,55.0,45.03,0.0
3608,2025-03-07 00:00:00,62.86333333333332,0.0,0.0,14.666666666666666,109.99,63.57,0.0,73.99,93.64,74.0,0.0,70.0,0.0,73.51333333333334,,,67.0,69.0,85.0,55.0,46.42999999999999,0.0
3609,2025-03-07 00:15:00,64.98333333333333,0.0,0.0,16.333333333333332,110.97333333333334,63.57,0.0,73.99,99.59666666666668,74.0,0.0,70.0,0.0,73.31,,,67.0,69.0,85.0,55.0,49.07,0.0
3610,2025-03-07 00:30:00,64.27666666666666,0.0,0.0,16.833333333333332,111.14666666666666,63.57,0.0,73.99,100.0,74.0,0.0,70.0,0.0,73.17666666666666,,,67.0,69.0,85.0,55.0,48.96,0.0
3611,2025-03-07 00:45:00,64.98333333333333,2.119999999999997,0.0,17.5,111.21666666666664,63.57,0.0,73.99,100.0,74.0,0.0,70.0,0.0,73.03333333333335,,,67.0,69.0,85.0,55.0,49.31,0.0
3612,2025-03-07 01:00:00,64.98333333333333,2.119999999999997,0.0,18.0,111.63666666666666,63.57,0.0,73.99,100.0,74.0,0.0,70.0,0.0,72.92666666666668,,,67.0,69.0,85.0,55.0,49.67,0.0
3613,2025-03-07 01:15:00,63.57,-2.119999999999997,0.0,18.33333333333333,112.05666666666669,63.57,0.0,73.99,100.0,74.0,0.0,70.0,0.0,72.92333333333333,,,67.0,69.0,85.0,55.0,50.69,0.0
3614,2025-03-07 01:30:00,65.69,2.119999999999997,0.0,17.666666666666668,111.82333333333334,63.57,0.0,73.99,100.0,74.0,0.0,70.0,0.0,72.95,,,67.0,69.0,85.0,55.0,50.8,0.0
3615,2025-03-07 01:45:00,64.27333333333333,-2.119999999999997,0.0,18.666666666666668,111.96666666666664,63.57,0.0,73.99,100.0,74.0,0.0,70.0,0.0,72.95666666666666,,,67.0,69.0,85.0,55.0,50.870000000000005,0.0
3616,2025-03-07 02:00:00,64.98333333333333,2.119999999999997,0.0,19.166666666666668,112.49,63.57,0.0,73.99,100.0,74.0,0.0,70.0,0.0,72.95,,,67.0,69.0,85.0,55.0,51.43000000000001,0.0
3617,2025-03-07 02:15:00,64.98,0.0,0.0,19.5,112.68333333333334,63.57,0.0,73.99,100.0,74.0,0.0,70.0,0.0,73.0,,,67.0,69.0,85.0,55.0,52.28,0.0
3618,2025-03-07 02:30:00,64.98333333333333,2.119999999999997,0.0,19.5,112.76,63.57,0.0,73.99,100.0,74.0,0.0,70.0,0.0,73.04666666666667,,,67.0,69.0,85.0,55.0,51.85,0.0
3619,2025-03-07 02:45:00,65.69,2.119999999999997,0.0,19.83333333333333,112.97333333333334,63.57,0.0,73.99,100.0,74.0,0.0,70.0,0.0,73.09,,,67.0,69.0,85.0,55.0,52.900000000000006,0.0
3620,2025-03-07 03:00:00,64.98333333333333,0.0,0.0,19.666666666666668,113.21666666666664,63.57,0.0,73.99,100.0,74.0,0.0,70.0,0.0,73.10333333333334,,,67.0,69.0,85.0,55.0,52.88999999999999,0.0
3621,2025-03-07 03:15:00,64.27333333333333,0.0,0.0,20.0,113.36,63.57,0.0,73.99,100.0,74.0,0.0,70.0,0.0,73.23666666666666,,,67.0,69.0,85.0,55.0,53.61,0.0
3622,2025-03-07 03:30:00,63.57,-2.119999999999997,0.0,19.83333333333333,113.99,63.57,0.0,73.99,100.0,74.0,0.0,70.0,0.0,73.36,,,67.0,69.0,85.0,55.0,53.24,0.0
3623,2025-03-07 03:45:00,63.57,0.0,0.0,19.83333333333333,113.9,63.57,0.0,73.99,100.0,74.0,0.0,70.0,0.0,73.38,,,67.0,69.0,85.0,55.0,53.78,0.0
3624,2025-03-07 04:00:00,64.27666666666666,0.0,0.0,20.666666666666668,113.89,63.57,0.0,73.99,100.0,74.0,0.0,70.0,0.0,73.39999999999999,,,67.0,69.0,85.0,55.0,53.34,0.0
3625,2025-03-07 04:15:00,64.27666666666666,2.119999999999997,0.0,20.0,113.51666666666668,63.57,0.0,73.99,100.0,74.0,0.0,70.0,0.0,73.46666666666667,,,67.0,69.0,85.0,55.0,53.22,0.0
3626,2025-03-07 04:30:00,64.98,4.229999999999997,0.0,19.83333333333333,113.62666666666668,63.57,0.0,73.99,100.0,74.0,0.0,70.0,0.0,73.49,,,67.0,69.0,85.0,55.0,52.760000000000005,0.0
3627,2025-03-07 04:45:00,64.27666666666666,-2.119999999999997,0.0,20.166666666666668,113.87666666666668,63.57,0.0,73.99,100.0,74.0,0.0,70.0,0.0,73.53,,,67.0,69.0,85.0,55.0,53.620000000000005,0.0
3628,2025-03-07 05:00:00,64.98333333333333,2.119999999999997,0.0,19.666666666666668,113.53,63.57,0.0,73.99,100.0,74.0,0.0,70.0,0.0,73.53,,,67.0,69.0,85.0,55.0,53.12,0.0
3629,2025-03-07 05:15:00,67.10000000000001,6.350000000000001,0.0,20.33333333333333,113.45666666666666,63.57,0.0,73.99,100.0,74.0,0.0,70.0,0.0,73.53,,,67.0,69.0,85.0,55.0,53.120000000000005,0.0
3630,2025-03-07 05:30:00,64.98333333333333,2.119999999999997,0.0,19.33333333333333,113.20333333333332,63.57,0.0,73.99,100.0,74.0,0.0,70.0,0.0,73.53,,,67.0,69.0,85.0,55.0,53.09,0.0
3631,2025-03-07 05:45:00,63.57,0.0,0.0,20.0,113.30666666666669,63.57,0.0,73.99,100.0,74.0,0.0,70.0,0.0,73.53,,,67.0,69.0,85.0,55.0,53.06,0.0
3632,2025-03-07 06:00:00,64.98333333333333,2.119999999999997,0.0,19.83333333333333,113.10666666666668,63.57,0.0,73.99,100.0,74.0,0.0,70.0,0.0,73.53,,,67.0,69.0,85.0,55.0,53.31,0.0
3633,2025-03-07 06:15:00,66.39333333333333,2.119999999999997,0.0,19.0,112.96666666666664,63.57,0.0,73.99,100.0,74.0,0.0,70.0,0.0,73.53333333333335,,,67.0,69.0,85.0,55.0,53.150000000000006,0.0
3634,2025-03-07 06:30:00,62.86333333333334,-2.119999999999997,0.0,20.0,113.09666666666664,63.57,0.0,73.99,100.0,74.0,0.0,70.0,0.0,73.54,,,67.0,69.0,85.0,55.0,53.58,0.0
3635,2025-03-07 06:45:00,65.69,2.119999999999997,0.0,19.0,112.7,63.57,0.0,73.99,100.0,74.0,0.0,70.0,0.0,73.53,,,67.0,69.0,85.0,55.0,53.31,0.0
3636,2025-03-07 07:00:00,64.27666666666666,0.0,0.0,19.33333333333333,112.72333333333334,63.57,0.0,73.99,100.0,74.0,0.0,70.0,0.0,73.53333333333335,,,67.0,69.0,85.0,55.0,53.04,0.0
3637,2025-03-07 07:15:00,64.27333333333333,-2.119999999999997,0.0,19.33333333333333,113.07333333333334,63.57,0.0,73.99,100.0,74.0,0.0,70.0,0.0,73.53666666666668,,,67.0,69.0,85.0,55.0,53.36,0.0
3638,2025-03-07 07:30:00,64.27666666666666,2.119999999999997,0.0,19.0,112.91,63.57,0.0,73.99,100.0,74.0,0.0,70.0,0.0,73.58666666666666,,,67.0,69.0,85.0,55.0,53.27000000000001,0.0
3639,2025-03-07 07:45:00,63.57,2.119999999999997,0.0,19.83333333333333,112.98333333333332,63.57,0.0,73.99,100.0,74.0,0.0,70.0,0.0,73.62666666666667,,,67.0,69.0,85.0,55.0,53.13,0.0
3640,2025-03-07 08:00:00,64.98,0.0,0.0,19.33333333333333,112.92,63.57,0.0,73.99,100.0,74.0,0.0,70.0,0.0,73.62333333333333,,,67.0,69.0,85.0,55.0,53.03999999999999,0.0
3641,2025-03-07 08:15:00,64.98333333333333,2.119999999999997,0.0,18.5,112.90666666666668,63.57,0.0,73.99,100.0,74.0,0.0,70.0,0.0,73.64333333333333,,,67.0,69.0,85.0,55.0,53.35,0.0
3642,2025-03-07 08:30:00,63.57,0.0,0.0,19.166666666666668,112.84333333333332,63.57,0.0,73.99,100.0,74.0,0.0,70.0,0.0,73.64333333333333,,,67.0,69.0,85.0,55.0,52.71,0.0
3643,2025-03-07 08:45:00,65.68666666666667,0.0,0.0,18.666666666666668,112.94,63.57,0.0,73.99,100.0,74.0,0.0,70.0,0.0,73.66333333333334,,,67.0,69.0,85.0,55.0,53.190000000000005,0.0
3644,2025-03-07 09:00:00,64.27333333333333,4.229999999999997,0.0,18.33333333333333,112.60333333333334,63.57,0.0,73.99,100.0,74.0,0.0,70.0,0.0,73.65666666666668,,,67.0,69.0,85.0,55.0,52.61,0.0
3645,2025-03-07 09:15:00,63.57,0.0,0.0,18.33333333333333,112.45333333333332,63.57,0.0,73.99,100.0,74.0,0.0,70.0,0.0,73.67,,,67.0,69.0,85.0,55.0,52.13,0.0
3646,2025-03-07 09:30:00,64.27666666666666,0.0,0.0,19.33333333333333,112.58666666666666,63.57,0.0,73.99,100.0,74.0,0.0,70.0,0.0,73.64333333333333,,,67.0,69.0,85.0,55.0,52.23,0.0
3647,2025-03-07 09:45:00,64.27666666666666,2.119999999999997,0.0,18.83333333333333,112.69333333333331,63.57,0.0,73.99,100.0,74.0,0.0,70.0,0.0,73.61333333333333,,,67.0,69.0,85.0,55.0,51.88,0.0
3648,2025-03-07 10:00:00,64.27666666666666,2.119999999999997,0.0,18.666666666666668,112.59333333333332,63.57,0.0,73.99,100.0,74.0,0.0,70.0,0.0,73.62666666666667,,,67.0,69.0,85.0,55.0,51.77,0.0
3649,2025-03-07 10:15:00,65.68666666666667,0.0,0.0,19.0,112.59,63.57,0.0,73.99,100.0,74.0,0.0,70.0,0.0,73.64,,,67.0,69.0,85.0,55.0,52.71999999999999,0.0
3650,2025-03-07 10:30:00,66.39333333333333,4.229999999999997,0.0,18.166666666666668,112.50666666666666,63.57,0.0,73.99,100.0,74.0,0.0,70.0,0.0,73.67,,,67.0,69.0,85.0,55.0,52.26,0.0
3651,2025-03-07 10:45:00,63.57,0.0,0.0,18.83333333333333,112.77666666666666,63.57,0.0,73.99,100.0,74.0,0.0,70.0,0.0,73.68333333333334,,,67.0,69.0,85.0,55.0,52.27,0.0
3652,2025-03-07 11:00:00,64.27666666666666,0.0,0.0,19.0,112.25666666666666,63.57,0.0,73.99,100.0,74.0,0.0,70.0,0.0,73.68333333333334,,,67.0,69.0,85.0,55.0,52.00000000000001,0.0
3653,2025-03-07 11:15:00,64.27666666666666,-2.119999999999997,0.0,18.666666666666668,111.86666666666667,63.57,0.0,73.99,100.0,74.0,0.0,70.0,0.0,73.68333333333334,,,67.0,69.0,85.0,55.0,51.190000000000005,0.0
3654,2025-03-07 11:30:00,64.27666666666666,0.0,0.0,19.166666666666668,112.04,63.57,0.0,73.99,100.0,74.0,0.0,70.0,0.0,73.68333333333334,,,67.0,69.0,85.0,55.0,51.35,0.0
3655,2025-03-07 11:45:00,64.27666666666666,0.0,0.0,19.5,112.05,63.57,0.0,73.99,100.0,74.0,0.0,70.0,0.0,73.69,,,67.0,69.0,85.0,55.0,51.23,0.0
3656,2025-03-07 12:00:00,63.57,-2.119999999999997,0.0,19.0,112.38333333333333,63.57,0.0,73.99,100.0,74.0,0.0,70.0,0.0,73.67666666666666,,,67.0,69.0,85.0,55.0,51.71999999999999,0.0
3657,2025-03-07 12:15:00,63.57,-2.119999999999997,0.0,18.83333333333333,112.50333333333332,63.57,0.0,73.99,100.0,74.0,0.0,70.0,0.0,73.67666666666666,,,67.0,69.0,85.0,55.0,51.98,0.0
3658,2025-03-07 12:30:00,63.57,2.119999999999997,0.0,18.5,112.46999999999998,63.57,0.0,73.99,100.0,74.0,0.0,70.0,0.0,73.68333333333334,,,67.0,69.0,85.0,55.0,51.59,0.0
3659,2025-03-07 12:45:00,65.69,2.119999999999997,0.0,19.0,112.50666666666666,63.57,0.0,73.99,100.0,74.0,0.0,70.0,0.0,73.67,,,67.0,69.0,85.0,55.0,52.06999999999999,0.0
3660,2025-03-07 13:00:00,64.27666666666666,2.119999999999997,0.0,18.83333333333333,112.68666666666668,63.57,0.0,73.99,100.0,74.0,0.0,70.0,0.0,73.69333333333333,,,67.0,69.0,85.0,55.0,51.620000000000005,0.0
3661,2025-03-07 13:15:00,66.39333333333333,4.229999999999997,0.0,18.83333333333333,112.62666666666668,63.57,0.0,73.99,100.0,74.0,0.0,70.0,0.0,73.71333333333332,,,67.0,69.0,85.0,55.0,51.79,0.0
3662,2025-03-07 13:30:00,64.27666666666666,0.0,0.0,18.166666666666668,112.86,63.57,0.0,73.99,100.0,74.0,0.0,70.0,0.0,73.70666666666666,,,67.0,69.0,85.0,55.0,51.49999999999999,0.0
3663,2025-03-07 13:45:00,63.57,0.0,0.0,18.666666666666668,113.23,63.57,0.0,73.99,100.0,74.0,0.0,70.0,0.0,73.76666666666667,,,67.0,69.0,85.0,55.0,51.5,0.0
3664,2025-03-07 14:00:00,64.98333333333333,2.119999999999997,0.0,18.666666666666668,112.99333333333334,63.57,0.0,73.99,100.0,74.0,0.0,70.0,0.0,73.83,,,67.0,69.0,85.0,55.0,51.53,0.0
3665,2025-03-07 14:15:00,66.39333333333333,2.119999999999997,0.0,18.33333333333333,113.29,63.57,0.0,73.99,100.0,74.0,0.0,70.0,0.0,73.81666666666666,,,67.0,69.0,85.0,55.0,50.99,0.0
3666,2025-03-07 14:30:00,64.98333333333333,2.119999999999997,0.0,17.833333333333332,113.5,63.57,0.0,73.99,100.0,74.0,0.0,70.0,0.0,73.83666666666666,,,67.0,69.0,85.0,55.0,50.66,0.0
3667,2025-03-07 14:45:00,63.57,2.119999999999997,0.0,17.5,113.75,63.57,0.0,73.99,100.0,74.0,0.0,70.0,0.0,73.92666666666666,,,67.0,69.0,85.0,55.0,49.95,0.0
3668,2025-03-07 15:00:00,64.98333333333333,2.119999999999997,0.0,17.5,114.05666666666669,63.57,0.0,73.99,100.0,74.0,0.0,70.0,0.0,73.93333333333334,,,67.0,69.0,85.0,55.0,49.93000000000001,0.0
3669,2025-03-07 15:15:00,63.57,0.0,0.0,17.833333333333332,114.08,63.57,0.0,73.99,99.19,74.0,0.0,70.0,0.0,73.92666666666666,,,67.0,69.0,85.0,55.0,50.05,0.0
3670,2025-03-07 15:30:00,64.98333333333333,0.0,0.0,18.33333333333333,113.92,63.57,0.0,73.99,97.35,74.0,0.0,70.0,0.0,74.08999999999999,,,67.0,69.0,85.0,55.0,49.69999999999999,0.0
3671,2025-03-07 15:45:00,63.57,0.0,0.0,17.333333333333332,114.09333333333332,63.57,0.0,73.99,100.0,74.0,0.0,70.0,0.0,73.89666666666666,,,67.0,69.0,85.0,55.0,49.39,0.0
3672,2025-03-07 16:00:00,64.27666666666666,0.0,0.0,17.0,114.32,63.57,0.0,73.99,100.0,74.0,0.0,70.0,0.0,73.93,,,67.0,69.0,85.0,55.0,48.78,0.0
3673,2025-03-07 16:15:00,64.98333333333333,2.119999999999997,0.0,17.0,114.51666666666668,63.57,0.0,73.99,99.42333333333332,74.0,0.0,70.0,0.0,74.00666666666666,,,67.0,69.0,85.0,55.0,48.6,0.0
3674,2025-03-07 16:30:00,62.156666666666666,-2.119999999999997,0.0,17.333333333333332,114.73,63.57,0.0,73.99,96.94333333333331,74.0,0.0,70.0,0.0,74.11333333333333,,,67.0,69.0,85.0,55.0,48.55,0.0
3675,2025-03-07 16:45:00,63.57,0.0,0.0,18.33333333333333,114.57333333333334,63.57,0.0,73.99,93.06,74.0,0.0,70.0,0.0,74.23666666666666,,,67.0,69.0,85.0,55.0,48.99000000000001,0.0
3676,2025-03-07 17:00:00,64.98333333333333,0.0,0.0,17.666666666666668,111.57666666666668,63.57,0.0,73.99,84.73666666666666,74.0,0.0,70.0,0.0,74.52,,,67.0,69.0,85.0,55.0,47.68000000000001,0.0
3677,2025-03-07 17:15:00,64.27666666666666,0.0,0.0,16.5,110.66333333333334,63.57,0.0,73.99,83.93333333333334,74.0,0.0,70.0,0.0,74.38000000000001,,,67.0,69.0,85.0,55.0,43.8,0.0
3678,2025-03-07 17:30:00,64.27666666666666,2.119999999999997,0.0,16.833333333333332,110.99333333333334,63.57,0.0,73.99,83.53,74.0,0.0,70.0,0.0,74.26666666666667,,,67.0,69.0,85.0,55.0,44.13,0.0
3679,2025-03-07 17:45:00,64.98333333333333,2.119999999999997,0.0,17.5,110.28000000000002,63.57,0.0,73.99,80.76666666666667,74.0,0.0,70.0,0.0,74.30666666666667,,,67.0,69.0,85.0,55.0,43.58,0.0
3680,2025-03-07 18:00:00,64.98333333333333,2.119999999999997,0.0,17.833333333333332,103.33333333333331,63.57,0.0,73.99,81.58,74.0,0.0,70.0,0.0,74.16333333333334,,,67.0,69.0,85.0,55.0,44.22,0.0
3681,2025-03-07 18:15:00,62.86333333333334,-2.119999999999997,0.0,19.5,109.45,63.57,0.0,73.99,90.88666666666666,74.0,0.0,70.0,0.0,73.72333333333334,,,67.0,69.0,85.0,55.0,46.78,0.0
3682,2025-03-07 18:30:00,62.156666666666666,0.0,0.0,18.83333333333333,109.01666666666668,63.57,0.0,73.99,87.82333333333334,74.0,0.0,70.0,0.0,73.94,,,67.0,69.0,85.0,55.0,47.30000000000001,0.0
3683,2025-03-07 18:45:00,64.98333333333333,0.0,0.0,19.166666666666668,109.58666666666666,63.57,0.0,73.99,84.52999999999999,74.0,0.0,70.0,0.0,74.09666666666668,,,67.0,69.0,85.0,55.0,49.55,0.0
3684,2025-03-07 19:00:00,64.27666666666666,2.119999999999997,0.0,18.83333333333333,97.09333333333332,63.57,0.0,73.99,61.47666666666667,74.0,0.0,70.0,0.0,75.02666666666666,,,67.0,69.0,85.0,55.0,40.67,0.0
3685,2025-03-07 19:15:00,64.98333333333333,2.119999999999997,0.0,18.666666666666668,85.81333333333333,63.57,0.0,73.99,45.333333333333336,74.0,0.0,70.0,0.0,75.39,,,67.0,69.0,85.0,55.0,26.31,0.0
3686,2025-03-07 19:30:00,64.27666666666666,-2.119999999999997,0.0,20.5,74.19333333333333,63.57,0.0,73.99,36.74333333333333,74.0,0.0,70.0,0.0,75.29,,,67.0,69.0,85.0,55.0,18.75,0.0
3687,2025-03-07 19:45:00,64.98333333333333,2.119999999999997,0.0,20.5,74.00333333333333,63.57,0.0,73.99,38.96666666666667,74.0,0.0,70.0,0.0,74.80333333333333,,,67.0,69.0,85.0,55.0,16.330000000000005,0.0
3688,2025-03-07 20:00:00,65.69,2.119999999999997,0.0,19.5,82.75,63.57,0.0,73.99,51.126666666666665,74.0,0.0,70.0,0.0,74.01666666666667,,,67.0,69.0,85.0,55.0,21.6,0.0
3689,2025-03-07 20:15:00,64.27666666666666,0.0,0.0,19.33333333333333,90.7,63.57,0.0,73.99,60.22,74.0,0.0,70.0,0.0,73.62333333333333,,,67.0,69.0,85.0,55.0,30.480000000000004,0.0
3690,2025-03-07 20:30:00,65.69,2.119999999999997,0.0,19.5,96.05666666666669,63.57,0.0,73.99,68.05,74.0,0.0,70.0,0.0,73.41666666666667,,,67.0,69.0,85.0,55.0,36.82000000000001,0.0
3691,2025-03-07 20:45:00,64.27666666666666,0.0,0.0,18.33333333333333,100.20666666666666,63.57,0.0,73.99,75.33666666666666,74.0,0.0,70.0,0.0,73.28333333333333,,,67.0,69.0,85.0,55.0,41.35999999999999,0.0
3692,2025-03-07 21:00:00,65.68666666666667,2.119999999999997,0.0,18.5,100.53000000000002,63.57,0.0,73.99,68.86,74.0,0.0,70.0,0.0,73.81333333333333,,,67.0,69.0,85.0,55.0,44.21000000000001,0.0
3693,2025-03-07 21:15:00,65.68333333333334,4.229999999999997,0.0,16.5,92.21,63.57,0.0,73.99,54.59,74.0,0.0,70.0,0.0,74.46,,,67.0,69.0,85.0,55.0,32.71000000000001,0.0
3694,2025-03-07 21:30:00,64.98333333333333,0.0,0.0,18.0,83.98,63.57,0.0,73.99,44.06,74.0,0.0,70.0,0.0,74.75,,,67.0,69.0,85.0,55.0,25.85,0.0
3695,2025-03-07 21:45:00,66.39333333333333,2.119999999999997,0.0,16.833333333333332,77.10000000000001,63.57,0.0,73.99,36.43333333333333,74.0,0.0,70.0,0.0,74.83333333333333,,,67.0,69.0,85.0,55.0,16.47,0.0
3696,2025-03-07 22:00:00,62.86333333333334,0.0,0.0,18.5,73.44666666666667,63.57,0.0,73.99,36.17666666666667,74.0,0.0,70.0,0.0,74.57,,,67.0,69.0,85.0,55.0,15.119999999999996,0.0
3697,2025-03-07 22:15:00,64.27666666666666,0.0,0.0,18.166666666666668,76.61333333333333,63.57,0.0,73.99,34.733333333333334,74.0,0.0,70.0,0.0,74.45333333333333,,,67.0,69.0,85.0,55.0,16.059999999999995,0.0
3698,2025-03-07 22:30:00,64.98333333333333,0.0,0.0,16.833333333333332,74.78666666666668,63.57,0.0,73.99,33.91,74.0,0.0,70.0,0.0,74.33999999999999,,,67.0,69.0,85.0,55.0,11.209999999999994,0.0
3699,2025-03-07 22:45:00,63.57,-2.119999999999997,0.0,18.166666666666668,76.27333333333333,63.57,0.0,73.99,40.63333333333333,74.0,0.0,70.0,0.0,73.94666666666666,,,67.0,69.0,85.0,55.0,16.150000000000006,0.0
3700,2025-03-07 23:00:00,64.27666666666666,2.119999999999997,0.0,18.666666666666668,83.01333333333334,63.57,0.0,73.99,50.84333333333333,74.0,0.0,70.0,0.0,73.52666666666666,,,67.0,69.0,85.0,55.0,21.77,0.0
3701,2025-03-07 23:15:00,65.68666666666667,0.0,0.0,17.166666666666668,93.70333333333332,63.57,0.0,73.99,57.88,74.0,0.0,70.0,0.0,73.37333333333333,,,67.0,69.0,85.0,55.0,26.55,0.0
3702,2025-03-07 23:30:00,67.10000000000001,2.119999999999997,0.0,17.5,94.15333333333332,63.57,0.0,73.99,64.88,74.0,0.0,70.0,0.0,73.27333333333333,,,67.0,69.0,85.0,55.0,33.440000000000005,0.0
3703,2025-03-07 23:45:00,63.57,0.0,0.0,18.5,99.64333333333332,63.57,0.0,73.99,74.12,74.0,0.0,70.0,0.0,73.11,,,67.0,69.0,85.0,55.0,39.55,0.0
3704,2025-03-08 00:00:00,64.98333333333333,2.119999999999997,0.0,18.83333333333333,104.05333333333331,63.57,0.0,73.99,81.63333333333333,74.0,0.0,70.0,0.0,73.08333333333333,,,67.0,69.0,85.0,55.0,44.67,0.0
3705,2025-03-08 00:15:00,66.39333333333333,2.119999999999997,0.0,18.83333333333333,110.63666666666666,63.57,0.0,73.99,88.33999999999999,74.0,0.0,70.0,0.0,73.08333333333333,,,67.0,69.0,85.0,55.0,48.03,0.0
3706,2025-03-08 00:30:00,64.27333333333333,4.229999999999997,0.0,17.5,112.22666666666667,63.57,0.0,73.99,92.59,74.0,0.0,70.0,0.0,73.17666666666666,,,67.0,69.0,85.0,55.0,48.78,0.0
3707,2025-03-08 00:45:00,65.69,2.119999999999997,0.0,19.33333333333333,111.53666666666668,63.57,0.0,73.99,98.07666666666668,74.0,0.0,70.0,0.0,73.19,,,67.0,69.0,85.0,55.0,52.01,0.0
3708,2025-03-08 01:00:00,64.98333333333333,2.119999999999997,0.0,17.5,114.39666666666666,63.57,0.0,73.99,100.0,74.0,0.0,70.0,0.0,73.28333333333335,,,67.0,69.0,85.0,55.0,49.77,0.0
3709,2025-03-08 01:15:00,64.98333333333333,0.0,0.0,19.5,112.26,63.57,0.0,73.99,100.0,74.0,0.0,70.0,0.0,73.32666666666667,,,67.0,69.0,85.0,55.0,52.34,0.0
3710,2025-03-08 01:30:00,64.98333333333333,2.119999999999997,0.0,17.666666666666668,113.62666666666668,63.57,0.0,73.99,100.0,74.0,0.0,70.0,0.0,73.39,,,67.0,69.0,85.0,55.0,49.78,0.0
3711,2025-03-08 01:45:00,64.27666666666666,0.0,0.0,19.0,113.82333333333334,63.57,0.0,73.99,100.0,74.0,0.0,70.0,0.0,73.37333333333333,,,67.0,69.0,85.0,55.0,53.05,0.0
3712,2025-03-08 02:00:00,62.86333333333334,0.0,0.0,18.0,112.47,63.57,0.0,73.99,100.0,74.0,0.0,70.0,0.0,73.51666666666667,,,67.0,69.0,85.0,55.0,50.370000000000005,0.0
3713,2025-03-08 02:15:00,64.98,0.0,0.0,19.0,114.44666666666669,63.57,0.0,73.99,100.0,74.0,0.0,70.0,0.0,73.48666666666666,,,67.0,69.0,85.0,55.0,51.61000000000001,0.0
3714,2025-03-08 02:30:00,64.98333333333333,2.119999999999997,0.0,17.333333333333332,116.21999999999998,63.57,0.0,73.99,100.0,74.0,0.0,70.0,0.0,73.61666666666666,,,67.0,69.0,85.0,55.0,50.25,0.0
3715,2025-03-08 02:45:00,63.57,2.119999999999997,0.0,17.166666666666668,116.25666666666666,63.57,0.0,73.99,100.0,74.0,0.0,70.0,0.0,73.78333333333333,,,67.0,69.0,85.0,55.0,50.21000000000001,0.0
3716,2025-03-08 03:00:00,63.57,-2.119999999999997,0.0,18.166666666666668,116.37333333333332,63.57,0.0,73.99,100.0,74.0,0.0,70.0,0.0,73.89333333333333,,,67.0,69.0,85.0,55.0,50.38000000000001,0.0
3717,2025-03-08 03:15:00,62.156666666666666,2.119999999999997,0.0,18.83333333333333,113.19333333333334,63.57,0.0,73.99,100.0,74.0,0.0,70.0,0.0,73.96,,,67.0,69.0,85.0,55.0,50.32000000000001,0.0
3718,2025-03-08 03:30:00,64.98,-2.119999999999997,0.0,19.33333333333333,113.33,63.57,0.0,73.99,100.0,74.0,0.0,70.0,0.0,73.80666666666667,,,67.0,69.0,85.0,55.0,52.26,0.0
3719,2025-03-08 03:45:00,65.68666666666667,2.119999999999997,0.0,17.833333333333332,114.03666666666668,63.57,0.0,73.99,100.0,74.0,0.0,70.0,0.0,73.85333333333334,,,67.0,69.0,85.0,55.0,50.120000000000005,0.0
3720,2025-03-08 04:00:00,64.27666666666666,0.0,0.0,19.33333333333333,112.82,63.57,0.0,73.99,100.0,74.0,0.0,70.0,0.0,73.73666666666666,,,67.0,69.0,85.0,55.0,52.51,0.0
3721,2025-03-08 04:15:00,65.69,2.119999999999997,0.0,17.833333333333332,115.93333333333334,63.57,0.0,73.99,100.0,74.0,0.0,70.0,0.0,73.80666666666667,,,67.0,69.0,85.0,55.0,50.540000000000006,0.0
3722,2025-03-08 04:30:00,63.57,2.119999999999997,0.0,17.333333333333332,115.87,63.57,0.0,73.99,100.0,74.0,0.0,70.0,0.0,73.88666666666667,,,67.0,69.0,85.0,55.0,50.39,0.0
3723,2025-03-08 04:45:00,62.156666666666666,-2.119999999999997,0.0,18.5,116.04333333333334,63.57,0.0,73.99,100.0,74.0,0.0,70.0,0.0,73.95333333333333,,,67.0,69.0,85.0,55.0,50.94000000000001,0.0
3724,2025-03-08 05:00:00,65.69,2.119999999999997,0.0,18.666666666666668,115.85,63.57,0.0,73.99,100.0,74.0,0.0,70.0,0.0,73.96,,,67.0,69.0,85.0,55.0,50.58,0.0
3725,2025-03-08 05:15:00,63.57,0.0,0.0,18.0,115.77666666666666,63.57,0.0,73.99,100.0,74.0,0.0,70.0,0.0,73.97333333333334,,,67.0,69.0,85.0,55.0,50.5,0.0
3726,2025-03-08 05:30:00,63.57,0.0,0.0,18.666666666666668,116.14666666666666,63.57,0.0,73.99,100.0,74.0,0.0,70.0,0.0,73.98,,,67.0,69.0,85.0,55.0,50.78999999999999,0.0
3727,2025-03-08 05:45:00,65.69,2.119999999999997,0.0,18.5,115.80666666666666,63.57,0.0,73.99,99.96666666666664,74.0,0.0,70.0,0.0,73.98,,,67.0,69.0,85.0,55.0,50.75999999999999,0.0
3728,2025-03-08 06:00:00,64.27666666666666,2.119999999999997,0.0,17.833333333333332,115.78666666666668,63.57,0.0,73.99,99.87666666666668,74.0,0.0,70.0,0.0,73.99000000000001,,,67.0,69.0,85.0,55.0,50.80999999999999,0.0
3729,2025-03-08 06:15:00,64.27666666666666,0.0,0.0,18.166666666666668,115.25,63.57,0.0,73.99,100.0,74.0,0.0,70.0,0.0,73.96666666666665,,,67.0,69.0,85.0,55.0,50.97,0.0
3730,2025-03-08 06:30:00,64.98333333333333,2.119999999999997,0.0,18.166666666666668,114.56,63.57,0.0,73.99,100.0,74.0,0.0,70.0,0.0,73.86666666666666,,,67.0,69.0,85.0,55.0,51.27,0.0
3731,2025-03-08 06:45:00,63.57,2.119999999999997,0.0,18.166666666666668,114.32333333333334,63.57,0.0,73.99,100.0,74.0,0.0,70.0,0.0,73.79,,,67.0,69.0,85.0,55.0,51.14000000000001,0.0
3732,2025-03-08 07:00:00,66.39333333333333,2.119999999999997,0.0,19.0,113.94333333333334,63.57,0.0,73.99,100.0,74.0,0.0,70.0,0.0,73.66333333333334,,,67.0,69.0,85.0,55.0,51.290000000000006,0.0
3733,2025-03-08 07:15:00,64.27666666666666,0.0,0.0,19.5,114.28333333333336,63.57,0.0,73.99,100.0,74.0,0.0,70.0,0.0,73.61999999999999,,,67.0,69.0,85.0,55.0,51.75,0.0
3734,2025-03-08 07:30:00,64.27666666666666,-2.119999999999997,0.0,20.0,114.48333333333332,63.57,0.0,73.99,100.0,74.0,0.0,70.0,0.0,73.53666666666668,,,67.0,69.0,85.0,55.0,52.0,0.0
3735,2025-03-08 07:45:00,64.27666666666666,2.119999999999997,0.0,20.83333333333333,115.26,63.57,0.0,73.99,100.0,74.0,0.0,70.0,0.0,73.54333333333334,,,67.0,69.0,85.0,55.0,52.46,0.0
3736,2025-03-08 08:00:00,64.98333333333333,2.119999999999997,0.0,20.5,115.39333333333332,63.57,0.0,73.99,100.0,74.0,0.0,70.0,0.0,73.61999999999999,,,67.0,69.0,85.0,55.0,53.00000000000001,0.0
3737,2025-03-08 08:15:00,62.86333333333334,0.0,0.0,20.0,115.61333333333334,63.57,0.0,73.99,100.0,74.0,0.0,70.0,0.0,73.66333333333334,,,67.0,69.0,85.0,55.0,53.07,0.0
3738,2025-03-08 08:30:00,64.98,4.229999999999997,0.0,19.83333333333333,115.21333333333332,63.57,0.0,73.99,100.0,74.0,0.0,70.0,0.0,73.67,,,67.0,69.0,85.0,55.0,52.69,0.0
3739,2025-03-08 08:45:00,62.156666666666666,-4.240000000000002,0.0,20.666666666666668,115.64666666666666,63.57,0.0,73.99,100.0,74.0,0.0,70.0,0.0,73.67,,,67.0,69.0,85.0,55.0,53.14,0.0
3740,2025-03-08 09:00:00,64.98333333333333,2.119999999999997,0.0,21.0,115.50333333333332,63.57,0.0,73.99,100.0,74.0,0.0,70.0,0.0,73.67,,,67.0,69.0,85.0,55.0,53.38,0.0
3741,2025-03-08 09:15:00,64.27666666666666,0.0,0.0,20.166666666666668,115.39666666666666,63.57,0.0,73.99,100.0,74.0,0.0,70.0,0.0,73.68333333333334,,,67.0,69.0,85.0,55.0,53.1,0.0
3742,2025-03-08 09:30:00,65.69,2.119999999999997,0.0,20.33333333333333,114.95333333333332,63.57,0.0,73.99,100.0,74.0,0.0,70.0,0.0,73.72333333333334,,,67.0,69.0,85.0,55.0,52.98,0.0
3743,2025-03-08 09:45:00,64.27666666666666,0.0,0.0,20.166666666666668,115.07,63.57,0.0,73.99,100.0,74.0,0.0,70.0,0.0,73.73,,,67.0,69.0,85.0,55.0,52.190000000000005,0.0
3744,2025-03-08 10:00:00,64.98333333333333,2.119999999999997,0.0,20.33333333333333,115.16,63.57,0.0,73.99,100.0,74.0,0.0,70.0,0.0,73.74,,,67.0,69.0,85.0,55.0,53.05,0.0
3745,2025-03-08 10:15:00,64.27666666666666,-2.119999999999997,0.0,20.666666666666668,115.16666666666669,63.57,0.0,73.99,100.0,74.0,0.0,70.0,0.0,73.71666666666665,,,67.0,69.0,85.0,55.0,53.47,0.0
3746,2025-03-08 10:30:00,63.57,0.0,0.0,20.83333333333333,115.06333333333332,63.57,0.0,73.99,100.0,74.0,0.0,70.0,0.0,73.69,,,67.0,69.0,85.0,55.0,52.83,0.0
3747,2025-03-08 10:45:00,64.27666666666666,0.0,0.0,20.33333333333333,115.26,63.57,0.0,73.99,100.0,74.0,0.0,70.0,0.0,73.70333333333333,,,67.0,69.0,85.0,55.0,53.08,0.0
3748,2025-03-08 11:00:00,65.68666666666667,2.119999999999997,0.0,19.83333333333333,115.11666666666667,63.57,0.0,73.99,100.0,74.0,0.0,70.0,0.0,73.69666666666666,,,67.0,69.0,85.0,55.0,53.55,0.0
3749,2025-03-08 11:15:00,64.27666666666666,2.119999999999997,0.0,20.0,114.94666666666669,63.57,0.0,73.99,100.0,74.0,0.0,70.0,0.0,73.68333333333334,,,67.0,69.0,85.0,55.0,52.88,0.0
3750,2025-03-08 11:30:00,65.68666666666667,4.229999999999997,0.0,20.5,114.82333333333334,63.57,0.0,73.99,100.0,74.0,0.0,70.0,0.0,73.69,,,67.0,69.0,85.0,55.0,52.74999999999999,0.0
3751,2025-03-08 11:45:00,64.98333333333333,0.0,0.0,20.5,114.75666666666666,63.57,0.0,73.99,100.0,74.0,0.0,70.0,0.0,73.69,,,67.0,69.0,85.0,55.0,53.38,0.0
3752,2025-03-08 12:00:00,64.27666666666666,0.0,0.0,19.666666666666668,114.72666666666667,63.57,0.0,73.99,100.0,74.0,0.0,70.0,0.0,73.68333333333334,,,67.0,69.0,85.0,55.0,53.05,0.0
3753,2025-03-08 12:15:00,65.68666666666667,4.229999999999997,0.0,19.83333333333333,114.41666666666669,63.57,0.0,73.99,100.0,74.0,0.0,70.0,0.0,73.69,,,67.0,69.0,85.0,55.0,52.89999999999999,0.0
3754,2025-03-08 12:30:00,66.39333333333333,0.0,0.0,19.5,114.31333333333332,63.57,0.0,73.99,100.0,74.0,0.0,70.0,0.0,73.69,,,67.0,69.0,85.0,55.0,53.330000000000005,0.0
3755,2025-03-08 12:45:00,63.57,0.0,0.0,20.166666666666668,114.33,63.57,0.0,73.99,100.0,74.0,0.0,70.0,0.0,73.69,,,67.0,69.0,85.0,55.0,52.99,0.0
3756,2025-03-08 13:00:00,67.09666666666666,2.119999999999997,0.0,20.166666666666668,114.27666666666666,63.57,0.0,73.99,100.0,74.0,0.0,70.0,0.0,73.67,,,67.0,69.0,85.0,55.0,53.14999999999999,0.0
3757,2025-03-08 13:15:00,64.98333333333333,0.0,0.0,19.166666666666668,114.05,63.57,0.0,73.99,100.0,74.0,0.0,70.0,0.0,73.67666666666666,,,67.0,69.0,85.0,55.0,52.83,0.0
3758,2025-03-08 13:30:00,64.27666666666666,0.0,0.0,19.666666666666668,114.32666666666668,63.57,0.0,73.99,100.0,74.0,0.0,70.0,0.0,73.67,,,67.0,69.0,85.0,55.0,52.8,0.0
3759,2025-03-08 13:45:00,66.39333333333333,2.119999999999997,0.0,19.33333333333333,114.21,63.57,0.0,73.99,100.0,74.0,0.0,70.0,0.0,73.67666666666666,,,67.0,69.0,85.0,55.0,52.510000000000005,0.0
3760,2025-03-08 14:00:00,64.98333333333333,0.0,0.0,21.5,115.32666666666668,63.57,0.0,73.99,100.0,74.0,0.0,70.0,0.0,73.67,,,67.0,69.0,85.0,55.0,53.52,0.0
3761,2025-03-08 14:15:00,65.68666666666667,4.229999999999997,0.0,21.0,115.16666666666669,63.57,0.0,73.99,100.0,74.0,0.0,70.0,0.0,73.67,,,67.0,69.0,85.0,55.0,53.99,0.0
3762,2025-03-08 14:30:00,63.57,-2.119999999999997,0.0,20.166666666666668,114.86,63.57,0.0,73.99,100.0,74.0,0.0,70.0,0.0,73.68333333333334,,,67.0,69.0,85.0,55.0,54.05,0.0
3763,2025-03-08 14:45:00,64.27666666666666,2.119999999999997,0.0,19.5,113.76666666666668,63.57,0.0,73.99,100.0,74.0,0.0,70.0,0.0,73.69,,,67.0,69.0,85.0,55.0,52.7,0.0
3764,2025-03-08 15:00:00,64.98333333333333,2.119999999999997,0.0,20.166666666666668,113.67,63.57,0.0,73.99,100.0,74.0,0.0,70.0,0.0,73.67,,,67.0,69.0,85.0,55.0,52.3,0.0
3765,2025-03-08 15:15:00,63.57,0.0,0.0,19.666666666666668,113.81666666666666,63.57,0.0,73.99,100.0,74.0,0.0,70.0,0.0,73.67666666666666,,,67.0,69.0,85.0,55.0,52.9,0.0
3766,2025-03-08 15:30:00,64.98333333333333,0.0,0.0,19.83333333333333,114.02666666666666,63.57,0.0,73.99,100.0,74.0,0.0,70.0,0.0,73.68333333333334,,,67.0,69.0,85.0,55.0,52.28999999999999,0.0
3767,2025-03-08 15:45:00,63.57,2.119999999999997,0.0,18.83333333333333,114.23,63.57,0.0,73.99,100.0,74.0,0.0,70.0,0.0,73.72333333333334,,,67.0,69.0,85.0,55.0,51.870000000000005,0.0
3768,2025-03-08 16:00:00,64.27666666666666,0.0,0.0,18.5,114.38666666666666,63.57,0.0,73.99,100.0,74.0,0.0,70.0,0.0,73.77333333333333,,,67.0,69.0,85.0,55.0,51.68999999999999,0.0
3769,2025-03-08 16:15:00,64.98333333333333,2.119999999999997,0.0,18.666666666666668,114.34333333333336,63.57,0.0,73.99,100.0,74.0,0.0,70.0,0.0,73.79333333333334,,,67.0,69.0,85.0,55.0,51.35,0.0
3770,2025-03-08 16:30:00,67.09666666666666,4.229999999999997,0.0,18.666666666666668,114.31333333333332,63.57,0.0,73.99,100.0,74.0,0.0,70.0,0.0,73.80666666666667,,,67.0,69.0,85.0,55.0,51.41,0.0
3771,2025-03-08 16:45:00,62.156666666666666,-2.119999999999997,0.0,18.666666666666668,114.37,63.57,0.0,73.99,100.0,74.0,0.0,70.0,0.0,73.82333333333334,,,67.0,69.0,85.0,55.0,51.67,0.0
3772,2025-03-08 17:00:00,63.57,0.0,0.0,19.166666666666668,114.54,63.57,0.0,73.99,100.0,74.0,0.0,70.0,0.0,73.84333333333333,,,67.0,69.0,85.0,55.0,51.51,0.0
3773,2025-03-08 17:15:00,65.69,2.119999999999997,0.0,19.33333333333333,114.74666666666668,63.57,0.0,73.99,100.0,74.0,0.0,70.0,0.0,73.91666666666667,,,67.0,69.0,85.0,55.0,50.77,0.0
3774,2025-03-08 17:30:00,64.98,0.0,0.0,18.5,114.82666666666668,63.57,0.0,73.99,100.0,74.0,0.0,70.0,0.0,73.96,,,67.0,69.0,85.0,55.0,50.64,0.0
3775,2025-03-08 17:45:00,63.57,2.119999999999997,0.0,18.166666666666668,115.25666666666666,63.57,0.0,73.99,100.0,74.0,0.0,70.0,0.0,73.98,,,67.0,69.0,85.0,55.0,51.03999999999999,0.0
3776,2025-03-08 18:00:00,63.57,0.0,0.0,18.666666666666668,115.35333333333334,63.57,0.0,73.99,100.0,74.0,0.0,70.0,0.0,73.97333333333334,,,67.0,69.0,85.0,55.0,51.06,0.0
3777,2025-03-08 18:15:00,64.27666666666666,2.119999999999997,0.0,18.5,115.22666666666667,63.57,0.0,73.99,99.31333333333332,74.0,0.0,70.0,0.0,74.02333333333333,,,67.0,69.0,85.0,55.0,50.32000000000001,0.0
3778,2025-03-08 18:30:00,66.39,4.229999999999997,0.0,18.0,115.37,63.57,0.0,73.99,97.38333333333333,74.0,0.0,70.0,0.0,74.09666666666666,,,67.0,69.0,85.0,55.0,50.43000000000001,0.0
3779,2025-03-08 18:45:00,64.98333333333333,2.119999999999997,0.0,17.166666666666668,115.28000000000002,63.57,0.0,73.99,96.10333333333334,74.0,0.0,70.0,0.0,74.12,,,67.0,69.0,85.0,55.0,49.71000000000001,0.0
3780,2025-03-08 19:00:00,64.98,4.229999999999997,0.0,17.0,115.40666666666668,63.57,0.0,73.99,95.05666666666669,74.0,0.0,70.0,0.0,74.12,,,67.0,69.0,85.0,55.0,49.28999999999999,0.0
3781,2025-03-08 19:15:00,64.98333333333333,2.119999999999997,0.0,16.333333333333332,114.43666666666668,63.57,0.0,73.99,92.35666666666668,74.0,0.0,70.0,0.0,74.2,,,67.0,69.0,85.0,55.0,48.870000000000005,0.0
3782,2025-03-08 19:30:00,65.68666666666667,2.119999999999997,0.0,16.0,112.96999999999998,63.57,0.0,73.99,89.20333333333333,74.0,0.0,70.0,0.0,74.26,,,67.0,69.0,85.0,55.0,47.61999999999999,0.0
3783,2025-03-08 19:45:00,64.98333333333333,0.0,0.0,15.333333333333334,111.44333333333331,63.57,0.0,73.99,85.67,74.0,0.0,70.0,0.0,74.33,,,67.0,69.0,85.0,55.0,46.13000000000001,0.0
3784,2025-03-08 20:00:00,64.27666666666666,0.0,0.0,14.833333333333334,109.56666666666666,63.57,0.0,73.99,81.5,74.0,0.0,70.0,0.0,74.39666666666666,,,67.0,69.0,85.0,55.0,44.22,0.0
3785,2025-03-08 20:15:00,64.98333333333333,2.119999999999997,0.0,14.5,107.98666666666666,63.57,0.0,73.99,77.97333333333334,74.0,0.0,70.0,0.0,74.43,,,67.0,69.0,85.0,55.0,42.16,0.0
3786,2025-03-08 20:30:00,64.98333333333333,2.119999999999997,0.0,14.5,105.87666666666668,63.57,0.0,73.99,73.29,74.0,0.0,70.0,0.0,74.48666666666666,,,67.0,69.0,85.0,55.0,40.64999999999999,0.0
3787,2025-03-08 20:45:00,64.27666666666666,0.0,0.0,15.166666666666666,103.16,63.57,0.0,73.99,68.39999999999999,74.0,0.0,70.0,0.0,74.53666666666668,,,67.0,69.0,85.0,55.0,38.06,0.0
3788,2025-03-08 21:00:00,63.56666666666666,-2.119999999999997,0.0,16.0,100.24,63.57,0.0,73.99,63.71333333333333,74.0,0.0,70.0,0.0,74.55666666666666,,,67.0,69.0,85.0,55.0,35.56,0.0
3789,2025-03-08 21:15:00,62.156666666666666,0.0,0.0,16.166666666666668,97.38666666666668,63.57,0.0,73.99,59.52,74.0,0.0,70.0,0.0,74.56333333333333,,,67.0,69.0,85.0,55.0,31.89,0.0
3790,2025-03-08 21:30:00,64.27666666666666,0.0,0.0,16.5,94.51333333333334,63.57,0.0,73.99,54.99666666666667,74.0,0.0,70.0,0.0,74.56333333333333,,,67.0,69.0,85.0,55.0,29.58,0.0
3791,2025-03-08 21:45:00,64.27666666666666,-2.119999999999997,0.0,16.5,91.36,63.57,0.0,73.99,50.31666666666666,74.0,0.0,70.0,0.0,74.58999999999999,,,67.0,69.0,85.0,55.0,26.510000000000005,0.0
3792,2025-03-08 22:00:00,64.27666666666666,0.0,0.0,17.0,88.21666666666665,63.57,0.0,73.99,46.30666666666667,74.0,0.0,70.0,0.0,74.56333333333333,,,67.0,69.0,85.0,55.0,23.52,0.0
3793,2025-03-08 22:15:00,64.98,4.229999999999997,0.0,16.833333333333332,85.28666666666668,63.57,0.0,73.99,42.2,74.0,0.0,70.0,0.0,74.56333333333333,,,67.0,69.0,85.0,55.0,20.60000000000001,0.0
3794,2025-03-08 22:30:00,65.69,2.119999999999997,0.0,15.833333333333334,82.61,63.57,0.0,73.99,38.53,74.0,0.0,70.0,0.0,74.53333333333333,,,67.0,69.0,85.0,55.0,17.810000000000002,0.0
3795,2025-03-08 22:45:00,63.57,2.119999999999997,0.0,15.666666666666666,81.37333333333333,63.57,0.0,73.99,36.67333333333334,74.0,0.0,70.0,0.0,74.42666666666666,,,67.0,69.0,85.0,55.0,15.5,0.0
3796,2025-03-08 23:00:00,63.57,-2.119999999999997,0.0,16.0,80.18666666666667,63.57,0.0,73.99,35.36,74.0,0.0,70.0,0.0,74.36,,,67.0,69.0,85.0,55.0,14.919999999999987,0.0
3797,2025-03-08 23:15:00,66.39333333333333,4.229999999999997,0.0,16.0,80.46,63.57,0.0,73.99,36.36666666666667,74.0,0.0,70.0,0.0,74.18333333333334,,,67.0,69.0,85.0,55.0,14.560000000000002,0.0
3798,2025-03-08 23:30:00,66.39333333333333,4.229999999999997,0.0,15.333333333333334,83.20666666666666,63.57,0.0,73.99,41.49,74.0,0.0,70.0,0.0,73.92,,,67.0,69.0,85.0,55.0,16.25999999999999,0.0
3799,2025-03-08 23:45:00,64.27666666666666,2.119999999999997,0.0,15.5,88.08999999999999,63.57,0.0,73.99,47.91333333333333,74.0,0.0,70.0,0.0,73.66666666666667,,,67.0,69.0,85.0,55.0,20.590000000000003,0.0
3800,2025-03-09 00:00:00,64.27333333333333,0.0,0.0,15.333333333333334,92.93333333333334,63.57,0.0,73.99,55.28333333333333,74.0,0.0,70.0,0.0,73.45,,,67.0,69.0,85.0,55.0,26.42,0.0
3801,2025-03-09 00:15:00,64.27666666666666,-2.119999999999997,0.0,15.0,97.88,63.57,0.0,73.99,63.083333333333336,74.0,0.0,70.0,0.0,73.30333333333333,,,67.0,69.0,85.0,55.0,31.31,0.0
3802,2025-03-09 00:30:00,62.86333333333334,-2.119999999999997,0.0,15.0,103.34666666666668,63.57,0.0,73.99,71.64999999999999,74.0,0.0,70.0,0.0,73.17,,,67.0,69.0,85.0,55.0,36.84,0.0
3803,2025-03-09 00:45:00,62.86333333333334,-2.119999999999997,0.0,16.666666666666668,107.94,63.57,0.0,73.99,80.13,74.0,0.0,70.0,0.0,73.06666666666666,,,67.0,69.0,85.0,55.0,42.61999999999999,0.0
3804,2025-03-09 01:00:00,64.27666666666666,0.0,0.0,17.0,111.57666666666668,63.57,0.0,73.99,89.91333333333334,74.0,0.0,70.0,0.0,72.95666666666666,,,67.0,69.0,85.0,55.0,46.120000000000005,0.0
3805,2025-03-09 01:15:00,64.98333333333333,0.0,0.0,17.833333333333332,113.21666666666664,63.57,0.0,73.99,97.65,74.0,0.0,70.0,0.0,72.93,,,67.0,69.0,85.0,55.0,49.9,0.0
3806,2025-03-09 01:30:00,63.57,0.0,0.0,18.0,113.29333333333334,63.57,0.0,73.99,100.0,74.0,0.0,70.0,0.0,72.91,,,67.0,69.0,85.0,55.0,50.53,0.0
3807,2025-03-09 01:45:00,64.98333333333333,2.119999999999997,0.0,18.666666666666668,113.68,63.57,0.0,73.99,100.0,74.0,0.0,70.0,0.0,72.91666666666667,,,67.0,69.0,85.0,55.0,50.95,0.0
3808,2025-03-09 02:00:00,65.69,2.119999999999997,0.0,18.166666666666668,113.21,63.57,0.0,73.99,100.0,74.0,0.0,70.0,0.0,72.94333333333334,,,67.0,69.0,85.0,55.0,51.27,0.0
3809,2025-03-09 02:15:00,65.69,2.119999999999997,0.0,17.5,113.25666666666666,63.57,0.0,73.99,100.0,74.0,0.0,70.0,0.0,73.0,,,67.0,69.0,85.0,55.0,50.98,0.0
3810,2025-03-09 02:30:00,64.27666666666666,0.0,0.0,18.166666666666668,113.74333333333334,63.57,0.0,73.99,100.0,74.0,0.0,70.0,0.0,73.06666666666666,,,67.0,69.0,85.0,55.0,51.07000000000001,0.0
3811,2025-03-09 02:45:00,64.27666666666666,0.0,0.0,19.33333333333333,113.98666666666666,63.57,0.0,73.99,100.0,74.0,0.0,70.0,0.0,73.07666666666667,,,67.0,69.0,85.0,55.0,51.56999999999999,0.0
3812,2025-03-09 03:00:00,64.27666666666666,2.119999999999997,0.0,19.166666666666668,114.03666666666668,63.57,0.0,73.99,100.0,74.0,0.0,70.0,0.0,73.07666666666667,,,67.0,69.0,85.0,55.0,51.65,0.0
3813,2025-03-09 03:15:00,63.57,2.119999999999997,0.0,20.166666666666668,114.33666666666666,63.57,0.0,73.99,100.0,74.0,0.0,70.0,0.0,73.12,,,67.0,69.0,85.0,55.0,52.14,0.0
3814,2025-03-09 03:30:00,65.69,2.119999999999997,0.0,19.33333333333333,113.76333333333332,63.57,0.0,73.99,100.0,74.0,0.0,70.0,0.0,73.23333333333333,,,67.0,69.0,85.0,55.0,52.3,0.0
3815,2025-03-09 03:45:00,63.57,0.0,0.0,19.33333333333333,114.4,63.57,0.0,73.99,100.0,74.0,0.0,70.0,0.0,73.24,,,67.0,69.0,85.0,55.0,52.2,0.0
3816,2025-03-09 04:00:00,64.98333333333333,,0.0,19.83333333333333,114.44,63.57,0.0,73.99,100.0,74.0,0.0,70.0,0.0,73.24,,,67.0,69.0,85.0,55.0,,
3817,2025-03-09 04:15:00,65.69,2.119999999999997,0.0,19.166666666666668,113.89,63.57,0.0,73.99,100.0,74.0,0.0,70.0,0.0,73.24,,,67.0,69.0,85.0,55.0,52.68000000000001,0.0
3818,2025-03-09 04:30:00,62.86333333333334,0.0,0.0,20.166666666666668,114.03666666666668,63.57,0.0,73.99,100.0,74.0,0.0,70.0,0.0,73.30333333333333,,,67.0,69.0,85.0,55.0,53.13999999999999,0.0
3819,2025-03-09 04:45:00,66.39333333333333,2.119999999999997,0.0,19.5,113.55666666666669,63.57,0.0,73.99,100.0,74.0,0.0,70.0,0.0,73.33,,,67.0,69.0,85.0,55.0,53.09,0.0
3820,2025-03-09 05:00:00,64.98333333333333,2.119999999999997,0.0,20.166666666666668,113.83333333333331,63.57,0.0,73.99,100.0,74.0,0.0,70.0,0.0,73.24666666666667,,,67.0,69.0,85.0,55.0,53.46000000000001,0.0
3821,2025-03-09 05:15:00,65.69,2.119999999999997,0.0,20.33333333333333,113.64,63.57,0.0,73.99,100.0,74.0,0.0,70.0,0.0,73.24666666666667,,,67.0,69.0,85.0,55.0,53.36000000000001,0.0
3822,2025-03-09 05:30:00,64.98333333333333,2.119999999999997,0.0,20.0,113.61666666666667,63.57,0.0,73.99,100.0,74.0,0.0,70.0,0.0,73.24,,,67.0,69.0,85.0,55.0,53.940000000000005,0.0
3823,2025-03-09 05:45:00,64.27666666666666,0.0,0.0,20.666666666666668,113.77,63.57,0.0,73.99,100.0,74.0,0.0,70.0,0.0,73.32,,,67.0,69.0,85.0,55.0,53.95,0.0
3824,2025-03-09 06:00:00,64.98333333333333,2.119999999999997,0.0,20.83333333333333,113.6,63.57,0.0,73.99,100.0,74.0,0.0,70.0,0.0,73.37333333333333,,,67.0,69.0,85.0,55.0,53.46999999999999,0.0
3825,2025-03-09 06:15:00,64.98,4.229999999999997,0.0,19.5,113.64666666666666,63.57,0.0,73.99,100.0,74.0,0.0,70.0,0.0,73.38666666666667,,,67.0,69.0,85.0,55.0,53.89,0.0
3826,2025-03-09 06:30:00,63.57,0.0,0.0,20.166666666666668,113.46333333333332,63.57,0.0,73.99,100.0,74.0,0.0,70.0,0.0,73.46666666666665,,,67.0,69.0,85.0,55.0,53.92,0.0
3827,2025-03-09 06:45:00,64.98333333333333,2.119999999999997,0.0,20.33333333333333,113.54,63.57,0.0,73.99,100.0,74.0,0.0,70.0,0.0,73.40333333333332,,,67.0,69.0,85.0,55.0,53.91,0.0
3828,2025-03-09 07:00:00,63.56999999999999,0.0,0.0,19.666666666666668,113.93333333333334,63.57,0.0,73.99,100.0,74.0,0.0,70.0,0.0,73.38,,,67.0,69.0,85.0,55.0,54.34,0.0
3829,2025-03-09 07:15:00,64.27666666666666,0.0,0.0,20.0,113.75333333333332,63.57,0.0,73.99,100.0,74.0,0.0,70.0,0.0,73.38,,,67.0,69.0,85.0,55.0,53.94,0.0
3830,2025-03-09 07:30:00,64.98333333333333,0.0,0.0,20.5,113.86333333333334,63.57,0.0,73.99,100.0,74.0,0.0,70.0,0.0,73.39999999999999,,,67.0,69.0,85.0,55.0,54.33,0.0
3831,2025-03-09 07:45:00,66.39333333333333,4.229999999999997,0.0,19.166666666666668,113.49,63.57,0.0,73.99,100.0,74.0,0.0,70.0,0.0,73.42333333333333,,,67.0,69.0,85.0,55.0,54.23,0.0
3832,2025-03-09 08:00:00,65.69,2.119999999999997,0.0,19.83333333333333,113.48666666666668,63.57,0.0,73.99,100.0,74.0,0.0,70.0,0.0,73.38,,,67.0,69.0,85.0,55.0,54.01,0.0
3833,2025-03-09 08:15:00,64.98333333333333,2.119999999999997,0.0,20.666666666666668,113.6,63.57,0.0,73.99,100.0,74.0,0.0,70.0,0.0,73.38,,,67.0,69.0,85.0,55.0,54.4,0.0
3834,2025-03-09 08:30:00,66.39333333333333,2.119999999999997,0.0,20.5,113.33666666666666,63.57,0.0,73.99,100.0,74.0,0.0,70.0,0.0,73.37333333333333,,,67.0,69.0,85.0,55.0,54.39000000000001,0.0
3835,2025-03-09 08:45:00,64.27666666666666,2.119999999999997,0.0,19.5,113.13666666666666,63.57,0.0,73.99,100.0,74.0,0.0,70.0,0.0,73.36666666666666,,,67.0,69.0,85.0,55.0,53.87,0.0
3836,2025-03-09 09:00:00,63.57,0.0,0.0,19.83333333333333,113.38333333333333,63.57,0.0,73.99,100.0,74.0,0.0,70.0,0.0,73.36,,,67.0,69.0,85.0,55.0,54.3,0.0
3837,2025-03-09 09:15:00,64.98333333333333,2.119999999999997,0.0,19.83333333333333,113.03,63.57,0.0,73.99,100.0,74.0,0.0,70.0,0.0,73.35333333333334,,,67.0,69.0,85.0,55.0,54.49,0.0
3838,2025-03-09 09:30:00,65.69,2.119999999999997,0.0,19.166666666666668,112.59,63.57,0.0,73.99,100.0,74.0,0.0,70.0,0.0,73.34333333333332,,,67.0,69.0,85.0,55.0,53.97,0.0
3839,2025-03-09 09:45:00,64.98,0.0,0.0,19.83333333333333,112.68333333333334,63.57,0.0,73.99,100.0,74.0,0.0,70.0,0.0,73.32333333333334,,,67.0,69.0,85.0,55.0,53.900000000000006,0.0
3840,2025-03-09 10:00:00,65.68666666666667,2.119999999999997,0.0,20.166666666666668,112.95333333333332,63.57,0.0,73.99,100.0,74.0,0.0,70.0,0.0,73.34666666666666,,,67.0,69.0,85.0,55.0,54.47,0.0
3841,2025-03-09 10:15:00,66.39333333333333,4.229999999999997,0.0,19.166666666666668,112.62666666666668,63.57,0.0,73.99,100.0,74.0,0.0,70.0,0.0,73.36666666666666,,,67.0,69.0,85.0,55.0,54.21999999999999,0.0
3842,2025-03-09 10:30:00,64.98,4.229999999999997,0.0,19.166666666666668,112.42,63.57,0.0,73.99,100.0,74.0,0.0,70.0,0.0,73.38666666666667,,,67.0,69.0,85.0,55.0,53.7,0.0
3843,2025-03-09 10:45:00,64.27333333333333,0.0,0.0,19.666666666666668,112.03666666666668,63.57,0.0,73.99,100.0,74.0,0.0,70.0,0.0,73.38,,,67.0,69.0,85.0,55.0,53.41,0.0
3844,2025-03-09 11:00:00,64.27666666666666,2.119999999999997,0.0,20.0,112.24666666666668,63.57,0.0,73.99,100.0,74.0,0.0,70.0,0.0,73.46,,,67.0,69.0,85.0,55.0,53.11000000000001,0.0
3845,2025-03-09 11:15:00,66.39333333333333,4.229999999999997,0.0,19.166666666666668,112.12,63.57,0.0,73.99,100.0,74.0,0.0,70.0,0.0,73.50333333333333,,,67.0,69.0,85.0,55.0,53.63,0.0
3846,2025-03-09 11:30:00,66.39333333333333,2.119999999999997,0.0,18.666666666666668,111.86333333333334,63.57,0.0,73.99,100.0,74.0,0.0,70.0,0.0,73.48333333333333,,,67.0,69.0,85.0,55.0,53.64,0.0
3847,2025-03-09 11:45:00,64.27666666666666,0.0,0.0,19.0,111.78000000000002,63.57,0.0,73.99,100.0,74.0,0.0,70.0,0.0,73.43,,,67.0,69.0,85.0,55.0,53.03,0.0
3848,2025-03-09 12:00:00,64.98333333333333,2.119999999999997,0.0,19.5,111.41666666666669,63.57,0.0,73.99,100.0,74.0,0.0,70.0,0.0,73.48666666666666,,,67.0,69.0,85.0,55.0,53.21999999999999,0.0
3849,2025-03-09 12:15:00,65.68666666666667,4.229999999999997,0.0,19.166666666666668,111.12,63.57,0.0,73.99,100.0,74.0,0.0,70.0,0.0,73.49,,,67.0,69.0,85.0,55.0,52.7,0.0
3850,2025-03-09 12:30:00,64.27666666666666,0.0,0.0,18.83333333333333,111.08,63.57,0.0,73.99,100.0,74.0,0.0,70.0,0.0,73.47666666666667,,,67.0,69.0,85.0,55.0,52.55,0.0
3851,2025-03-09 12:45:00,63.57,-2.119999999999997,0.0,20.0,111.38666666666668,63.57,0.0,73.99,100.0,74.0,0.0,70.0,0.0,73.49666666666667,,,67.0,69.0,85.0,55.0,52.71,0.0
3852,2025-03-09 13:00:00,64.98333333333333,0.0,0.0,19.166666666666668,111.45333333333332,63.57,0.0,73.99,100.0,74.0,0.0,70.0,0.0,73.52333333333333,,,67.0,69.0,85.0,55.0,52.82000000000001,0.0
3853,2025-03-09 13:15:00,64.98,0.0,0.0,18.166666666666668,111.64333333333332,63.57,0.0,73.99,100.0,74.0,0.0,70.0,0.0,73.56666666666668,,,67.0,69.0,85.0,55.0,52.5,0.0
3854,2025-03-09 13:30:00,64.27333333333333,0.0,0.0,19.0,112.19666666666669,63.57,0.0,73.99,100.0,74.0,0.0,70.0,0.0,73.64333333333333,,,67.0,69.0,85.0,55.0,52.50000000000001,0.0
3855,2025-03-09 13:45:00,63.57,0.0,0.0,18.166666666666668,112.45333333333332,63.57,0.0,73.99,100.0,74.0,0.0,70.0,0.0,73.67666666666666,,,67.0,69.0,85.0,55.0,51.79,0.0
3856,2025-03-09 14:00:00,66.39,4.229999999999997,0.0,18.0,112.31666666666666,63.57,0.0,73.99,100.0,74.0,0.0,70.0,0.0,73.76666666666667,,,67.0,69.0,85.0,55.0,51.21,0.0
3857,2025-03-09 14:15:00,64.98333333333333,0.0,0.0,18.0,112.78333333333336,63.57,0.0,73.99,100.0,74.0,0.0,70.0,0.0,73.81666666666666,,,67.0,69.0,85.0,55.0,51.31,0.0
3858,2025-03-09 14:30:00,64.27666666666666,2.119999999999997,0.0,17.666666666666668,113.10333333333334,63.57,0.0,73.99,100.0,74.0,0.0,70.0,0.0,73.9,,,67.0,69.0,85.0,55.0,51.16,0.0
3859,2025-03-09 14:45:00,64.27666666666666,0.0,0.0,17.666666666666668,113.80333333333331,63.57,0.0,73.99,100.0,74.0,0.0,70.0,0.0,73.95333333333333,,,67.0,69.0,85.0,55.0,50.87,0.0
3860,2025-03-09 15:00:00,67.09666666666666,4.229999999999997,0.0,17.5,114.35,63.57,0.0,73.99,100.0,74.0,0.0,70.0,0.0,73.98333333333333,,,67.0,69.0,85.0,55.0,50.13999999999999,0.0
3861,2025-03-09 15:15:00,64.98333333333333,0.0,0.0,17.333333333333332,115.1,63.57,0.0,73.99,98.27333333333333,74.0,0.0,70.0,0.0,74.06,,,67.0,69.0,85.0,55.0,50.52,0.0
3862,2025-03-09 15:30:00,62.86333333333334,0.0,0.0,18.33333333333333,115.19666666666669,63.57,0.0,73.99,96.60666666666668,74.0,0.0,70.0,0.0,74.10666666666667,,,67.0,69.0,85.0,55.0,49.760000000000005,0.0
3863,2025-03-09 15:45:00,64.27333333333333,4.229999999999997,0.0,17.666666666666668,115.16666666666669,63.57,0.0,73.99,94.90666666666668,74.0,0.0,70.0,0.0,74.14999999999999,,,67.0,69.0,85.0,55.0,49.3,0.0
3864,2025-03-09 16:00:00,62.86333333333334,0.0,0.0,18.0,114.82,63.57,0.0,73.99,92.16666666666669,74.0,0.0,70.0,0.0,74.22333333333334,,,67.0,69.0,85.0,55.0,48.8,0.0
3865,2025-03-09 16:15:00,64.98,0.0,0.0,18.33333333333333,114.23333333333332,63.57,0.0,73.99,90.51,74.0,0.0,70.0,0.0,74.22333333333334,,,67.0,69.0,85.0,55.0,48.43000000000001,0.0
3866,2025-03-09 16:30:00,64.98333333333333,2.119999999999997,0.0,17.5,113.28333333333336,63.57,0.0,73.99,88.39999999999999,74.0,0.0,70.0,0.0,74.22333333333334,,,67.0,69.0,85.0,55.0,46.85,0.0
3867,2025-03-09 16:45:00,64.98333333333333,2.119999999999997,0.0,16.833333333333332,112.55666666666666,63.57,0.0,73.99,86.58333333333333,74.0,0.0,70.0,0.0,74.23,,,67.0,69.0,85.0,55.0,45.99,0.0
3868,2025-03-09 17:00:00,63.57,0.0,0.0,16.666666666666668,112.00333333333332,63.57,0.0,73.99,84.60000000000001,74.0,0.0,70.0,0.0,74.23666666666666,,,67.0,69.0,85.0,55.0,45.400000000000006,0.0
3869,2025-03-09 17:15:00,64.98333333333333,2.119999999999997,0.0,17.0,112.01,63.57,0.0,73.99,84.51,74.0,0.0,70.0,0.0,74.14999999999999,,,67.0,69.0,85.0,55.0,44.75,0.0
3870,2025-03-09 17:30:00,65.68666666666667,2.119999999999997,0.0,17.0,112.03333333333336,63.57,0.0,73.99,84.20666666666666,74.0,0.0,70.0,0.0,74.12,,,67.0,69.0,85.0,55.0,44.900000000000006,0.0
3871,2025-03-09 17:45:00,64.27666666666666,2.119999999999997,0.0,16.666666666666668,109.27333333333333,63.57,0.0,73.99,83.32333333333332,74.0,0.0,70.0,0.0,74.12,,,67.0,69.0,85.0,55.0,44.010000000000005,0.0
3872,2025-03-09 18:00:00,62.86333333333334,0.0,0.0,18.83333333333333,105.18333333333334,63.57,0.0,73.99,87.00666666666666,74.0,0.0,70.0,0.0,73.91000000000001,,,67.0,69.0,85.0,55.0,45.65,0.0
3873,2025-03-09 18:15:00,64.27666666666666,2.119999999999997,0.0,21.0,108.78000000000002,63.57,0.0,73.99,96.25666666666666,74.0,0.0,70.0,0.0,73.56333333333333,,,67.0,69.0,85.0,55.0,49.06,0.0
3874,2025-03-09 18:30:00,64.27666666666666,0.0,0.0,21.33333333333333,110.80666666666669,63.57,0.0,73.99,100.0,74.0,0.0,70.0,0.0,73.36999999999999,,,67.0,69.0,85.0,55.0,52.59,0.0
3875,2025-03-09 18:45:00,65.68666666666667,0.0,0.0,20.33333333333333,110.74,63.57,0.0,73.99,100.0,74.0,0.0,70.0,0.0,73.34666666666666,,,67.0,69.0,85.0,55.0,52.75,0.0
3876,2025-03-09 19:00:00,64.27666666666666,0.0,0.0,20.5,110.73666666666668,63.57,0.0,73.99,100.0,74.0,0.0,70.0,0.0,73.25999999999999,,,67.0,69.0,85.0,55.0,51.830000000000005,0.0
3877,2025-03-09 19:15:00,66.39333333333333,4.229999999999997,0.0,19.0,110.66,63.57,0.0,73.99,100.0,74.0,0.0,70.0,0.0,73.34666666666666,,,67.0,69.0,85.0,55.0,51.48,0.0
3878,2025-03-09 19:30:00,64.98333333333333,2.119999999999997,0.0,18.33333333333333,110.66666666666669,63.57,0.0,73.99,100.0,74.0,0.0,70.0,0.0,73.38,,,67.0,69.0,85.0,55.0,51.78,0.0
3879,2025-03-09 19:45:00,65.68666666666667,2.119999999999997,0.0,17.0,110.24333333333334,63.57,0.0,73.99,100.0,74.0,0.0,70.0,0.0,73.44666666666667,,,67.0,69.0,85.0,55.0,51.15,0.0
3880,2025-03-09 20:00:00,64.98333333333333,2.119999999999997,0.0,16.5,109.98,63.57,0.0,73.99,100.0,74.0,0.0,70.0,0.0,73.48333333333333,,,67.0,69.0,85.0,55.0,51.01,0.0
3881,2025-03-09 20:15:00,64.27666666666666,2.119999999999997,0.0,16.166666666666668,110.01333333333332,63.57,0.0,73.99,100.0,74.0,0.0,70.0,0.0,73.49666666666667,,,67.0,69.0,85.0,55.0,50.33,0.0
3882,2025-03-09 20:30:00,64.27666666666666,0.0,0.0,15.5,109.31333333333332,63.57,0.0,73.99,100.0,74.0,0.0,70.0,0.0,73.52333333333333,,,67.0,69.0,85.0,55.0,50.61999999999999,0.0
3883,2025-03-09 20:45:00,67.09666666666666,4.229999999999997,0.0,14.333333333333334,108.72666666666667,63.57,0.0,73.99,100.0,74.0,0.0,70.0,0.0,73.65666666666667,,,67.0,69.0,85.0,55.0,49.53,0.0
3884,2025-03-09 21:00:00,65.68666666666667,4.229999999999997,0.0,13.833333333333334,108.38666666666666,63.57,0.0,73.99,100.0,74.0,0.0,70.0,0.0,73.67666666666666,,,67.0,69.0,85.0,55.0,48.75,0.0
3885,2025-03-09 21:15:00,65.69,2.119999999999997,0.0,13.333333333333334,107.91666666666669,63.57,0.0,73.99,100.0,74.0,0.0,70.0,0.0,73.67,,,67.0,69.0,85.0,55.0,48.78,0.0
3886,2025-03-09 21:30:00,64.98333333333333,2.119999999999997,0.0,13.333333333333334,107.71333333333332,63.57,0.0,73.99,100.0,74.0,0.0,70.0,0.0,73.67666666666666,,,67.0,69.0,85.0,55.0,48.66,0.0
3887,2025-03-09 21:45:00,64.27666666666666,2.119999999999997,0.0,14.666666666666666,107.16666666666669,63.57,0.0,73.99,100.0,74.0,0.0,70.0,0.0,73.67,,,67.0,69.0,85.0,55.0,48.580000000000005,0.0
3888,2025-03-09 22:00:00,64.98333333333333,2.119999999999997,0.0,13.666666666666666,106.37666666666668,63.57,0.0,73.99,100.0,74.0,0.0,70.0,0.0,73.74666666666667,,,67.0,69.0,85.0,55.0,47.83,0.0
3889,2025-03-09 22:15:00,62.86333333333334,-4.240000000000002,0.0,14.333333333333334,106.97333333333334,63.57,0.0,73.99,100.0,74.0,0.0,70.0,0.0,73.79333333333334,,,67.0,69.0,85.0,55.0,48.290000000000006,0.0
3890,2025-03-09 22:30:00,65.68666666666667,4.229999999999997,0.0,14.0,106.9,63.57,0.0,73.99,100.0,74.0,0.0,70.0,0.0,73.81333333333333,,,67.0,69.0,85.0,55.0,48.120000000000005,0.0
3891,2025-03-09 22:45:00,65.68666666666667,4.229999999999997,0.0,13.666666666666666,106.35333333333334,63.57,0.0,73.99,100.0,74.0,0.0,70.0,0.0,73.81666666666666,,,67.0,69.0,85.0,55.0,48.00000000000001,0.0
3892,2025-03-09 23:00:00,64.27666666666666,0.0,0.0,14.166666666666666,106.51333333333334,63.57,0.0,73.99,100.0,74.0,0.0,70.0,0.0,73.75,,,67.0,69.0,85.0,55.0,48.25,0.0
3893,2025-03-09 23:15:00,66.39333333333333,4.229999999999997,0.0,13.666666666666666,106.22666666666667,63.57,0.0,73.99,100.0,74.0,0.0,70.0,0.0,73.53333333333335,,,67.0,69.0,85.0,55.0,48.510000000000005,0.0
3894,2025-03-09 23:30:00,63.57,-2.119999999999997,0.0,13.833333333333334,110.01666666666668,63.57,0.0,73.99,100.0,74.0,0.0,70.0,0.0,73.51,,,67.0,69.0,85.0,55.0,48.55,0.0
3895,2025-03-09 23:45:00,62.156666666666666,0.0,0.0,13.5,107.88333333333333,63.57,0.0,73.99,100.0,74.0,0.0,70.0,0.0,73.46666666666667,,,67.0,69.0,85.0,55.0,49.51,0.0
3896,2025-03-10 00:00:00,64.98333333333333,2.119999999999997,0.0,13.5,110.08666666666666,63.57,0.0,73.99,100.0,74.0,0.0,70.0,0.0,73.36666666666666,,,67.0,69.0,85.0,55.0,45.55999999999999,0.0
3897,2025-03-10 00:15:00,65.69,2.119999999999997,0.0,14.5,109.86333333333334,63.57,0.0,73.99,100.0,74.0,0.0,70.0,0.0,73.27,,,67.0,69.0,85.0,55.0,48.51,0.0
3898,2025-03-10 00:30:00,63.57,2.119999999999997,0.0,15.0,109.45,63.57,0.0,73.99,100.0,74.0,0.0,70.0,0.0,73.3,,,67.0,69.0,85.0,55.0,46.72999999999999,0.0
3899,2025-03-10 00:45:00,64.98,0.0,0.0,15.333333333333334,112.82,63.57,0.0,73.99,100.0,74.0,0.0,70.0,0.0,73.25666666666666,,,67.0,69.0,85.0,55.0,46.73,0.0
3900,2025-03-10 01:00:00,64.27666666666666,2.119999999999997,0.0,14.833333333333334,111.54666666666668,63.57,0.0,73.99,100.0,74.0,0.0,70.0,0.0,73.36333333333333,,,67.0,69.0,85.0,55.0,47.53,0.0
3901,2025-03-10 01:15:00,64.27666666666666,2.119999999999997,0.0,16.0,109.78666666666668,63.57,0.0,73.99,100.0,74.0,0.0,70.0,0.0,73.27333333333333,,,67.0,69.0,85.0,55.0,49.52,0.0
3902,2025-03-10 01:30:00,66.39333333333333,4.229999999999997,0.0,15.5,112.89333333333332,63.57,0.0,73.99,100.0,74.0,0.0,70.0,0.0,73.28666666666668,,,67.0,69.0,85.0,55.0,47.66000000000001,0.0
3903,2025-03-10 01:45:00,63.57,0.0,0.0,15.666666666666666,113.13,63.57,0.0,73.99,100.0,74.0,0.0,70.0,0.0,73.38,,,67.0,69.0,85.0,55.0,48.650000000000006,0.0
3904,2025-03-10 02:00:00,64.27666666666666,0.0,0.0,16.666666666666668,112.94333333333331,63.57,0.0,73.99,100.0,74.0,0.0,70.0,0.0,73.43333333333334,,,67.0,69.0,85.0,55.0,48.64999999999999,0.0
3905,2025-03-10 02:15:00,62.86333333333334,0.0,0.0,17.0,112.74666666666668,63.57,0.0,73.99,100.0,74.0,0.0,70.0,0.0,73.49,,,67.0,69.0,85.0,55.0,48.72,0.0
3906,2025-03-10 02:30:00,64.98333333333333,2.119999999999997,0.0,17.333333333333332,112.59,63.57,0.0,73.99,100.0,74.0,0.0,70.0,0.0,73.52333333333333,,,67.0,69.0,85.0,55.0,48.69999999999999,0.0
3907,2025-03-10 02:45:00,63.57,-2.119999999999997,0.0,17.5,112.36,63.57,0.0,73.99,100.0,74.0,0.0,70.0,0.0,73.52333333333333,,,67.0,69.0,85.0,55.0,49.27,0.0
3908,2025-03-10 03:00:00,64.27666666666666,0.0,0.0,17.5,112.43666666666668,63.57,0.0,73.99,100.0,74.0,0.0,70.0,0.0,73.53,,,67.0,69.0,85.0,55.0,49.72,0.0
3909,2025-03-10 03:15:00,64.27666666666666,0.0,0.0,17.5,112.21999999999998,63.57,0.0,73.99,100.0,74.0,0.0,70.0,0.0,73.53,,,67.0,69.0,85.0,55.0,49.3,0.0
3910,2025-03-10 03:30:00,64.98333333333333,2.119999999999997,0.0,17.5,112.31333333333332,63.57,0.0,73.99,100.0,74.0,0.0,70.0,0.0,73.53,,,67.0,69.0,85.0,55.0,49.81,0.0
3911,2025-03-10 03:45:00,64.98333333333333,2.119999999999997,0.0,18.0,112.49666666666668,63.57,0.0,73.99,100.0,74.0,0.0,70.0,0.0,73.48333333333333,,,67.0,69.0,85.0,55.0,50.27,0.0
3912,2025-03-10 04:00:00,64.27666666666666,2.119999999999997,0.0,18.33333333333333,112.49333333333334,63.57,0.0,73.99,100.0,74.0,0.0,70.0,0.0,73.43333333333334,,,67.0,69.0,85.0,55.0,50.50999999999999,0.0
3913,2025-03-10 04:15:00,64.98333333333333,2.119999999999997,0.0,18.5,112.24,63.57,0.0,73.99,100.0,74.0,0.0,70.0,0.0,73.40333333333332,,,67.0,69.0,85.0,55.0,50.28,0.0
3914,2025-03-10 04:30:00,64.27666666666666,0.0,0.0,19.0,112.69333333333334,63.57,0.0,73.99,100.0,74.0,0.0,70.0,0.0,73.50333333333333,,,67.0,69.0,85.0,55.0,50.96000000000001,0.0
3915,2025-03-10 04:45:00,64.98333333333333,0.0,0.0,18.33333333333333,112.53,63.57,0.0,73.99,100.0,74.0,0.0,70.0,0.0,73.49666666666667,,,67.0,69.0,85.0,55.0,50.93999999999999,0.0
3916,2025-03-10 05:00:00,64.27666666666666,2.119999999999997,0.0,18.0,112.80333333333334,63.57,0.0,73.99,100.0,74.0,0.0,70.0,0.0,73.48666666666666,,,67.0,69.0,85.0,55.0,51.39000000000001,0.0
3917,2025-03-10 05:15:00,64.98,0.0,0.0,18.33333333333333,112.44333333333331,63.57,0.0,73.99,100.0,74.0,0.0,70.0,0.0,73.46,,,67.0,69.0,85.0,55.0,51.52,0.0
3918,2025-03-10 05:30:00,67.09666666666666,4.229999999999997,0.0,17.666666666666668,112.37,63.57,0.0,73.99,100.0,74.0,0.0,70.0,0.0,73.46666666666665,,,67.0,69.0,85.0,55.0,51.07000000000001,0.0
3919,2025-03-10 05:45:00,65.68666666666667,4.229999999999997,0.0,18.166666666666668,112.28666666666668,63.57,0.0,73.99,100.0,74.0,0.0,70.0,0.0,73.49666666666667,,,67.0,69.0,85.0,55.0,51.19,0.0
3920,2025-03-10 06:00:00,65.68666666666667,2.119999999999997,0.0,19.33333333333333,112.52666666666666,63.57,0.0,73.99,100.0,74.0,0.0,70.0,0.0,73.51,,,67.0,69.0,85.0,55.0,52.09,0.0
3921,2025-03-10 06:15:00,65.69,2.119999999999997,0.0,18.166666666666668,112.24,63.57,0.0,73.99,100.0,74.0,0.0,70.0,0.0,73.52333333333333,,,67.0,69.0,85.0,55.0,51.510000000000005,0.0
3922,2025-03-10 06:30:00,64.27666666666666,0.0,0.0,17.833333333333332,112.13666666666666,63.57,0.0,73.99,100.0,74.0,0.0,70.0,0.0,73.51666666666667,,,67.0,69.0,85.0,55.0,51.79,0.0
3923,2025-03-10 06:45:00,64.27666666666666,0.0,0.0,18.33333333333333,112.27666666666669,63.57,0.0,73.99,100.0,74.0,0.0,70.0,0.0,73.53,,,67.0,69.0,85.0,55.0,51.92,0.0
3924,2025-03-10 07:00:00,64.63,2.119999999999997,0.0,19.0,111.88,63.57,0.0,73.99,100.0,74.0,0.0,70.0,0.0,73.48,,,67.0,69.0,85.0,55.0,51.89,0.0
3925,2025-03-10 07:15:00,64.27666666666666,2.119999999999997,0.0,19.0,112.24333333333334,63.57,0.0,73.99,100.0,74.0,0.0,70.0,0.0,73.45,,,67.0,69.0,85.0,55.0,52.09,0.0
3926,2025-03-10 07:30:00,63.57,0.0,0.0,18.5,111.93333333333334,63.57,0.0,73.99,100.0,74.0,0.0,70.0,0.0,73.50333333333333,,,67.0,69.0,85.0,55.0,51.86,0.0
3927,2025-03-10 07:45:00,64.98333333333333,2.119999999999997,0.0,19.33333333333333,112.04,63.57,0.0,73.99,100.0,74.0,0.0,70.0,0.0,73.51,,,67.0,69.0,85.0,55.0,52.09,0.0
3928,2025-03-10 08:00:00,63.56666666666666,-2.119999999999997,0.0,18.83333333333333,111.35,63.57,0.0,73.99,100.0,74.0,0.0,70.0,0.0,73.51,,,67.0,69.0,85.0,55.0,52.63,0.0
3929,2025-03-10 08:15:00,63.57,0.0,0.0,16.166666666666668,109.94,63.57,0.0,73.99,100.0,74.0,0.0,70.0,0.0,73.35666666666667,,,67.0,69.0,85.0,55.0,50.36000000000001,0.0
3930,2025-03-10 08:30:00,63.57,0.0,0.0,17.0,110.27,63.57,0.0,73.99,100.0,74.0,0.0,70.0,0.0,73.08333333333333,,,67.0,69.0,85.0,55.0,51.08,0.0
3931,2025-03-10 08:45:00,64.27666666666666,0.0,0.0,16.5,109.95666666666666,63.57,0.0,73.99,100.0,74.0,0.0,70.0,0.0,72.89,,,67.0,69.0,85.0,55.0,50.71999999999999,0.0
3932,2025-03-10 09:00:00,65.69,2.119999999999997,0.0,16.0,109.64666666666666,63.57,0.0,73.99,100.0,74.0,0.0,70.0,0.0,72.77666666666667,,,67.0,69.0,85.0,55.0,50.72,0.0
3933,2025-03-10 09:15:00,64.27666666666666,2.119999999999997,0.0,16.666666666666668,109.37666666666668,63.57,0.0,73.99,100.0,74.0,0.0,70.0,0.0,72.71333333333332,,,67.0,69.0,85.0,55.0,50.15,0.0
3934,2025-03-10 09:30:00,63.57,-2.119999999999997,0.0,17.5,109.68666666666668,63.57,0.0,73.99,100.0,74.0,0.0,70.0,0.0,72.65333333333332,,,67.0,69.0,85.0,55.0,50.73,0.0
3935,2025-03-10 09:45:00,64.98333333333333,2.119999999999997,0.0,17.5,109.54333333333334,63.57,0.0,73.99,100.0,74.0,0.0,70.0,0.0,72.63,,,67.0,69.0,85.0,55.0,50.540000000000006,0.0
3936,2025-03-10 10:00:00,64.27666666666666,2.119999999999997,0.0,17.0,109.35,63.57,0.0,73.99,100.0,74.0,0.0,70.0,0.0,72.57333333333332,,,67.0,69.0,85.0,55.0,50.57,0.0
3937,2025-03-10 10:15:00,62.86333333333334,0.0,0.0,16.5,109.65666666666668,63.57,0.0,73.99,100.0,74.0,0.0,70.0,0.0,72.50666666666666,,,67.0,69.0,85.0,55.0,50.67,0.0
3938,2025-03-10 10:30:00,62.86333333333334,0.0,0.0,17.5,109.73,63.57,0.0,73.99,100.0,74.0,0.0,70.0,0.0,72.45,,,67.0,69.0,85.0,55.0,51.0,0.0
3939,2025-03-10 10:45:00,64.98333333333333,0.0,0.0,18.0,109.83,63.57,0.0,73.99,100.0,74.0,0.0,70.0,0.0,72.46666666666665,,,67.0,69.0,85.0,55.0,51.27,0.0
3940,2025-03-10 11:00:00,64.27666666666666,0.0,0.0,17.5,109.64666666666666,63.57,0.0,73.99,100.0,74.0,0.0,70.0,0.0,72.46,,,67.0,69.0,85.0,55.0,50.98,0.0
3941,2025-03-10 11:15:00,65.68666666666667,2.119999999999997,0.0,17.0,109.44333333333331,63.57,0.0,73.99,100.0,74.0,0.0,70.0,0.0,72.45333333333333,,,67.0,69.0,85.0,55.0,50.87,0.0
3942,2025-03-10 11:30:00,64.98333333333333,2.119999999999997,0.0,16.5,109.47666666666667,63.57,0.0,73.99,100.0,74.0,0.0,70.0,0.0,72.42,,,67.0,69.0,85.0,55.0,50.79,0.0
3943,2025-03-10 11:45:00,63.57,2.119999999999997,0.0,17.333333333333332,109.88666666666668,63.57,0.0,73.99,100.0,74.0,0.0,70.0,0.0,72.42,,,67.0,69.0,85.0,55.0,50.89000000000001,0.0
3944,2025-03-10 12:00:00,64.98333333333333,2.119999999999997,0.0,17.833333333333332,109.63333333333333,63.57,0.0,73.99,100.0,74.0,0.0,70.0,0.0,72.45666666666666,,,67.0,69.0,85.0,55.0,51.27,0.0
3945,2025-03-10 12:15:00,64.98333333333333,0.0,0.0,17.5,109.67,63.57,0.0,73.99,100.0,74.0,0.0,70.0,0.0,72.39999999999999,,,67.0,69.0,85.0,55.0,51.25999999999999,0.0
3946,2025-03-10 12:30:00,64.27666666666666,0.0,0.0,17.833333333333332,110.00666666666666,63.57,0.0,73.99,100.0,74.0,0.0,70.0,0.0,72.45666666666666,,,67.0,69.0,85.0,55.0,51.31,0.0
3947,2025-03-10 12:45:00,66.39333333333333,4.229999999999997,0.0,18.0,109.99666666666668,63.57,0.0,73.99,100.0,74.0,0.0,70.0,0.0,72.5,,,67.0,69.0,85.0,55.0,50.96,0.0
3948,2025-03-10 13:00:00,66.39333333333333,4.229999999999997,0.0,17.5,110.12,63.57,0.0,73.99,100.0,74.0,0.0,70.0,0.0,72.56,,,67.0,69.0,85.0,55.0,50.61999999999999,0.0
3949,2025-03-10 13:15:00,63.57,0.0,0.0,17.0,110.56,63.57,0.0,73.99,100.0,74.0,0.0,70.0,0.0,72.64666666666666,,,67.0,69.0,85.0,55.0,50.29999999999999,0.0
3950,2025-03-10 13:30:00,63.57,0.0,0.0,17.833333333333332,110.78666666666668,63.57,0.0,73.99,100.0,74.0,0.0,70.0,0.0,72.61,,,67.0,69.0,85.0,55.0,50.790000000000006,0.0
3951,2025-03-10 13:45:00,64.98333333333333,0.0,0.0,17.666666666666668,110.82666666666668,63.57,0.0,73.99,100.0,74.0,0.0,70.0,0.0,72.66,,,67.0,69.0,85.0,55.0,50.03,0.0
3952,2025-03-10 14:00:00,64.27333333333333,4.229999999999997,0.0,16.833333333333332,111.65,63.57,0.0,73.99,100.0,74.0,0.0,70.0,0.0,72.74,,,67.0,69.0,85.0,55.0,49.16,0.0
3953,2025-03-10 14:15:00,64.98333333333333,2.119999999999997,0.0,17.666666666666668,111.75666666666666,63.57,0.0,73.99,100.0,74.0,0.0,70.0,0.0,72.8,,,67.0,69.0,85.0,55.0,49.25,0.0
3954,2025-03-10 14:30:00,65.69,2.119999999999997,0.0,17.5,112.54333333333334,63.57,0.0,73.99,100.0,74.0,0.0,70.0,0.0,72.93333333333334,,,67.0,69.0,85.0,55.0,49.03,0.0
3955,2025-03-10 14:45:00,64.98333333333333,2.119999999999997,0.0,17.666666666666668,113.31666666666666,63.57,0.0,73.99,100.0,74.0,0.0,70.0,0.0,73.03666666666668,,,67.0,69.0,85.0,55.0,49.28000000000001,0.0
3956,2025-03-10 15:00:00,64.27666666666666,2.119999999999997,0.0,17.833333333333332,113.93,63.57,0.0,73.99,100.0,74.0,0.0,70.0,0.0,73.16000000000001,,,67.0,69.0,85.0,55.0,48.650000000000006,0.0
3957,2025-03-10 15:15:00,63.57,-2.119999999999997,0.0,18.0,114.55333333333331,63.57,0.0,73.99,100.0,74.0,0.0,70.0,0.0,73.32666666666667,,,67.0,69.0,85.0,55.0,48.44,0.0
3958,2025-03-10 15:30:00,64.27666666666666,2.119999999999997,0.0,18.0,115.23666666666668,63.57,0.0,73.99,100.0,74.0,0.0,70.0,0.0,73.56666666666666,,,67.0,69.0,85.0,55.0,48.13,0.0
3959,2025-03-10 15:45:00,64.27666666666666,0.0,0.0,18.166666666666668,109.72333333333334,63.57,0.0,73.99,100.0,74.0,0.0,70.0,0.0,73.75,,,67.0,69.0,85.0,55.0,50.5,0.0
3960,2025-03-10 16:00:00,64.27666666666666,-2.119999999999997,0.0,18.666666666666668,107.85333333333334,63.57,0.0,73.99,100.0,74.0,0.0,70.0,0.0,73.52666666666667,,,67.0,69.0,85.0,55.0,48.88,0.0
3961,2025-03-10 16:15:00,64.27666666666666,0.0,0.0,17.5,107.94666666666669,63.57,0.0,73.99,100.0,74.0,0.0,70.0,0.0,73.41333333333334,,,67.0,69.0,85.0,55.0,48.51,0.0
3962,2025-03-10 16:30:00,64.98333333333333,2.119999999999997,0.0,16.666666666666668,108.05333333333331,63.57,0.0,73.99,100.0,74.0,0.0,70.0,0.0,73.36333333333333,,,67.0,69.0,85.0,55.0,48.3,0.0
3963,2025-03-10 16:45:00,63.57,2.119999999999997,0.0,16.5,108.47666666666667,63.57,0.0,73.99,100.0,74.0,0.0,70.0,0.0,73.51666666666667,,,67.0,69.0,85.0,55.0,48.41,0.0
3964,2025-03-10 17:00:00,64.98333333333333,2.119999999999997,0.0,16.666666666666668,108.71666666666664,63.57,0.0,73.99,98.48666666666666,74.0,0.0,70.0,0.0,73.93333333333334,,,67.0,69.0,85.0,55.0,48.51,0.0
3965,2025-03-10 17:15:00,64.98,0.0,0.0,16.666666666666668,108.78000000000002,63.57,0.0,73.99,100.0,74.0,0.0,70.0,0.0,73.49333333333333,,,67.0,69.0,85.0,55.0,48.69,0.0
3966,2025-03-10 17:30:00,64.27666666666666,2.119999999999997,0.0,16.5,108.77666666666666,63.57,0.0,73.99,100.0,74.0,0.0,70.0,0.0,73.30333333333333,,,67.0,69.0,85.0,55.0,48.24,0.0
3967,2025-03-10 17:45:00,63.57,0.0,0.0,16.5,109.24333333333334,63.57,0.0,73.99,100.0,74.0,0.0,70.0,0.0,73.23333333333333,,,67.0,69.0,85.0,55.0,48.67,0.0
3968,2025-03-10 18:00:00,64.98333333333333,0.0,0.0,16.333333333333332,109.52666666666669,63.57,0.0,73.99,100.0,74.0,0.0,70.0,0.0,73.22,,,67.0,69.0,85.0,55.0,48.45,0.0
3969,2025-03-10 18:15:00,64.98333333333333,2.119999999999997,0.0,15.833333333333334,108.99333333333334,63.57,0.0,73.99,100.0,74.0,0.0,70.0,0.0,73.16666666666667,,,67.0,69.0,85.0,55.0,47.65,0.0
3970,2025-03-10 18:30:00,64.27666666666666,2.119999999999997,0.0,15.5,108.81666666666666,63.57,0.0,73.99,100.0,74.0,0.0,70.0,0.0,73.11,,,67.0,69.0,85.0,55.0,47.87,0.0
3971,2025-03-10 18:45:00,64.27666666666666,0.0,0.0,15.0,108.58,63.57,0.0,73.99,100.0,74.0,0.0,70.0,0.0,73.18333333333334,,,67.0,69.0,85.0,55.0,47.63999999999999,0.0
3972,2025-03-10 19:00:00,65.69,2.119999999999997,0.0,14.833333333333334,108.54666666666668,63.57,0.0,73.99,100.0,74.0,0.0,70.0,0.0,73.52,,,67.0,69.0,85.0,55.0,47.01,0.0
3973,2025-03-10 19:15:00,64.27666666666666,2.119999999999997,0.0,15.0,106.69333333333331,63.57,0.0,73.99,87.74333333333334,74.0,0.0,70.0,0.0,74.52666666666666,,,67.0,69.0,85.0,55.0,47.41,0.0
3974,2025-03-10 19:30:00,64.98333333333333,2.119999999999997,0.0,14.666666666666666,97.45,63.57,0.0,73.99,67.98,74.0,0.0,70.0,0.0,75.17666666666666,,,67.0,69.0,85.0,55.0,40.49,0.0
3975,2025-03-10 19:45:00,64.98333333333333,2.119999999999997,0.0,14.5,97.33333333333331,63.57,0.0,73.99,70.22333333333333,74.0,0.0,70.0,0.0,74.68666666666667,,,67.0,69.0,85.0,55.0,34.85999999999999,0.0
3976,2025-03-10 20:00:00,66.39333333333333,2.119999999999997,0.0,14.166666666666666,100.05666666666669,63.57,0.0,73.99,74.92333333333333,74.0,0.0,70.0,0.0,74.26333333333334,,,67.0,69.0,85.0,55.0,37.82,0.0
3977,2025-03-10 20:15:00,65.69,2.119999999999997,0.0,13.666666666666666,98.51,63.57,0.0,73.99,71.11,74.0,0.0,70.0,0.0,74.38333333333334,,,67.0,69.0,85.0,55.0,38.88000000000001,0.0
3978,2025-03-10 20:30:00,65.68666666666667,2.119999999999997,0.0,13.333333333333334,97.95,63.57,0.0,73.99,71.06,74.0,0.0,70.0,0.0,74.23333333333333,,,67.0,69.0,85.0,55.0,36.16,0.0
3979,2025-03-10 20:45:00,64.98333333333333,0.0,0.0,13.166666666666666,98.6,63.57,0.0,73.99,72.12333333333333,74.0,0.0,70.0,0.0,74.12,,,67.0,69.0,85.0,55.0,37.440000000000005,0.0
3980,2025-03-10 21:00:00,62.86333333333334,-2.119999999999997,0.0,13.0,97.42,63.57,0.0,73.99,69.45,74.0,0.0,70.0,0.0,74.19666666666667,,,67.0,69.0,85.0,55.0,36.86,0.0
3981,2025-03-10 21:15:00,65.69,,0.0,13.5,96.13333333333333,63.57,0.0,73.99,67.68333333333334,74.0,0.0,70.0,0.0,74.20666666666666,,,67.0,69.0,85.0,55.0,,
3982,2025-03-10 21:30:00,67.09666666666666,2.119999999999997,0.0,13.666666666666666,96.11333333333334,63.57,0.0,73.99,68.04666666666667,74.0,0.0,70.0,0.0,74.11333333333333,,,67.0,69.0,85.0,55.0,35.49,0.0
3983,2025-03-10 21:45:00,66.39333333333333,2.119999999999997,0.0,13.166666666666666,96.61666666666667,63.57,0.0,73.99,69.25333333333333,74.0,0.0,70.0,0.0,74.03,,,67.0,69.0,85.0,55.0,34.64,0.0
3984,2025-03-10 22:00:00,63.56999999999999,0.0,0.0,13.5,97.62333333333332,63.57,0.0,73.99,70.49,74.0,0.0,70.0,0.0,73.96,,,67.0,69.0,85.0,55.0,36.27000000000001,0.0
3985,2025-03-10 22:15:00,65.68666666666667,2.119999999999997,0.0,14.333333333333334,98.05333333333331,63.57,0.0,73.99,71.99666666666667,74.0,0.0,70.0,0.0,73.91,,,67.0,69.0,85.0,55.0,36.74999999999999,0.0
3986,2025-03-10 22:30:00,64.98333333333333,2.119999999999997,0.0,14.5,98.44333333333331,63.57,0.0,73.99,72.32333333333334,74.0,0.0,70.0,0.0,73.93333333333334,,,67.0,69.0,85.0,55.0,38.06,0.0
3987,2025-03-10 22:45:00,65.69,2.119999999999997,0.0,13.833333333333334,96.34333333333336,63.57,0.0,73.99,68.97333333333333,74.0,0.0,70.0,0.0,74.09333333333333,,,67.0,69.0,85.0,55.0,36.48,0.0
3988,2025-03-10 23:00:00,64.98333333333333,2.119999999999997,0.0,13.333333333333334,95.35666666666668,63.57,0.0,73.99,67.74333333333334,74.0,0.0,70.0,0.0,74.11333333333333,,,67.0,69.0,85.0,55.0,35.07,0.0
3989,2025-03-10 23:15:00,65.68666666666667,2.119999999999997,0.0,13.5,95.25,63.57,0.0,73.99,67.86,74.0,0.0,70.0,0.0,74.05666666666667,,,67.0,69.0,85.0,55.0,34.76,0.0
3990,2025-03-10 23:30:00,62.86333333333334,0.0,0.0,13.166666666666666,97.16333333333334,63.57,0.0,73.99,72.02333333333333,74.0,0.0,70.0,0.0,73.86666666666666,,,67.0,69.0,85.0,55.0,35.97,0.0
3991,2025-03-10 23:45:00,67.09666666666666,2.119999999999997,0.0,13.666666666666666,98.68666666666668,63.57,0.0,73.99,76.04,74.0,0.0,70.0,0.0,73.73,,,67.0,69.0,85.0,55.0,38.260000000000005,0.0
3992,2025-03-11 00:00:00,65.69,2.119999999999997,0.0,13.333333333333334,101.22666666666667,63.57,0.0,73.99,83.21,74.0,0.0,70.0,0.0,73.52,,,67.0,69.0,85.0,55.0,40.45,0.0
3993,2025-03-11 00:15:00,63.57,0.0,0.0,14.333333333333334,105.36,63.57,0.0,73.99,94.04,74.0,0.0,70.0,0.0,73.21333333333332,,,67.0,69.0,85.0,55.0,44.96,0.0
3994,2025-03-11 00:30:00,64.27666666666666,0.0,0.0,15.0,106.67,63.57,0.0,73.99,100.0,74.0,0.0,70.0,0.0,73.06333333333333,,,67.0,69.0,85.0,55.0,47.4,0.0
3995,2025-03-11 00:45:00,64.27666666666666,0.0,0.0,16.0,107.21333333333332,63.57,0.0,73.99,100.0,74.0,0.0,70.0,0.0,72.93666666666667,,,67.0,69.0,85.0,55.0,48.28000000000001,0.0
3996,2025-03-11 01:00:00,65.69,2.119999999999997,0.0,16.5,107.58333333333331,63.57,0.0,73.99,100.0,74.0,0.0,70.0,0.0,72.89333333333333,,,67.0,69.0,85.0,55.0,48.93000000000001,0.0
3997,2025-03-11 01:15:00,64.27666666666666,0.0,0.0,17.0,107.96,63.57,0.0,73.99,100.0,74.0,0.0,70.0,0.0,72.91,,,67.0,69.0,85.0,55.0,48.98,0.0
3998,2025-03-11 01:30:00,64.98333333333333,2.119999999999997,0.0,16.666666666666668,108.08,63.57,0.0,73.99,100.0,74.0,0.0,70.0,0.0,72.91666666666667,,,67.0,69.0,85.0,55.0,49.52,0.0
3999,2025-03-11 01:45:00,63.57,0.0,0.0,17.333333333333332,108.08,63.57,0.0,73.99,100.0,74.0,0.0,70.0,0.0,72.93,,,67.0,69.0,85.0,55.0,49.35,0.0
4000,2025-03-11 02:00:00,64.27666666666666,0.0,0.0,17.5,108.33666666666666,63.57,0.0,73.99,100.0,74.0,0.0,70.0,0.0,72.92333333333333,,,67.0,69.0,85.0,55.0,49.41,0.0
4001,2025-03-11 02:15:00,64.98333333333333,2.119999999999997,0.0,17.333333333333332,108.25333333333332,63.57,0.0,73.99,100.0,74.0,0.0,70.0,0.0,72.89999999999999,,,67.0,69.0,85.0,55.0,49.99,0.0
4002,2025-03-11 02:30:00,63.57,2.119999999999997,0.0,16.666666666666668,108.68,63.57,0.0,73.99,100.0,74.0,0.0,70.0,0.0,72.87666666666667,,,67.0,69.0,85.0,55.0,49.91,0.0
4003,2025-03-11 02:45:00,64.27666666666666,-2.119999999999997,0.0,17.333333333333332,108.99666666666668,63.57,0.0,73.99,100.0,74.0,0.0,70.0,0.0,72.80333333333334,,,67.0,69.0,85.0,55.0,50.58,0.0
4004,2025-03-11 03:00:00,66.39333333333333,2.119999999999997,0.0,17.833333333333332,108.94333333333331,63.57,0.0,73.99,100.0,74.0,0.0,70.0,0.0,72.81,,,67.0,69.0,85.0,55.0,50.62,0.0
4005,2025-03-11 03:15:00,64.27666666666666,2.119999999999997,0.0,17.166666666666668,108.64333333333332,63.57,0.0,73.99,100.0,74.0,0.0,70.0,0.0,72.81,,,67.0,69.0,85.0,55.0,50.57,0.0
4006,2025-03-11 03:30:00,64.98,0.0,0.0,17.166666666666668,113.23333333333336,63.57,0.0,73.99,100.0,74.0,0.0,70.0,0.0,72.94333333333334,,,67.0,69.0,85.0,55.0,50.41,0.0
4007,2025-03-11 03:45:00,63.57,2.119999999999997,0.0,16.666666666666668,110.06666666666666,63.57,0.0,73.99,100.0,74.0,0.0,70.0,0.0,73.12333333333333,,,67.0,69.0,85.0,55.0,51.38,0.0
4008,2025-03-11 04:00:00,64.27666666666666,2.119999999999997,0.0,17.5,108.4,63.57,0.0,73.99,100.0,74.0,0.0,70.0,0.0,73.06,,,67.0,69.0,85.0,55.0,50.52,0.0
4009,2025-03-11 04:15:00,63.57,-2.119999999999997,0.0,17.333333333333332,112.09666666666664,63.57,0.0,73.99,100.0,74.0,0.0,70.0,0.0,73.00333333333333,,,67.0,69.0,85.0,55.0,50.62,0.0
4010,2025-03-11 04:30:00,64.27666666666666,2.119999999999997,0.0,16.5,110.91333333333334,63.57,0.0,73.99,100.0,74.0,0.0,70.0,0.0,73.25,,,67.0,69.0,85.0,55.0,48.73,0.0
4011,2025-03-11 04:45:00,65.69,2.119999999999997,0.0,17.0,113.37666666666668,63.57,0.0,73.99,100.0,74.0,0.0,70.0,0.0,73.28,,,67.0,69.0,85.0,55.0,48.6,0.0
4012,2025-03-11 05:00:00,64.27666666666666,2.119999999999997,0.0,15.833333333333334,113.94666666666669,63.57,0.0,73.99,100.0,74.0,0.0,70.0,0.0,73.45333333333333,,,67.0,69.0,85.0,55.0,49.57000000000001,0.0
4013,2025-03-11 05:15:00,62.156666666666666,-2.119999999999997,0.0,16.5,114.19333333333331,63.57,0.0,73.99,100.0,74.0,0.0,70.0,0.0,73.59333333333333,,,67.0,69.0,85.0,55.0,50.08,0.0
4014,2025-03-11 05:30:00,65.69,2.119999999999997,0.0,17.5,114.64,63.57,0.0,73.99,100.0,74.0,0.0,70.0,0.0,73.67,,,67.0,69.0,85.0,55.0,49.49000000000001,0.0
4015,2025-03-11 05:45:00,64.27666666666666,0.0,0.0,17.333333333333332,112.64666666666666,63.57,0.0,73.99,100.0,74.0,0.0,70.0,0.0,73.74333333333334,,,67.0,69.0,85.0,55.0,48.91999999999999,0.0
4016,2025-03-11 06:00:00,63.56999999999999,-4.240000000000002,0.0,18.33333333333333,112.24666666666668,63.57,0.0,73.99,100.0,74.0,0.0,70.0,0.0,73.58,,,67.0,69.0,85.0,55.0,50.62,0.0
4017,2025-03-11 06:15:00,62.86333333333334,2.119999999999997,0.0,17.5,110.57,63.57,0.0,73.99,100.0,74.0,0.0,70.0,0.0,73.61,,,67.0,69.0,85.0,55.0,48.42999999999999,0.0
4018,2025-03-11 06:30:00,65.68666666666667,4.229999999999997,0.0,17.5,112.93333333333334,63.57,0.0,73.99,100.0,74.0,0.0,70.0,0.0,73.54666666666667,,,67.0,69.0,85.0,55.0,48.38,0.0
4019,2025-03-11 06:45:00,62.86333333333334,-2.119999999999997,0.0,18.166666666666668,110.69666666666669,63.57,0.0,73.99,100.0,74.0,0.0,70.0,0.0,73.51333333333334,,,67.0,69.0,85.0,55.0,51.18000000000001,0.0
4020,2025-03-11 07:00:00,64.98,4.229999999999997,0.0,17.166666666666668,112.37333333333332,63.57,0.0,73.99,100.0,74.0,0.0,70.0,0.0,73.52666666666667,,,67.0,69.0,85.0,55.0,49.0,0.0
4021,2025-03-11 07:15:00,62.86333333333334,0.0,0.0,18.33333333333333,112.93333333333332,63.57,0.0,73.99,100.0,74.0,0.0,70.0,0.0,73.45333333333333,,,67.0,69.0,85.0,55.0,51.64999999999999,0.0
4022,2025-03-11 07:30:00,64.27666666666666,0.0,0.0,18.5,111.65333333333336,63.57,0.0,73.99,100.0,74.0,0.0,70.0,0.0,73.54,,,67.0,69.0,85.0,55.0,49.5,0.0
4023,2025-03-11 07:45:00,64.98333333333333,2.119999999999997,0.0,18.33333333333333,114.37333333333332,63.57,0.0,73.99,100.0,74.0,0.0,70.0,0.0,73.46,,,67.0,69.0,85.0,55.0,49.66,0.0
4024,2025-03-11 08:00:00,65.68666666666667,0.0,0.0,18.666666666666668,112.34333333333332,63.57,0.0,73.99,100.0,74.0,0.0,70.0,0.0,73.49333333333334,,,67.0,69.0,85.0,55.0,53.29,0.0
4025,2025-03-11 08:15:00,65.68666666666667,4.229999999999997,0.0,18.5,114.32666666666668,63.57,0.0,73.99,100.0,74.0,0.0,70.0,0.0,73.48,,,67.0,69.0,85.0,55.0,49.99000000000001,0.0
4026,2025-03-11 08:30:00,65.69,2.119999999999997,0.0,19.5,113.33666666666666,63.57,0.0,73.99,100.0,74.0,0.0,70.0,0.0,73.44666666666667,,,67.0,69.0,85.0,55.0,52.71,0.0
4027,2025-03-11 08:45:00,64.98,0.0,0.0,18.33333333333333,112.31333333333332,63.57,0.0,73.99,100.0,74.0,0.0,70.0,0.0,73.52666666666667,,,67.0,69.0,85.0,55.0,49.91999999999999,0.0
4028,2025-03-11 09:00:00,64.98333333333333,0.0,0.0,18.33333333333333,114.17,63.57,0.0,73.99,100.0,74.0,0.0,70.0,0.0,73.48,,,67.0,69.0,85.0,55.0,50.44,0.0
4029,2025-03-11 09:15:00,64.27666666666666,2.119999999999997,0.0,18.5,111.44,63.57,0.0,73.99,100.0,74.0,0.0,70.0,0.0,73.55666666666667,,,67.0,69.0,85.0,55.0,50.35,0.0
4030,2025-03-11 09:30:00,65.68666666666667,4.229999999999997,0.0,17.166666666666668,113.19,63.57,0.0,73.99,100.0,74.0,0.0,70.0,0.0,73.50666666666666,,,67.0,69.0,85.0,55.0,48.45,0.0
4031,2025-03-11 09:45:00,65.68666666666667,0.0,0.0,18.666666666666668,111.83666666666666,63.57,0.0,73.99,100.0,74.0,0.0,70.0,0.0,73.53333333333335,,,67.0,69.0,85.0,55.0,51.9,0.0
4032,2025-03-11 10:00:00,64.27666666666666,0.0,0.0,17.166666666666668,114.18,63.57,0.0,73.99,100.0,74.0,0.0,70.0,0.0,73.57333333333334,,,67.0,69.0,85.0,55.0,49.620000000000005,0.0
4033,2025-03-11 10:15:00,62.86333333333334,0.0,0.0,16.5,113.29333333333334,63.57,0.0,73.99,100.0,74.0,0.0,70.0,0.0,73.66333333333334,,,67.0,69.0,85.0,55.0,49.370000000000005,0.0
4034,2025-03-11 10:30:00,64.98333333333333,2.119999999999997,0.0,16.5,113.30666666666669,63.57,0.0,73.99,100.0,74.0,0.0,70.0,0.0,73.67666666666666,,,67.0,69.0,85.0,55.0,49.27000000000001,0.0
4035,2025-03-11 10:45:00,64.27666666666666,2.119999999999997,0.0,17.666666666666668,114.32,63.57,0.0,73.99,100.0,74.0,0.0,70.0,0.0,73.76333333333334,,,67.0,69.0,85.0,55.0,49.21000000000001,0.0
4036,2025-03-11 11:00:00,64.98333333333333,0.0,0.0,18.83333333333333,110.40333333333336,63.57,0.0,73.99,100.0,74.0,0.0,70.0,0.0,73.75333333333333,,,67.0,69.0,85.0,55.0,48.21,0.0
4037,2025-03-11 11:15:00,64.98333333333333,2.119999999999997,0.0,18.33333333333333,113.87666666666668,63.57,0.0,73.99,100.0,74.0,0.0,70.0,0.0,73.60666666666667,,,67.0,69.0,85.0,55.0,47.75,0.0
4038,2025-03-11 11:30:00,64.27666666666666,2.119999999999997,0.0,18.666666666666668,110.63666666666666,63.57,0.0,73.99,100.0,74.0,0.0,70.0,0.0,73.63,,,67.0,69.0,85.0,55.0,49.41,0.0
4039,2025-03-11 11:45:00,67.10000000000001,8.470000000000006,0.0,18.33333333333333,113.27333333333333,63.57,0.0,73.99,100.0,74.0,0.0,70.0,0.0,73.55333333333334,,,67.0,69.0,85.0,55.0,49.02000000000001,0.0
4040,2025-03-11 12:00:00,63.57,0.0,0.0,17.5,113.71666666666664,63.57,0.0,73.99,100.0,74.0,0.0,70.0,0.0,73.66333333333334,,,67.0,69.0,85.0,55.0,50.05,0.0
4041,2025-03-11 12:15:00,62.156666666666666,0.0,0.0,17.0,113.75,63.57,0.0,73.99,100.0,74.0,0.0,70.0,0.0,73.67,,,67.0,69.0,85.0,55.0,49.81,0.0
4042,2025-03-11 12:30:00,64.98333333333333,2.119999999999997,0.0,16.833333333333332,113.17666666666666,63.57,0.0,73.99,100.0,74.0,0.0,70.0,0.0,73.68333333333334,,,67.0,69.0,85.0,55.0,49.08,0.0
4043,2025-03-11 12:45:00,62.86333333333334,0.0,0.0,17.166666666666668,114.47666666666667,63.57,0.0,73.99,100.0,74.0,0.0,70.0,0.0,73.72,,,67.0,69.0,85.0,55.0,49.46000000000001,0.0
4044,2025-03-11 13:00:00,64.27666666666666,-2.119999999999997,0.0,19.33333333333333,110.84,63.57,0.0,73.99,100.0,74.0,0.0,70.0,0.0,73.80333333333333,,,67.0,69.0,85.0,55.0,48.510000000000005,0.0
4045,2025-03-11 13:15:00,64.27666666666666,0.0,0.0,18.666666666666668,114.00666666666666,63.57,0.0,73.99,100.0,74.0,0.0,70.0,0.0,73.58666666666666,,,67.0,69.0,85.0,55.0,48.92,0.0
4046,2025-03-11 13:30:00,64.27666666666666,-2.119999999999997,0.0,19.83333333333333,110.75333333333332,63.57,0.0,73.99,100.0,74.0,0.0,70.0,0.0,73.61666666666667,,,67.0,69.0,85.0,55.0,51.47,0.0
4047,2025-03-11 13:45:00,64.98333333333333,2.119999999999997,0.0,18.166666666666668,112.25,63.57,0.0,73.99,100.0,74.0,0.0,70.0,0.0,73.63,,,67.0,69.0,85.0,55.0,48.34,0.0
4048,2025-03-11 14:00:00,64.27666666666666,0.0,0.0,20.33333333333333,109.06333333333332,63.57,0.0,73.99,100.0,74.0,0.0,70.0,0.0,73.47,,,67.0,69.0,85.0,55.0,50.63999999999999,0.0
4049,2025-03-11 14:15:00,64.98333333333333,0.0,0.0,19.5,109.18333333333334,63.57,0.0,73.99,100.0,74.0,0.0,70.0,0.0,73.27666666666666,,,67.0,69.0,85.0,55.0,50.44,0.0
4050,2025-03-11 14:30:00,65.68666666666667,4.229999999999997,0.0,18.83333333333333,109.36666666666667,63.57,0.0,73.99,100.0,74.0,0.0,70.0,0.0,73.14666666666666,,,67.0,69.0,85.0,55.0,50.23,0.0
4051,2025-03-11 14:45:00,64.27666666666666,2.119999999999997,0.0,18.5,109.47333333333331,63.57,0.0,73.99,100.0,74.0,0.0,70.0,0.0,73.00333333333333,,,67.0,69.0,85.0,55.0,50.2,0.0
4052,2025-03-11 15:00:00,65.68333333333334,4.229999999999997,0.0,18.0,109.78,63.57,0.0,73.99,100.0,74.0,0.0,70.0,0.0,72.95,,,67.0,69.0,85.0,55.0,50.35999999999999,0.0
4053,2025-03-11 15:15:00,62.86333333333334,-2.119999999999997,0.0,17.833333333333332,110.33,63.57,0.0,73.99,100.0,74.0,0.0,70.0,0.0,72.95,,,67.0,69.0,85.0,55.0,49.64000000000001,0.0
4054,2025-03-11 15:30:00,66.39333333333333,2.119999999999997,0.0,18.166666666666668,110.13,63.57,0.0,73.99,100.0,74.0,0.0,70.0,0.0,72.97,,,67.0,69.0,85.0,55.0,49.7,0.0
4055,2025-03-11 15:45:00,63.57,0.0,0.0,17.166666666666668,110.05,63.57,0.0,73.99,100.0,74.0,0.0,70.0,0.0,72.96333333333332,,,67.0,69.0,85.0,55.0,48.94,0.0
4056,2025-03-11 16:00:00,64.27666666666666,2.119999999999997,0.0,16.833333333333332,110.14333333333332,63.57,0.0,73.99,100.0,74.0,0.0,70.0,0.0,72.99333333333334,,,67.0,69.0,85.0,55.0,48.650000000000006,0.0
4057,2025-03-11 16:15:00,65.68666666666667,4.229999999999997,0.0,16.833333333333332,109.48666666666666,63.57,0.0,73.99,100.0,74.0,0.0,70.0,0.0,73.09666666666668,,,67.0,69.0,85.0,55.0,48.74,0.0
4058,2025-03-11 16:30:00,64.98,4.229999999999997,0.0,16.666666666666668,109.63333333333333,63.57,0.0,73.99,100.0,74.0,0.0,70.0,0.0,73.18333333333334,,,67.0,69.0,85.0,55.0,48.01,0.0
4059,2025-03-11 16:45:00,63.57,-2.119999999999997,0.0,17.333333333333332,110.28666666666668,63.57,0.0,73.99,100.0,74.0,0.0,70.0,0.0,73.25,,,67.0,69.0,85.0,55.0,48.580000000000005,0.0
4060,2025-03-11 17:00:00,64.98,4.229999999999997,0.0,16.666666666666668,109.85,63.57,0.0,73.99,100.0,74.0,0.0,70.0,0.0,73.25666666666666,,,67.0,69.0,85.0,55.0,48.1,0.0
4061,2025-03-11 17:15:00,64.98333333333333,2.119999999999997,0.0,16.0,110.14,63.57,0.0,73.99,100.0,74.0,0.0,70.0,0.0,73.28666666666668,,,67.0,69.0,85.0,55.0,47.53,0.0
4062,2025-03-11 17:30:00,63.56999999999999,0.0,0.0,17.5,110.35,63.57,0.0,73.99,100.0,74.0,0.0,70.0,0.0,73.62666666666667,,,67.0,69.0,85.0,55.0,48.09,0.0
4063,2025-03-11 17:45:00,64.27666666666666,0.0,0.0,17.5,110.39666666666666,63.57,0.0,73.99,99.04333333333334,74.0,0.0,70.0,0.0,73.98333333333333,,,67.0,69.0,85.0,55.0,47.98,0.0
4064,2025-03-11 18:00:00,64.98333333333333,2.119999999999997,0.0,16.666666666666668,110.42,63.57,0.0,73.99,96.07666666666668,74.0,0.0,70.0,0.0,74.14,,,67.0,69.0,85.0,55.0,47.66,0.0
4065,2025-03-11 18:15:00,64.27666666666666,-2.119999999999997,0.0,16.166666666666668,110.13666666666666,63.57,0.0,73.99,99.46999999999998,74.0,0.0,70.0,0.0,73.91666666666667,,,67.0,69.0,85.0,55.0,47.31,0.0
4066,2025-03-11 18:30:00,64.98333333333333,0.0,0.0,15.5,109.98,63.57,0.0,73.99,100.0,74.0,0.0,70.0,0.0,73.85000000000001,,,67.0,69.0,85.0,55.0,46.88,0.0
4067,2025-03-11 18:45:00,64.98,0.0,0.0,15.333333333333334,110.09666666666664,63.57,0.0,73.99,100.0,74.0,0.0,70.0,0.0,73.82333333333334,,,67.0,69.0,85.0,55.0,46.72,0.0
4068,2025-03-11 19:00:00,65.68666666666667,0.0,0.0,15.166666666666666,109.94666666666666,63.57,0.0,73.99,100.0,74.0,0.0,70.0,0.0,73.81666666666666,,,67.0,69.0,85.0,55.0,46.5,0.0
4069,2025-03-11 19:15:00,64.98333333333333,,0.0,15.5,110.16333333333334,63.57,0.0,73.99,100.0,74.0,0.0,70.0,0.0,73.86,,,67.0,69.0,85.0,55.0,,
4070,2025-03-11 19:30:00,65.69,2.119999999999997,0.0,14.333333333333334,109.85666666666668,63.57,0.0,73.99,100.0,74.0,0.0,70.0,0.0,73.96,,,67.0,69.0,85.0,55.0,46.22,0.0
4071,2025-03-11 19:45:00,64.98333333333333,0.0,0.0,13.833333333333334,109.43,63.57,0.0,73.99,99.21,74.0,0.0,70.0,0.0,74.02,,,67.0,69.0,85.0,55.0,46.0,0.0
4072,2025-03-11 20:00:00,63.57,0.0,0.0,13.666666666666666,109.51,63.57,0.0,73.99,96.95666666666666,74.0,0.0,70.0,0.0,74.10666666666667,,,67.0,69.0,85.0,55.0,46.08,0.0
4073,2025-03-11 20:15:00,62.86333333333334,-2.119999999999997,0.0,13.833333333333334,109.54333333333334,63.57,0.0,73.99,92.90333333333332,74.0,0.0,70.0,0.0,74.25,,,67.0,69.0,85.0,55.0,46.07,0.0
4074,2025-03-11 20:30:00,65.68666666666667,0.0,0.0,15.166666666666666,108.25666666666666,63.57,0.0,73.99,88.35666666666667,74.0,0.0,70.0,0.0,74.34,,,67.0,69.0,85.0,55.0,45.56999999999999,0.0
4075,2025-03-11 20:45:00,62.86333333333334,-4.240000000000002,0.0,16.0,107.07333333333334,63.57,0.0,73.99,85.45,74.0,0.0,70.0,0.0,74.36666666666667,,,67.0,69.0,85.0,55.0,43.77,0.0
4076,2025-03-11 21:00:00,64.27666666666666,0.0,0.0,16.166666666666668,105.77666666666666,63.57,0.0,73.99,81.87333333333333,74.0,0.0,70.0,0.0,74.40333333333332,,,67.0,69.0,85.0,55.0,42.690000000000005,0.0
4077,2025-03-11 21:15:00,64.27666666666666,2.119999999999997,0.0,16.5,104.50333333333332,63.57,0.0,73.99,78.42666666666668,74.0,0.0,70.0,0.0,74.41666666666667,,,67.0,69.0,85.0,55.0,40.900000000000006,0.0
4078,2025-03-11 21:30:00,64.98333333333333,0.0,0.0,16.666666666666668,103.01666666666668,63.57,0.0,73.99,75.31333333333333,74.0,0.0,70.0,0.0,74.41,,,67.0,69.0,85.0,55.0,40.04,0.0
4079,2025-03-11 21:45:00,63.57,0.0,0.0,16.833333333333332,101.23333333333332,63.57,0.0,73.99,70.86333333333333,74.0,0.0,70.0,0.0,74.48333333333333,,,67.0,69.0,85.0,55.0,38.25,0.0
4080,2025-03-11 22:00:00,64.27666666666666,0.0,0.0,17.333333333333332,98.78000000000002,63.57,0.0,73.99,66.77333333333333,74.0,0.0,70.0,0.0,74.49333333333334,,,67.0,69.0,85.0,55.0,36.0,0.0
4081,2025-03-11 22:15:00,64.27666666666666,0.0,0.0,17.5,96.86,63.57,0.0,73.99,63.653333333333336,74.0,0.0,70.0,0.0,74.47666666666667,,,67.0,69.0,85.0,55.0,33.559999999999995,0.0
4082,2025-03-11 22:30:00,64.98333333333333,0.0,0.0,17.5,94.10666666666668,63.57,0.0,73.99,59.56333333333333,74.0,0.0,70.0,0.0,74.49666666666667,,,67.0,69.0,85.0,55.0,32.540000000000006,0.0
4083,2025-03-11 22:45:00,64.98333333333333,2.119999999999997,0.0,17.0,90.79333333333334,63.57,0.0,73.99,54.70333333333334,74.0,0.0,70.0,0.0,74.54,,,67.0,69.0,85.0,55.0,29.14,0.0
4084,2025-03-11 23:00:00,64.27666666666666,2.119999999999997,0.0,17.0,86.53333333333335,63.57,0.0,73.99,48.583333333333336,74.0,0.0,70.0,0.0,74.62333333333333,,,67.0,69.0,85.0,55.0,25.46,0.0
4085,2025-03-11 23:15:00,64.98333333333333,2.119999999999997,0.0,16.666666666666668,83.25,63.57,0.0,73.99,45.23333333333333,74.0,0.0,70.0,0.0,74.54666666666667,,,67.0,69.0,85.0,55.0,21.3,0.0
4086,2025-03-11 23:30:00,65.68666666666667,2.119999999999997,0.0,16.0,82.11999999999999,63.57,0.0,73.99,44.17,74.0,0.0,70.0,0.0,74.41000000000001,,,67.0,69.0,85.0,55.0,19.359999999999992,0.0
4087,2025-03-11 23:45:00,63.57,0.0,0.0,15.833333333333334,83.31666666666666,63.57,0.0,73.99,47.406666666666666,74.0,0.0,70.0,0.0,74.14999999999999,,,67.0,69.0,85.0,55.0,20.440000000000005,0.0
4088,2025-03-12 00:00:00,65.69,2.119999999999997,0.0,15.5,86.97666666666667,63.57,0.0,73.99,52.71666666666667,74.0,0.0,70.0,0.0,73.86666666666666,,,67.0,69.0,85.0,55.0,24.01,0.0
4089,2025-03-12 00:15:00,65.68666666666667,2.119999999999997,0.0,15.166666666666666,90.92,63.57,0.0,73.99,59.370000000000005,74.0,0.0,70.0,0.0,73.64666666666666,,,67.0,69.0,85.0,55.0,28.47000000000001,0.0
4090,2025-03-12 00:30:00,65.69,2.119999999999997,0.0,14.666666666666666,94.79,63.57,0.0,73.99,66.68666666666667,74.0,0.0,70.0,0.0,73.42333333333333,,,67.0,69.0,85.0,55.0,32.790000000000006,0.0
4091,2025-03-12 00:45:00,64.27666666666666,0.0,0.0,14.333333333333334,99.73,63.57,0.0,73.99,75.65666666666667,74.0,0.0,70.0,0.0,73.21333333333332,,,67.0,69.0,85.0,55.0,38.59,0.0
4092,2025-03-12 01:00:00,63.57,0.0,0.0,14.333333333333334,103.90666666666668,63.57,0.0,73.99,84.11333333333333,74.0,0.0,70.0,0.0,73.12333333333333,,,67.0,69.0,85.0,55.0,42.220000000000006,0.0
4093,2025-03-12 01:15:00,64.27666666666666,-2.119999999999997,0.0,16.0,107.74666666666668,63.57,0.0,73.99,93.00666666666666,74.0,0.0,70.0,0.0,73.01,,,67.0,69.0,85.0,55.0,47.18,0.0
4094,2025-03-12 01:30:00,64.98333333333333,2.119999999999997,0.0,16.666666666666668,109.39666666666666,63.57,0.0,73.99,99.76333333333334,74.0,0.0,70.0,0.0,72.95666666666666,,,67.0,69.0,85.0,55.0,49.45,0.0
4095,2025-03-12 01:45:00,65.68666666666667,2.119999999999997,0.0,17.0,109.41666666666669,63.57,0.0,73.99,100.0,74.0,0.0,70.0,0.0,73.00333333333333,,,67.0,69.0,85.0,55.0,49.39,0.0
4096,2025-03-12 02:00:00,64.98333333333333,0.0,0.0,17.333333333333332,109.46666666666664,63.57,0.0,73.99,100.0,74.0,0.0,70.0,0.0,72.94333333333334,,,67.0,69.0,85.0,55.0,49.65,0.0
4097,2025-03-12 02:15:00,64.27666666666666,0.0,0.0,16.666666666666668,108.96333333333332,63.57,0.0,73.99,100.0,74.0,0.0,70.0,0.0,72.94333333333334,,,67.0,69.0,85.0,55.0,49.61,0.0
4098,2025-03-12 02:30:00,64.98,2.119999999999997,0.0,16.666666666666668,108.92333333333332,63.57,0.0,73.99,100.0,74.0,0.0,70.0,0.0,72.95,,,67.0,69.0,85.0,55.0,49.35,0.0
4099,2025-03-12 02:45:00,64.27333333333333,4.229999999999997,0.0,17.5,109.08333333333331,63.57,0.0,73.99,100.0,74.0,0.0,70.0,0.0,73.04,,,67.0,69.0,85.0,55.0,49.4,0.0
4100,2025-03-12 03:00:00,65.69,2.119999999999997,0.0,17.666666666666668,109.16333333333334,63.57,0.0,73.99,100.0,74.0,0.0,70.0,0.0,72.97666666666667,,,67.0,69.0,85.0,55.0,50.23,0.0
4101,2025-03-12 03:15:00,64.98333333333333,0.0,0.0,16.833333333333332,109.26666666666668,63.57,0.0,73.99,100.0,74.0,0.0,70.0,0.0,72.95,,,67.0,69.0,85.0,55.0,50.4,0.0
4102,2025-03-12 03:30:00,65.69,2.119999999999997,0.0,16.666666666666668,109.18666666666668,63.57,0.0,73.99,100.0,74.0,0.0,70.0,0.0,72.97666666666667,,,67.0,69.0,85.0,55.0,50.6,0.0
4103,2025-03-12 03:45:00,64.98333333333333,0.0,0.0,17.333333333333332,109.33,63.57,0.0,73.99,100.0,74.0,0.0,70.0,0.0,72.96333333333332,,,67.0,69.0,85.0,55.0,50.75,0.0
4104,2025-03-12 04:00:00,64.98333333333333,0.0,0.0,17.166666666666668,110.41333333333334,63.57,0.0,73.99,100.0,74.0,0.0,70.0,0.0,72.95,,,67.0,69.0,85.0,55.0,50.64,0.0
4105,2025-03-12 04:15:00,64.98,2.119999999999997,0.0,17.166666666666668,113.03333333333336,63.57,0.0,73.99,100.0,74.0,0.0,70.0,0.0,73.04,,,67.0,69.0,85.0,55.0,48.860000000000014,0.0
4106,2025-03-12 04:30:00,66.39333333333333,2.119999999999997,0.0,18.166666666666668,109.03666666666668,63.57,0.0,73.99,100.0,74.0,0.0,70.0,0.0,73.09,,,67.0,69.0,85.0,55.0,51.03000000000001,0.0
4107,2025-03-12 04:45:00,66.39333333333333,2.119999999999997,0.0,18.0,113.14333333333332,63.57,0.0,73.99,100.0,74.0,0.0,70.0,0.0,73.06666666666666,,,67.0,69.0,85.0,55.0,50.6,0.0
4108,2025-03-12 05:00:00,62.86333333333334,0.0,0.0,17.166666666666668,110.07333333333334,63.57,0.0,73.99,100.0,74.0,0.0,70.0,0.0,73.20333333333333,,,67.0,69.0,85.0,55.0,52.260000000000005,0.0
4109,2025-03-12 05:15:00,66.39,4.229999999999997,0.0,16.833333333333332,113.40000000000002,63.57,0.0,73.99,100.0,74.0,0.0,70.0,0.0,73.23666666666666,,,67.0,69.0,85.0,55.0,48.47,0.0
4110,2025-03-12 05:30:00,64.98,0.0,0.0,17.833333333333332,109.86666666666667,63.57,0.0,73.99,100.0,74.0,0.0,70.0,0.0,73.31,,,67.0,69.0,85.0,55.0,51.370000000000005,0.0
4111,2025-03-12 05:45:00,66.39333333333333,2.119999999999997,0.0,17.0,113.33666666666666,63.57,0.0,73.99,100.0,74.0,0.0,70.0,0.0,73.28666666666668,,,67.0,69.0,85.0,55.0,48.33999999999999,0.0
4112,2025-03-12 06:00:00,64.98,0.0,0.0,18.0,110.9,63.57,0.0,73.99,100.0,74.0,0.0,70.0,0.0,73.35333333333334,,,67.0,69.0,85.0,55.0,51.24000000000001,0.0
4113,2025-03-12 06:15:00,64.27666666666666,2.119999999999997,0.0,16.5,111.79333333333334,63.57,0.0,73.99,100.0,74.0,0.0,70.0,0.0,73.36666666666666,,,67.0,69.0,85.0,55.0,48.71,0.0
4114,2025-03-12 06:30:00,64.27666666666666,2.119999999999997,0.0,17.666666666666668,112.44666666666669,63.57,0.0,73.99,100.0,74.0,0.0,70.0,0.0,73.32333333333334,,,67.0,69.0,85.0,55.0,51.11000000000001,0.0
4115,2025-03-12 06:45:00,64.27666666666666,0.0,0.0,16.333333333333332,110.94666666666669,63.57,0.0,73.99,100.0,74.0,0.0,70.0,0.0,73.45333333333333,,,67.0,69.0,85.0,55.0,48.93000000000001,0.0
4116,2025-03-12 07:00:00,66.39333333333333,2.119999999999997,0.0,17.0,114.29666666666668,63.57,0.0,73.99,100.0,74.0,0.0,70.0,0.0,73.45,,,67.0,69.0,85.0,55.0,46.900000000000006,0.0
4117,2025-03-12 07:15:00,64.27666666666666,0.0,0.0,17.166666666666668,110.86333333333334,63.57,0.0,73.99,100.0,74.0,0.0,70.0,0.0,73.53666666666668,,,67.0,69.0,85.0,55.0,51.510000000000005,0.0
4118,2025-03-12 07:30:00,66.39333333333333,2.119999999999997,0.0,16.5,113.30666666666669,63.57,0.0,73.99,100.0,74.0,0.0,70.0,0.0,73.54333333333334,,,67.0,69.0,85.0,55.0,48.47,0.0
4119,2025-03-12 07:45:00,65.68666666666667,2.119999999999997,0.0,16.833333333333332,110.99,63.57,0.0,73.99,100.0,74.0,0.0,70.0,0.0,73.53666666666668,,,67.0,69.0,85.0,55.0,50.85,0.0
4120,2025-03-12 08:00:00,65.68666666666667,4.229999999999997,0.0,15.833333333333334,112.80666666666669,63.57,0.0,73.99,100.0,74.0,0.0,70.0,0.0,73.55333333333333,,,67.0,69.0,85.0,55.0,48.88000000000001,0.0
4121,2025-03-12 08:15:00,64.98333333333333,0.0,0.0,17.5,111.92666666666666,63.57,0.0,73.99,100.0,74.0,0.0,70.0,0.0,73.51333333333334,,,67.0,69.0,85.0,55.0,50.99,0.0
4122,2025-03-12 08:30:00,64.27666666666666,2.119999999999997,0.0,16.333333333333332,112.1,63.57,0.0,73.99,100.0,74.0,0.0,70.0,0.0,73.61666666666667,,,67.0,69.0,85.0,55.0,48.96,0.0
4123,2025-03-12 08:45:00,64.98,-2.119999999999997,0.0,17.5,112.57333333333334,63.57,0.0,73.99,100.0,74.0,0.0,70.0,0.0,73.53666666666668,,,67.0,69.0,85.0,55.0,51.13,0.0
4124,2025-03-12 09:00:00,63.57,2.119999999999997,0.0,16.833333333333332,111.21,63.57,0.0,73.99,100.0,74.0,0.0,70.0,0.0,73.59666666666668,,,67.0,69.0,85.0,55.0,48.78999999999999,0.0
4125,2025-03-12 09:15:00,64.27666666666666,2.119999999999997,0.0,17.0,114.77,63.57,0.0,73.99,100.0,74.0,0.0,70.0,0.0,73.54,,,67.0,69.0,85.0,55.0,48.17,0.0
4126,2025-03-12 09:30:00,64.98333333333333,2.119999999999997,0.0,16.833333333333332,110.51333333333334,63.57,0.0,73.99,100.0,74.0,0.0,70.0,0.0,73.62333333333333,,,67.0,69.0,85.0,55.0,50.41,0.0
4127,2025-03-12 09:45:00,64.98333333333333,2.119999999999997,0.0,17.0,115.02,63.57,0.0,73.99,100.0,74.0,0.0,70.0,0.0,73.57000000000001,,,67.0,69.0,85.0,55.0,48.53999999999999,0.0
4128,2025-03-12 10:00:00,62.156666666666666,2.119999999999997,0.0,17.166666666666668,110.63,63.57,0.0,73.99,100.0,74.0,0.0,70.0,0.0,73.63,,,67.0,69.0,85.0,55.0,52.69,0.0
4129,2025-03-12 10:15:00,64.98,4.229999999999997,0.0,16.833333333333332,113.27,63.57,0.0,73.99,100.0,74.0,0.0,70.0,0.0,73.60000000000001,,,67.0,69.0,85.0,55.0,47.510000000000005,0.0
4130,2025-03-12 10:30:00,64.27666666666666,2.119999999999997,0.0,17.333333333333332,109.67333333333332,63.57,0.0,73.99,100.0,74.0,0.0,70.0,0.0,73.61,,,67.0,69.0,85.0,55.0,50.62,0.0
4131,2025-03-12 10:45:00,64.27333333333333,0.0,0.0,16.5,112.93666666666668,63.57,0.0,73.99,100.0,74.0,0.0,70.0,0.0,73.63,,,67.0,69.0,85.0,55.0,48.13000000000001,0.0
4132,2025-03-12 11:00:00,64.98333333333333,2.119999999999997,0.0,17.333333333333332,110.72333333333334,63.57,0.0,73.99,100.0,74.0,0.0,70.0,0.0,73.58,,,67.0,69.0,85.0,55.0,51.11000000000001,0.0
4133,2025-03-12 11:15:00,65.68666666666667,2.119999999999997,0.0,16.166666666666668,112.75333333333332,63.57,0.0,73.99,100.0,74.0,0.0,70.0,0.0,73.62666666666667,,,67.0,69.0,85.0,55.0,48.45,0.0
4134,2025-03-12 11:30:00,62.86333333333334,-2.119999999999997,0.0,17.5,112.03333333333336,63.57,0.0,73.99,100.0,74.0,0.0,70.0,0.0,73.60333333333334,,,67.0,69.0,85.0,55.0,51.07000000000001,0.0
4135,2025-03-12 11:45:00,62.86333333333334,0.0,0.0,16.5,110.90000000000002,63.57,0.0,73.99,100.0,74.0,0.0,70.0,0.0,73.68333333333334,,,67.0,69.0,85.0,55.0,48.760000000000005,0.0
4136,2025-03-12 12:00:00,63.56666666666666,-4.240000000000002,0.0,17.5,111.46333333333332,63.57,0.0,73.99,100.0,74.0,0.0,70.0,0.0,73.59333333333333,,,67.0,69.0,85.0,55.0,50.09,0.0
4137,2025-03-12 12:15:00,63.57,0.0,0.0,17.333333333333332,108.67333333333332,63.57,0.0,73.99,100.0,74.0,0.0,70.0,0.0,73.59333333333333,,,67.0,69.0,85.0,55.0,50.2,0.0
4138,2025-03-12 12:30:00,66.39333333333333,2.119999999999997,0.0,17.666666666666668,108.10666666666668,63.57,0.0,73.99,100.0,74.0,0.0,70.0,0.0,73.38333333333333,,,67.0,69.0,85.0,55.0,49.870000000000005,0.0
4139,2025-03-12 12:45:00,64.98333333333333,2.119999999999997,0.0,16.666666666666668,108.43333333333334,63.57,0.0,73.99,100.0,74.0,0.0,70.0,0.0,73.35333333333334,,,67.0,69.0,85.0,55.0,49.66,0.0
4140,2025-03-12 13:00:00,64.98333333333333,2.119999999999997,0.0,16.666666666666668,108.54,63.57,0.0,73.99,100.0,74.0,0.0,70.0,0.0,73.35333333333334,,,67.0,69.0,85.0,55.0,50.18000000000001,0.0
4141,2025-03-12 13:15:00,64.98333333333333,0.0,0.0,16.5,108.27666666666669,63.57,0.0,73.99,100.0,74.0,0.0,70.0,0.0,73.48,,,67.0,69.0,85.0,55.0,49.49000000000001,0.0
4142,2025-03-12 13:30:00,65.69,2.119999999999997,0.0,16.5,108.95,63.57,0.0,73.99,100.0,74.0,0.0,70.0,0.0,73.54666666666667,,,67.0,69.0,85.0,55.0,49.58,0.0
4143,2025-03-12 13:45:00,64.27666666666666,0.0,0.0,16.5,109.0,63.57,0.0,73.99,100.0,74.0,0.0,70.0,0.0,73.73666666666666,,,67.0,69.0,85.0,55.0,49.00000000000001,0.0
4144,2025-03-12 14:00:00,64.98333333333333,0.0,0.0,16.5,108.36333333333334,63.57,0.0,73.99,89.99666666666667,74.0,0.0,70.0,0.0,74.41666666666667,,,67.0,69.0,85.0,55.0,49.190000000000005,0.0
4145,2025-03-12 14:15:00,64.27666666666666,2.119999999999997,0.0,16.333333333333332,102.4,63.57,0.0,73.99,73.48333333333333,74.0,0.0,70.0,0.0,74.97333333333334,,,67.0,69.0,85.0,55.0,45.0,0.0
4146,2025-03-12 14:30:00,63.57,0.0,0.0,16.5,96.84666666666668,63.57,0.0,73.99,66.55666666666667,74.0,0.0,70.0,0.0,74.91666666666667,,,67.0,69.0,85.0,55.0,36.35000000000001,0.0
4147,2025-03-12 14:45:00,65.69,2.119999999999997,0.0,16.333333333333332,101.82333333333334,63.57,0.0,73.99,76.72666666666667,74.0,0.0,70.0,0.0,74.23666666666666,,,67.0,69.0,85.0,55.0,38.39,0.0
4148,2025-03-12 15:00:00,64.27666666666666,2.119999999999997,0.0,16.0,106.07333333333334,63.57,0.0,73.99,84.01333333333334,74.0,0.0,70.0,0.0,73.84333333333332,,,67.0,69.0,85.0,55.0,43.6,0.0
4149,2025-03-12 15:15:00,63.57,0.0,0.0,16.166666666666668,108.68666666666668,63.57,0.0,73.99,88.85666666666667,74.0,0.0,70.0,0.0,73.70666666666666,,,67.0,69.0,85.0,55.0,46.10999999999999,0.0
4150,2025-03-12 15:30:00,64.27666666666666,0.0,0.0,15.833333333333334,109.74666666666668,63.57,0.0,73.99,92.01333333333332,74.0,0.0,70.0,0.0,73.65666666666667,,,67.0,69.0,85.0,55.0,47.120000000000005,0.0
4151,2025-03-12 15:45:00,64.27666666666666,0.0,0.0,15.666666666666666,110.73333333333332,63.57,0.0,73.99,95.48,74.0,0.0,70.0,0.0,73.62,,,67.0,69.0,85.0,55.0,47.98,0.0
4152,2025-03-12 16:00:00,64.27666666666666,0.0,0.0,15.833333333333334,110.72666666666667,63.57,0.0,73.99,97.59333333333332,74.0,0.0,70.0,0.0,73.64999999999999,,,67.0,69.0,85.0,55.0,48.25,0.0
4153,2025-03-12 16:15:00,64.98333333333333,2.119999999999997,0.0,15.5,110.91333333333334,63.57,0.0,73.99,99.47666666666667,74.0,0.0,70.0,0.0,73.67,,,67.0,69.0,85.0,55.0,47.56999999999999,0.0
4154,2025-03-12 16:30:00,64.27666666666666,0.0,0.0,15.5,110.94666666666669,63.57,0.0,73.99,100.0,74.0,0.0,70.0,0.0,73.67666666666666,,,67.0,69.0,85.0,55.0,47.64,0.0
4155,2025-03-12 16:45:00,62.86333333333334,0.0,0.0,15.5,111.09333333333332,63.57,0.0,73.99,100.0,74.0,0.0,70.0,0.0,73.65666666666668,,,67.0,69.0,85.0,55.0,47.07,0.0
4156,2025-03-12 17:00:00,63.57,0.0,0.0,16.833333333333332,110.89333333333332,63.57,0.0,73.99,100.0,74.0,0.0,70.0,0.0,73.66333333333334,,,67.0,69.0,85.0,55.0,48.16,0.0
4157,2025-03-12 17:15:00,66.39333333333333,2.119999999999997,0.0,17.0,110.77,63.57,0.0,73.99,99.20666666666666,74.0,0.0,70.0,0.0,73.85000000000001,,,67.0,69.0,85.0,55.0,47.54999999999999,0.0
4158,2025-03-12 17:30:00,64.98,2.119999999999997,0.0,15.5,107.99333333333334,63.57,0.0,73.99,85.08,74.0,0.0,70.0,0.0,74.65333333333332,,,67.0,69.0,85.0,55.0,46.7,0.0
4159,2025-03-12 17:45:00,64.27666666666666,0.0,0.0,15.166666666666666,103.39333333333332,63.57,0.0,73.99,75.74666666666667,74.0,0.0,70.0,0.0,74.78666666666668,,,67.0,69.0,85.0,55.0,40.1,0.0
4160,2025-03-12 18:00:00,64.98333333333333,2.119999999999997,0.0,15.0,104.71999999999998,63.57,0.0,73.99,78.45,74.0,0.0,70.0,0.0,74.42,,,67.0,69.0,85.0,55.0,41.27,0.0
4161,2025-03-12 18:15:00,64.27666666666666,0.0,0.0,15.0,99.43333333333334,63.57,0.0,73.99,67.34,74.0,0.0,70.0,0.0,74.78333333333335,,,67.0,69.0,85.0,55.0,39.27,0.0
4162,2025-03-12 18:30:00,64.27666666666666,0.0,0.0,14.833333333333334,95.33666666666666,63.57,0.0,73.99,69.42666666666666,74.0,0.0,70.0,0.0,74.41000000000001,,,67.0,69.0,85.0,55.0,32.52,0.0
4163,2025-03-12 18:45:00,62.86333333333334,-2.119999999999997,0.0,16.5,97.02,63.57,0.0,73.99,78.35666666666667,74.0,0.0,70.0,0.0,73.89333333333333,,,67.0,69.0,85.0,55.0,40.53,0.0
4164,2025-03-12 19:00:00,64.27666666666666,2.119999999999997,0.0,16.5,101.38666666666668,63.57,0.0,73.99,90.28333333333336,74.0,0.0,70.0,0.0,73.43666666666667,,,67.0,69.0,85.0,55.0,44.55,0.0
4165,2025-03-12 19:15:00,65.68666666666667,2.119999999999997,0.0,16.5,103.35666666666668,63.57,0.0,73.99,97.95666666666666,74.0,0.0,70.0,0.0,73.25666666666666,,,67.0,69.0,85.0,55.0,48.92,0.0
4166,2025-03-12 19:30:00,64.98333333333333,2.119999999999997,0.0,15.666666666666666,103.28,63.57,0.0,73.99,100.0,74.0,0.0,70.0,0.0,73.06666666666666,,,67.0,69.0,85.0,55.0,49.26,0.0
4167,2025-03-12 19:45:00,64.98333333333333,0.0,0.0,15.0,103.48333333333332,63.57,0.0,73.99,100.0,74.0,0.0,70.0,0.0,72.95,,,67.0,69.0,85.0,55.0,49.07999999999999,0.0
4168,2025-03-12 20:00:00,63.57,0.0,0.0,14.666666666666666,103.57333333333332,63.57,0.0,73.99,100.0,74.0,0.0,70.0,0.0,72.94333333333334,,,67.0,69.0,85.0,55.0,49.17999999999999,0.0
4169,2025-03-12 20:15:00,64.27666666666666,2.119999999999997,0.0,14.5,103.46,63.57,0.0,73.99,100.0,74.0,0.0,70.0,0.0,73.03666666666668,,,67.0,69.0,85.0,55.0,48.88,0.0
4170,2025-03-12 20:30:00,64.27666666666666,0.0,0.0,14.5,103.43,63.57,0.0,73.99,100.0,74.0,0.0,70.0,0.0,73.09,,,67.0,69.0,85.0,55.0,49.17,0.0
4171,2025-03-12 20:45:00,65.69,2.119999999999997,0.0,14.333333333333334,105.94666666666669,63.57,0.0,73.99,100.0,74.0,0.0,70.0,0.0,73.13333333333334,,,67.0,69.0,85.0,55.0,48.89,0.0
4172,2025-03-12 21:00:00,65.69,2.119999999999997,0.0,13.333333333333334,109.99333333333334,63.57,0.0,73.99,100.0,74.0,0.0,70.0,0.0,73.38333333333333,,,67.0,69.0,85.0,55.0,46.93,0.0
4173,2025-03-12 21:15:00,64.98333333333333,2.119999999999997,0.0,13.0,110.01,63.57,0.0,73.99,100.0,74.0,0.0,70.0,0.0,73.64333333333333,,,67.0,69.0,85.0,55.0,46.82000000000001,0.0
4174,2025-03-12 21:30:00,64.27666666666666,0.0,0.0,13.5,110.21333333333332,63.57,0.0,73.99,100.0,74.0,0.0,70.0,0.0,73.86333333333333,,,67.0,69.0,85.0,55.0,46.86,0.0
4175,2025-03-12 21:45:00,64.27666666666666,2.119999999999997,0.0,14.833333333333334,110.25333333333332,63.57,0.0,73.99,98.46,74.0,0.0,70.0,0.0,74.05333333333333,,,67.0,69.0,85.0,55.0,47.05,0.0
4176,2025-03-12 22:00:00,64.98333333333333,2.119999999999997,0.0,15.0,109.85,63.57,0.0,73.99,95.63666666666666,74.0,0.0,70.0,0.0,74.16333333333334,,,67.0,69.0,85.0,55.0,46.68,0.0
4177,2025-03-12 22:15:00,64.98333333333333,0.0,0.0,15.166666666666666,108.99,63.57,0.0,73.99,91.80666666666666,74.0,0.0,70.0,0.0,74.27,,,67.0,69.0,85.0,55.0,46.39000000000001,0.0
4178,2025-03-12 22:30:00,64.98333333333333,0.0,0.0,15.0,107.31666666666666,63.57,0.0,73.99,87.84333333333332,74.0,0.0,70.0,0.0,74.36666666666667,,,67.0,69.0,85.0,55.0,44.96000000000001,0.0
4179,2025-03-12 22:45:00,64.98333333333333,2.119999999999997,0.0,15.333333333333334,106.13666666666668,63.57,0.0,73.99,84.68,74.0,0.0,70.0,0.0,74.36,,,67.0,69.0,85.0,55.0,43.64,0.0
4180,2025-03-12 23:00:00,63.56999999999999,0.0,0.0,15.333333333333334,105.0,63.57,0.0,73.99,82.29,74.0,0.0,70.0,0.0,74.33666666666666,,,67.0,69.0,85.0,55.0,42.98,0.0
4181,2025-03-12 23:15:00,64.98333333333333,0.0,0.0,15.5,104.30666666666669,63.57,0.0,73.99,81.80666666666667,74.0,0.0,70.0,0.0,74.22000000000001,,,67.0,69.0,85.0,55.0,42.16,0.0
4182,2025-03-12 23:30:00,65.68666666666667,2.119999999999997,0.0,15.0,104.45666666666666,63.57,0.0,73.99,83.19,74.0,0.0,70.0,0.0,74.11333333333333,,,67.0,69.0,85.0,55.0,42.54,0.0
4183,2025-03-12 23:45:00,64.98333333333333,0.0,0.0,14.0,104.75666666666666,63.57,0.0,73.99,84.54333333333334,74.0,0.0,70.0,0.0,74.01333333333334,,,67.0,69.0,85.0,55.0,42.48,0.0
4184,2025-03-13 00:00:00,65.69,2.119999999999997,0.0,13.666666666666666,106.14,63.57,0.0,73.99,88.90333333333332,74.0,0.0,70.0,0.0,73.81666666666666,,,67.0,69.0,85.0,55.0,43.99,0.0
4185,2025-03-13 00:15:00,65.69,2.119999999999997,0.0,13.5,107.24666666666668,63.57,0.0,73.99,95.21666666666664,74.0,0.0,70.0,0.0,73.61,,,67.0,69.0,85.0,55.0,46.42,0.0
4186,2025-03-13 00:30:00,66.39333333333333,4.229999999999997,0.0,13.5,107.23333333333332,63.57,0.0,73.99,99.74,74.0,0.0,70.0,0.0,73.40666666666665,,,67.0,69.0,85.0,55.0,47.2,0.0
4187,2025-03-13 00:45:00,62.86333333333334,-4.240000000000002,0.0,14.166666666666666,107.28666666666668,63.57,0.0,73.99,100.0,74.0,0.0,70.0,0.0,73.17666666666666,,,67.0,69.0,85.0,55.0,48.21,0.0
4188,2025-03-13 01:00:00,63.57,0.0,0.0,15.333333333333334,107.68333333333334,63.57,0.0,73.99,100.0,74.0,0.0,70.0,0.0,73.03333333333335,,,67.0,69.0,85.0,55.0,48.14000000000001,0.0
4189,2025-03-13 01:15:00,64.98,4.229999999999997,0.0,15.833333333333334,107.27666666666669,63.57,0.0,73.99,100.0,74.0,0.0,70.0,0.0,72.85333333333334,,,67.0,69.0,85.0,55.0,47.96000000000001,0.0
4190,2025-03-13 01:30:00,63.57,0.0,0.0,16.333333333333332,107.6,63.57,0.0,73.99,100.0,74.0,0.0,70.0,0.0,72.84333333333333,,,67.0,69.0,85.0,55.0,49.31999999999999,0.0
4191,2025-03-13 01:45:00,64.27666666666666,2.119999999999997,0.0,16.0,107.66666666666669,63.57,0.0,73.99,100.0,74.0,0.0,70.0,0.0,72.92333333333333,,,67.0,69.0,85.0,55.0,48.38,0.0
4192,2025-03-13 02:00:00,63.56999999999999,0.0,0.0,16.166666666666668,108.31,63.57,0.0,73.99,100.0,74.0,0.0,70.0,0.0,72.89333333333333,,,67.0,69.0,85.0,55.0,48.95,0.0
4193,2025-03-13 02:15:00,64.27666666666666,0.0,0.0,17.0,108.47,63.57,0.0,73.99,100.0,74.0,0.0,70.0,0.0,72.93,,,67.0,69.0,85.0,55.0,49.59,0.0
4194,2025-03-13 02:30:00,64.27666666666666,2.119999999999997,0.0,17.333333333333332,108.62,63.57,0.0,73.99,100.0,74.0,0.0,70.0,0.0,72.98666666666666,,,67.0,69.0,85.0,55.0,49.67,0.0
4195,2025-03-13 02:45:00,64.98,0.0,0.0,17.666666666666668,108.94333333333331,63.57,0.0,73.99,100.0,74.0,0.0,70.0,0.0,72.94333333333334,,,67.0,69.0,85.0,55.0,50.16,0.0
4196,2025-03-13 03:00:00,62.86333333333334,0.0,0.0,17.833333333333332,109.09666666666668,63.57,0.0,73.99,100.0,74.0,0.0,70.0,0.0,72.95,,,67.0,69.0,85.0,55.0,50.080000000000005,0.0
4197,2025-03-13 03:15:00,64.98333333333333,0.0,0.0,17.5,109.23333333333332,63.57,0.0,73.99,100.0,74.0,0.0,70.0,0.0,72.95,,,67.0,69.0,85.0,55.0,50.67,0.0
4198,2025-03-13 03:30:00,64.27666666666666,0.0,0.0,17.166666666666668,108.98333333333332,63.57,0.0,73.99,100.0,74.0,0.0,70.0,0.0,72.98666666666666,,,67.0,69.0,85.0,55.0,50.65,0.0
4199,2025-03-13 03:45:00,65.68666666666667,2.119999999999997,0.0,17.0,109.20333333333332,63.57,0.0,73.99,100.0,74.0,0.0,70.0,0.0,73.01666666666667,,,67.0,69.0,85.0,55.0,50.52,0.0
4200,2025-03-13 04:00:00,64.27666666666666,0.0,0.0,16.333333333333332,108.59666666666668,63.57,0.0,73.99,100.0,74.0,0.0,70.0,0.0,73.01666666666667,,,67.0,69.0,85.0,55.0,50.1,0.0
4201,2025-03-13 04:15:00,63.57,2.119999999999997,0.0,17.0,108.86,63.57,0.0,73.99,100.0,74.0,0.0,70.0,0.0,72.94333333333334,,,67.0,69.0,85.0,55.0,50.46000000000001,0.0
4202,2025-03-13 04:30:00,64.27666666666666,0.0,0.0,17.333333333333332,108.54666666666668,63.57,0.0,73.99,100.0,74.0,0.0,70.0,0.0,72.89,,,67.0,69.0,85.0,55.0,50.70000000000001,0.0
4203,2025-03-13 04:45:00,64.98,0.0,0.0,16.333333333333332,108.46,63.57,0.0,73.99,100.0,74.0,0.0,70.0,0.0,72.91333333333334,,,67.0,69.0,85.0,55.0,50.16,0.0
4204,2025-03-13 05:00:00,64.98,0.0,0.0,16.833333333333332,108.67666666666666,63.57,0.0,73.99,100.0,74.0,0.0,70.0,0.0,72.91333333333334,,,67.0,69.0,85.0,55.0,50.88,0.0
4205,2025-03-13 05:15:00,65.69,2.119999999999997,0.0,16.666666666666668,108.50333333333332,63.57,0.0,73.99,100.0,74.0,0.0,70.0,0.0,72.90333333333334,,,67.0,69.0,85.0,55.0,50.64,0.0
4206,2025-03-13 05:30:00,62.156666666666666,-2.119999999999997,0.0,17.333333333333332,110.68333333333334,63.57,0.0,73.99,100.0,74.0,0.0,70.0,0.0,72.86666666666667,,,67.0,69.0,85.0,55.0,50.95,0.0
4207,2025-03-13 05:45:00,64.98333333333333,2.119999999999997,0.0,16.666666666666668,112.31666666666666,63.57,0.0,73.99,100.0,74.0,0.0,70.0,0.0,73.04333333333334,,,67.0,69.0,85.0,55.0,48.5,0.0
4208,2025-03-13 06:00:00,64.27666666666666,0.0,0.0,17.666666666666668,109.1,63.57,0.0,73.99,100.0,74.0,0.0,70.0,0.0,73.03333333333335,,,67.0,69.0,85.0,55.0,50.8,0.0
4209,2025-03-13 06:15:00,63.56666666666666,-2.119999999999997,0.0,16.333333333333332,113.16333333333334,63.57,0.0,73.99,100.0,74.0,0.0,70.0,0.0,73.09333333333333,,,67.0,69.0,85.0,55.0,47.94,0.0
4210,2025-03-13 06:30:00,64.27666666666666,-2.119999999999997,0.0,17.166666666666668,110.52333333333333,63.57,0.0,73.99,100.0,74.0,0.0,70.0,0.0,73.19,,,67.0,69.0,85.0,55.0,51.31,0.0
4211,2025-03-13 06:45:00,64.98333333333333,2.119999999999997,0.0,16.333333333333332,112.34666666666668,63.57,0.0,73.99,100.0,74.0,0.0,70.0,0.0,73.3,,,67.0,69.0,85.0,55.0,48.42,0.0
4212,2025-03-13 07:00:00,64.27666666666666,2.119999999999997,0.0,17.833333333333332,111.08,63.57,0.0,73.99,100.0,74.0,0.0,70.0,0.0,73.27,,,67.0,69.0,85.0,55.0,51.03000000000001,0.0
4213,2025-03-13 07:15:00,62.86333333333334,-2.119999999999997,0.0,16.5,111.40666666666668,63.57,0.0,73.99,100.0,74.0,0.0,70.0,0.0,73.33,,,67.0,69.0,85.0,55.0,48.010000000000005,0.0
4214,2025-03-13 07:30:00,65.69,2.119999999999997,0.0,18.0,109.20333333333332,63.57,0.0,73.99,100.0,74.0,0.0,70.0,0.0,73.22666666666667,,,67.0,69.0,85.0,55.0,50.74,0.0
4215,2025-03-13 07:45:00,67.09666666666666,4.229999999999997,0.0,16.666666666666668,112.85666666666668,63.57,0.0,73.99,100.0,74.0,0.0,70.0,0.0,73.33,,,67.0,69.0,85.0,55.0,47.81,0.0
4216,2025-03-13 08:00:00,64.27666666666666,0.0,0.0,16.5,110.48666666666668,63.57,0.0,73.99,100.0,74.0,0.0,70.0,0.0,73.40333333333332,,,67.0,69.0,85.0,55.0,50.68000000000001,0.0
4217,2025-03-13 08:15:00,63.57,2.119999999999997,0.0,16.5,111.29333333333334,63.57,0.0,73.99,100.0,74.0,0.0,70.0,0.0,73.40333333333332,,,67.0,69.0,85.0,55.0,48.00999999999999,0.0
4218,2025-03-13 08:30:00,63.57,-2.119999999999997,0.0,17.166666666666668,112.75333333333332,63.57,0.0,73.99,100.0,74.0,0.0,70.0,0.0,73.36999999999999,,,67.0,69.0,85.0,55.0,51.18,0.0
4219,2025-03-13 08:45:00,64.27666666666666,2.119999999999997,0.0,17.0,110.67666666666666,63.57,0.0,73.99,100.0,74.0,0.0,70.0,0.0,73.42999999999999,,,67.0,69.0,85.0,55.0,50.33,0.0
4220,2025-03-13 09:00:00,64.98333333333333,0.0,0.0,16.333333333333332,112.81333333333332,63.57,0.0,73.99,100.0,74.0,0.0,70.0,0.0,73.37333333333333,,,67.0,69.0,85.0,55.0,48.08,0.0
4221,2025-03-13 09:15:00,62.86333333333334,-2.119999999999997,0.0,16.833333333333332,111.84333333333332,63.57,0.0,73.99,100.0,74.0,0.0,70.0,0.0,73.37,,,67.0,69.0,85.0,55.0,50.870000000000005,0.0
4222,2025-03-13 09:30:00,65.69,2.119999999999997,0.0,16.333333333333332,110.78666666666668,63.57,0.0,73.99,100.0,74.0,0.0,70.0,0.0,73.45,,,67.0,69.0,85.0,55.0,48.8,0.0
4223,2025-03-13 09:45:00,63.57,-2.119999999999997,0.0,17.166666666666668,112.31666666666668,63.57,0.0,73.99,100.0,74.0,0.0,70.0,0.0,73.42333333333333,,,67.0,69.0,85.0,55.0,49.98,0.0
4224,2025-03-13 10:00:00,64.27666666666666,0.0,0.0,17.166666666666668,109.84333333333332,63.57,0.0,73.99,100.0,74.0,0.0,70.0,0.0,73.46,,,67.0,69.0,85.0,55.0,50.99,0.0
4225,2025-03-13 10:15:00,64.98333333333333,0.0,0.0,16.833333333333332,111.80666666666669,63.57,0.0,73.99,100.0,74.0,0.0,70.0,0.0,73.46,,,67.0,69.0,85.0,55.0,47.5,0.0
4226,2025-03-13 10:30:00,64.98333333333333,2.119999999999997,0.0,17.166666666666668,110.32333333333334,63.57,0.0,73.99,100.0,74.0,0.0,70.0,0.0,73.41,,,67.0,69.0,85.0,55.0,49.93,0.0
4227,2025-03-13 10:45:00,63.56999999999999,0.0,0.0,16.166666666666668,111.23333333333332,63.57,0.0,73.99,100.0,74.0,0.0,70.0,0.0,73.46666666666665,,,67.0,69.0,85.0,55.0,48.150000000000006,0.0
4228,2025-03-13 11:00:00,64.98,-2.119999999999997,0.0,17.666666666666668,112.47666666666667,63.57,0.0,73.99,100.0,74.0,0.0,70.0,0.0,73.37666666666667,,,67.0,69.0,85.0,55.0,50.74,0.0
4229,2025-03-13 11:15:00,64.27666666666666,2.119999999999997,0.0,17.0,110.07666666666668,63.57,0.0,73.99,100.0,74.0,0.0,70.0,0.0,73.47333333333334,,,67.0,69.0,85.0,55.0,50.52,0.0
4230,2025-03-13 11:30:00,64.27666666666666,0.0,0.0,18.166666666666668,108.52333333333333,63.57,0.0,73.99,100.0,74.0,0.0,70.0,0.0,73.33999999999999,,,67.0,69.0,85.0,55.0,50.34,0.0
4231,2025-03-13 11:45:00,64.98,4.229999999999997,0.0,17.166666666666668,109.72333333333334,63.57,0.0,73.99,100.0,74.0,0.0,70.0,0.0,73.21333333333332,,,67.0,69.0,85.0,55.0,49.94,0.0
4232,2025-03-13 12:00:00,64.98,0.0,0.0,16.666666666666668,112.07666666666668,63.57,0.0,73.99,100.0,74.0,0.0,70.0,0.0,73.35333333333334,,,67.0,69.0,85.0,55.0,48.370000000000005,0.0
4233,2025-03-13 12:15:00,64.27666666666666,0.0,0.0,17.5,112.24,63.57,0.0,73.99,100.0,74.0,0.0,70.0,0.0,73.36999999999999,,,67.0,69.0,85.0,55.0,51.08,0.0
4234,2025-03-13 12:30:00,64.98333333333333,2.119999999999997,0.0,16.666666666666668,110.78000000000002,63.57,0.0,73.99,100.0,74.0,0.0,70.0,0.0,73.43666666666667,,,67.0,69.0,85.0,55.0,48.73,0.0
4235,2025-03-13 12:45:00,65.68666666666667,0.0,0.0,17.0,112.93,63.57,0.0,73.99,100.0,74.0,0.0,70.0,0.0,73.43666666666667,,,67.0,69.0,85.0,55.0,47.91,0.0
4236,2025-03-13 13:00:00,64.27666666666666,2.119999999999997,0.0,17.0,108.57333333333334,63.57,0.0,73.99,99.27333333333333,74.0,0.0,70.0,0.0,73.77666666666666,,,67.0,69.0,85.0,55.0,50.95,0.0
4237,2025-03-13 13:15:00,65.68666666666667,4.229999999999997,0.0,17.333333333333332,110.21,63.57,0.0,73.99,87.58666666666666,74.0,0.0,70.0,0.0,74.53333333333333,,,67.0,69.0,85.0,55.0,49.84,0.0
4238,2025-03-13 13:30:00,64.98333333333333,2.119999999999997,0.0,16.5,100.51,63.57,0.0,73.99,71.36666666666667,74.0,0.0,70.0,0.0,75.05666666666667,,,67.0,69.0,85.0,55.0,43.49000000000001,0.0
4239,2025-03-13 13:45:00,65.68666666666667,2.119999999999997,0.0,17.833333333333332,98.72666666666667,63.57,0.0,73.99,74.35666666666667,74.0,0.0,70.0,0.0,74.54,,,67.0,69.0,85.0,55.0,36.43999999999999,0.0
4240,2025-03-13 14:00:00,65.68666666666667,0.0,0.0,16.833333333333332,103.38666666666668,63.57,0.0,73.99,82.36999999999999,74.0,0.0,70.0,0.0,74.05333333333333,,,67.0,69.0,85.0,55.0,43.23,0.0
4241,2025-03-13 14:15:00,63.57,2.119999999999997,0.0,16.333333333333332,105.84666666666668,63.57,0.0,73.99,85.96333333333332,74.0,0.0,70.0,0.0,73.88,,,67.0,69.0,85.0,55.0,44.83,0.0
4242,2025-03-13 14:30:00,64.98333333333333,2.119999999999997,0.0,16.666666666666668,107.64,63.57,0.0,73.99,88.79333333333334,74.0,0.0,70.0,0.0,73.80666666666667,,,67.0,69.0,85.0,55.0,46.93,0.0
4243,2025-03-13 14:45:00,63.57,0.0,0.0,17.333333333333332,109.3,63.57,0.0,73.99,93.14333333333332,74.0,0.0,70.0,0.0,73.68333333333334,,,67.0,69.0,85.0,55.0,47.93000000000001,0.0
4244,2025-03-13 15:00:00,64.98333333333333,2.119999999999997,0.0,17.5,110.02333333333333,63.57,0.0,73.99,98.93,74.0,0.0,70.0,0.0,73.53,,,67.0,69.0,85.0,55.0,49.19,0.0
4245,2025-03-13 15:15:00,64.27666666666666,0.0,0.0,16.166666666666668,109.97666666666667,63.57,0.0,73.99,100.0,74.0,0.0,70.0,0.0,73.43666666666667,,,67.0,69.0,85.0,55.0,48.48,0.0
4246,2025-03-13 15:30:00,65.69,2.119999999999997,0.0,16.166666666666668,110.22333333333334,63.57,0.0,73.99,100.0,74.0,0.0,70.0,0.0,73.46666666666665,,,67.0,69.0,85.0,55.0,48.46,0.0
4247,2025-03-13 15:45:00,65.69,2.119999999999997,0.0,16.333333333333332,109.79,63.57,0.0,73.99,96.59666666666664,74.0,0.0,70.0,0.0,73.98666666666666,,,67.0,69.0,85.0,55.0,48.03999999999999,0.0
4248,2025-03-13 16:00:00,64.98333333333333,2.119999999999997,0.0,15.666666666666666,104.30333333333331,63.57,0.0,73.99,77.52333333333333,74.0,0.0,70.0,0.0,74.88666666666667,,,67.0,69.0,85.0,55.0,46.28,0.0
4249,2025-03-13 16:15:00,64.98333333333333,2.119999999999997,0.0,15.5,98.87666666666668,63.57,0.0,73.99,69.92666666666668,74.0,0.0,70.0,0.0,74.88666666666667,,,67.0,69.0,85.0,55.0,36.2,0.0
4250,2025-03-13 16:30:00,64.98333333333333,0.0,0.0,15.5,98.61666666666667,63.57,0.0,73.99,67.89666666666666,74.0,0.0,70.0,0.0,74.72,,,67.0,69.0,85.0,55.0,39.03000000000001,0.0
4251,2025-03-13 16:45:00,63.57,0.0,0.0,15.166666666666666,97.13,63.57,0.0,73.99,65.85000000000001,74.0,0.0,70.0,0.0,74.57,,,67.0,69.0,85.0,55.0,34.45,0.0
4252,2025-03-13 17:00:00,64.27666666666666,0.0,0.0,15.0,88.71333333333332,63.57,0.0,73.99,50.09,74.0,0.0,70.0,0.0,75.08333333333333,,,67.0,69.0,85.0,55.0,32.790000000000006,0.0
4253,2025-03-13 17:15:00,64.98,0.0,0.0,15.0,76.63666666666667,63.57,0.0,73.99,33.96333333333333,74.0,0.0,70.0,0.0,75.38333333333334,,,67.0,69.0,85.0,55.0,16.759999999999998,0.0
4254,2025-03-13 17:30:00,64.98,4.229999999999997,0.0,14.666666666666666,75.56666666666666,63.57,0.0,73.99,33.37,74.0,0.0,70.0,0.0,74.96666666666665,,,67.0,69.0,85.0,55.0,12.090000000000003,0.0
4255,2025-03-13 17:45:00,64.27666666666666,0.0,0.0,14.666666666666666,77.42333333333333,63.57,0.0,73.99,36.13666666666666,74.0,0.0,70.0,0.0,74.54,,,67.0,69.0,85.0,55.0,13.4,0.0
4256,2025-03-13 18:00:00,64.98333333333333,2.119999999999997,0.0,14.666666666666666,78.82333333333334,63.57,0.0,73.99,38.19,74.0,0.0,70.0,0.0,74.28666666666668,,,67.0,69.0,85.0,55.0,14.830000000000004,0.0
4257,2025-03-13 18:15:00,63.57,0.0,0.0,15.0,79.55,63.57,0.0,73.99,38.95333333333333,74.0,0.0,70.0,0.0,74.17,,,67.0,69.0,85.0,55.0,15.4,0.0
4258,2025-03-13 18:30:00,64.27666666666666,0.0,0.0,16.0,81.29666666666667,63.57,0.0,73.99,41.35,74.0,0.0,70.0,0.0,74.01333333333334,,,67.0,69.0,85.0,55.0,16.189999999999998,0.0
4259,2025-03-13 18:45:00,65.68666666666667,2.119999999999997,0.0,15.5,82.44666666666667,63.57,0.0,73.99,42.84666666666667,74.0,0.0,70.0,0.0,73.94,,,67.0,69.0,85.0,55.0,17.92,0.0
4260,2025-03-13 19:00:00,64.27666666666666,2.119999999999997,0.0,14.0,84.78666666666668,63.57,0.0,73.99,46.126666666666665,74.0,0.0,70.0,0.0,73.82333333333334,,,67.0,69.0,85.0,55.0,19.06,0.0
4261,2025-03-13 19:15:00,63.57,0.0,0.0,14.0,86.01666666666667,63.57,0.0,73.99,48.23666666666667,74.0,0.0,70.0,0.0,73.79333333333334,,,67.0,69.0,85.0,55.0,21.290000000000006,0.0
4262,2025-03-13 19:30:00,64.27333333333333,-2.119999999999997,0.0,14.0,87.47000000000001,63.57,0.0,73.99,50.51,74.0,0.0,70.0,0.0,73.76,,,67.0,69.0,85.0,55.0,23.28000000000001,0.0
4263,2025-03-13 19:45:00,64.27666666666666,2.119999999999997,0.0,14.0,89.05333333333334,63.57,0.0,73.99,52.50666666666667,74.0,0.0,70.0,0.0,73.74666666666667,,,67.0,69.0,85.0,55.0,24.82,0.0
4264,2025-03-13 20:00:00,64.27666666666666,2.119999999999997,0.0,14.0,89.58,63.57,0.0,73.99,52.41,74.0,0.0,70.0,0.0,73.83666666666666,,,67.0,69.0,85.0,55.0,26.33,0.0
4265,2025-03-13 20:15:00,63.57,-2.119999999999997,0.0,14.166666666666666,79.37,63.57,0.0,73.99,35.38333333333333,74.0,0.0,70.0,0.0,74.60666666666667,,,67.0,69.0,85.0,55.0,21.23,0.0
4266,2025-03-13 20:30:00,64.98333333333333,0.0,0.0,14.5,71.61666666666666,63.57,0.0,73.99,24.9,74.0,0.0,70.0,0.0,74.84333333333333,,,67.0,69.0,85.0,55.0,9.770000000000003,0.0
4267,2025-03-13 20:45:00,64.98333333333333,0.0,0.0,14.333333333333334,71.72,63.57,0.0,73.99,28.256666666666664,74.0,0.0,70.0,0.0,74.41333333333334,,,67.0,69.0,85.0,55.0,8.189999999999998,0.0
4268,2025-03-13 21:00:00,65.69,2.119999999999997,0.0,13.666666666666666,73.01,63.57,0.0,73.99,32.28666666666667,74.0,0.0,70.0,0.0,74.12,,,67.0,69.0,85.0,55.0,10.210000000000008,0.0
4269,2025-03-13 21:15:00,66.39333333333333,2.119999999999997,0.0,13.5,76.08333333333333,63.57,0.0,73.99,38.65,74.0,0.0,70.0,0.0,73.8,,,67.0,69.0,85.0,55.0,13.740000000000002,0.0
4270,2025-03-13 21:30:00,67.09666666666666,4.229999999999997,0.0,13.5,81.17,63.57,0.0,73.99,46.10333333333333,74.0,0.0,70.0,0.0,73.56333333333333,,,67.0,69.0,85.0,55.0,18.989999999999995,0.0
4271,2025-03-13 21:45:00,64.98333333333333,2.119999999999997,0.0,13.166666666666666,82.94666666666667,63.57,0.0,73.99,48.56333333333333,74.0,0.0,70.0,0.0,73.60333333333334,,,67.0,69.0,85.0,55.0,22.65,0.0
4272,2025-03-13 22:00:00,64.98333333333333,0.0,0.0,14.666666666666666,81.51666666666667,63.57,0.0,73.99,52.63666666666666,74.0,0.0,70.0,0.0,73.55333333333333,,,67.0,69.0,85.0,55.0,25.430000000000007,0.0
4273,2025-03-13 22:15:00,63.57,0.0,0.0,16.333333333333332,79.26666666666667,63.57,0.0,73.99,47.53333333333333,74.0,0.0,70.0,0.0,73.92999999999999,,,67.0,69.0,85.0,55.0,27.270000000000003,0.0
4274,2025-03-13 22:30:00,65.68666666666667,2.119999999999997,0.0,16.5,76.5,63.57,0.0,73.99,44.07666666666666,74.0,0.0,70.0,0.0,74.07000000000001,,,67.0,69.0,85.0,55.0,22.620000000000005,0.0
4275,2025-03-13 22:45:00,67.09666666666666,4.229999999999997,0.0,15.666666666666666,75.00333333333333,63.57,0.0,73.99,42.35,74.0,0.0,70.0,0.0,74.12666666666667,,,67.0,69.0,85.0,55.0,20.42000000000001,0.0
4276,2025-03-13 23:00:00,64.98333333333333,2.119999999999997,0.0,14.666666666666666,73.37666666666667,63.57,0.0,73.99,40.56,74.0,0.0,70.0,0.0,74.15666666666667,,,67.0,69.0,85.0,55.0,19.559999999999995,0.0
4277,2025-03-13 23:15:00,65.68666666666667,2.119999999999997,0.0,14.5,75.84666666666666,63.57,0.0,73.99,44.71,74.0,0.0,70.0,0.0,73.92333333333333,,,67.0,69.0,85.0,55.0,20.539999999999992,0.0
4278,2025-03-13 23:30:00,64.98,4.229999999999997,0.0,14.5,81.94,63.57,0.0,73.99,53.723333333333336,74.0,0.0,70.0,0.0,73.56333333333333,,,67.0,69.0,85.0,55.0,24.070000000000007,0.0
4279,2025-03-13 23:45:00,63.57,0.0,0.0,16.166666666666668,91.18333333333334,63.57,0.0,73.99,63.86666666666667,74.0,0.0,70.0,0.0,73.26666666666667,,,67.0,69.0,85.0,55.0,33.34,0.0
4280,2025-03-14 00:00:00,64.98333333333333,2.119999999999997,0.0,14.833333333333334,99.91,63.57,0.0,73.99,73.36666666666666,74.0,0.0,70.0,0.0,73.10333333333334,,,67.0,69.0,85.0,55.0,39.3,0.0
4281,2025-03-14 00:15:00,65.6875,4.229999999999997,0.0,14.5,104.39,63.57,0.0,73.99,80.8175,74.0,0.0,70.0,0.0,73.1,,,67.0,69.0,85.0,55.0,43.8,0.0
4282,2025-03-14 00:30:00,64.27666666666666,0.0,0.0,14.5,106.94,63.57,0.0,73.99,86.75,74.0,0.0,70.0,0.0,73.14333333333333,,,67.0,69.0,85.0,55.0,45.870000000000005,0.0
4283,2025-03-14 00:45:00,63.57,0.0,0.0,14.666666666666666,109.70666666666666,63.57,0.0,73.99,92.17666666666666,74.0,0.0,70.0,0.0,73.18333333333334,,,67.0,69.0,85.0,55.0,48.545,0.0
4284,2025-03-14 01:00:00,63.57,0.0,0.0,16.0,110.36,63.57,0.0,73.99,97.15666666666668,74.0,0.0,70.0,0.0,73.22,,,67.0,69.0,85.0,55.0,50.60999999999999,0.0
4285,2025-03-14 01:15:00,62.86333333333334,0.0,0.0,16.5,110.16,63.57,0.0,73.99,100.0,74.0,0.0,70.0,0.0,73.24,,,67.0,69.0,85.0,55.0,50.50999999999999,0.0
4286,2025-03-14 01:30:00,64.27666666666666,0.0,0.0,16.5,110.27,63.57,0.0,73.99,100.0,74.0,0.0,70.0,0.0,73.24,,,67.0,69.0,85.0,55.0,50.63,0.0
4287,2025-03-14 01:45:00,64.98333333333333,2.119999999999997,0.0,16.833333333333332,109.84,63.57,0.0,73.99,100.0,74.0,0.0,70.0,0.0,73.25333333333333,,,67.0,69.0,85.0,55.0,50.99,0.0
4288,2025-03-14 02:00:00,64.27666666666666,2.119999999999997,0.0,17.0,110.18,63.57,0.0,73.99,100.0,74.0,0.0,70.0,0.0,73.33,,,67.0,69.0,85.0,55.0,50.85,0.0
4289,2025-03-14 02:15:00,63.56999999999999,0.0,0.0,17.0,110.13666666666666,63.57,0.0,73.99,100.0,74.0,0.0,70.0,0.0,73.34333333333332,,,67.0,69.0,85.0,55.0,50.76,0.0
4290,2025-03-14 02:30:00,64.27666666666666,-2.119999999999997,0.0,17.0,110.14666666666666,63.57,0.0,73.99,100.0,74.0,0.0,70.0,0.0,73.35,,,67.0,69.0,85.0,55.0,50.88,0.0
4291,2025-03-14 02:45:00,65.69,-2.119999999999997,0.0,17.0,109.76,63.57,0.0,73.99,100.0,74.0,0.0,70.0,0.0,73.35333333333334,,,67.0,69.0,85.0,55.0,51.27,0.0
4292,2025-03-14 03:00:00,64.27666666666666,0.0,0.0,17.0,109.73666666666668,63.57,0.0,73.99,100.0,74.0,0.0,70.0,0.0,73.26333333333334,,,67.0,69.0,85.0,55.0,51.040000000000006,0.0
4293,2025-03-14 03:15:00,64.98,2.119999999999997,0.0,17.0,109.64666666666666,63.57,0.0,73.99,100.0,74.0,0.0,70.0,0.0,73.24,,,67.0,69.0,85.0,55.0,50.77,0.0
4294,2025-03-14 03:30:00,64.98333333333333,4.229999999999997,0.0,17.0,109.57333333333332,63.57,0.0,73.99,100.0,74.0,0.0,70.0,0.0,73.22,,,67.0,69.0,85.0,55.0,51.11000000000001,0.0
4295,2025-03-14 03:45:00,64.27666666666666,0.0,0.0,17.333333333333332,110.12666666666668,63.57,0.0,73.99,100.0,74.0,0.0,70.0,0.0,73.20666666666666,,,67.0,69.0,85.0,55.0,51.17999999999999,0.0
4296,2025-03-14 04:00:00,65.68666666666667,0.0,0.0,17.5,110.36,63.57,0.0,73.99,100.0,74.0,0.0,70.0,0.0,73.13666666666667,,,67.0,69.0,85.0,55.0,51.73,0.0
4297,2025-03-14 04:15:00,64.98333333333333,2.119999999999997,0.0,17.5,110.28666666666668,63.57,0.0,73.99,100.0,74.0,0.0,70.0,0.0,73.21333333333332,,,67.0,69.0,85.0,55.0,51.13,0.0
4298,2025-03-14 04:30:00,66.39333333333333,2.119999999999997,0.0,16.666666666666668,109.92666666666666,63.57,0.0,73.99,100.0,74.0,0.0,70.0,0.0,73.16333333333334,,,67.0,69.0,85.0,55.0,51.84,0.0
4299,2025-03-14 04:45:00,63.57,2.119999999999997,0.0,16.333333333333332,110.10333333333334,63.57,0.0,73.99,100.0,74.0,0.0,70.0,0.0,73.16666666666667,,,67.0,69.0,85.0,55.0,51.01,0.0
4300,2025-03-14 05:00:00,62.86333333333334,-2.119999999999997,0.0,17.0,110.09,63.57,0.0,73.99,100.0,74.0,0.0,70.0,0.0,73.08333333333333,,,67.0,69.0,85.0,55.0,52.19,0.0
4301,2025-03-14 05:15:00,64.98333333333333,0.0,0.0,17.0,110.18,63.57,0.0,73.99,100.0,74.0,0.0,70.0,0.0,73.07333333333334,,,67.0,69.0,85.0,55.0,51.64000000000001,0.0
4302,2025-03-14 05:30:00,64.27666666666666,2.119999999999997,0.0,16.833333333333332,110.08333333333331,63.57,0.0,73.99,100.0,74.0,0.0,70.0,0.0,73.02333333333333,,,67.0,69.0,85.0,55.0,51.71,0.0
4303,2025-03-14 05:45:00,64.27666666666666,0.0,0.0,16.166666666666668,110.08666666666666,63.57,0.0,73.99,100.0,74.0,0.0,70.0,0.0,72.95,,,67.0,69.0,85.0,55.0,51.88,0.0
4304,2025-03-14 06:00:00,63.56999999999999,0.0,0.0,16.0,110.32,63.57,0.0,73.99,100.0,74.0,0.0,70.0,0.0,72.99333333333334,,,67.0,69.0,85.0,55.0,51.82,0.0
4305,2025-03-14 06:15:00,63.57,-2.119999999999997,0.0,16.0,110.55333333333334,63.57,0.0,73.99,100.0,74.0,0.0,70.0,0.0,73.08,,,67.0,69.0,85.0,55.0,51.6,0.0
4306,2025-03-14 06:30:00,64.27666666666666,0.0,0.0,16.166666666666668,110.42,63.57,0.0,73.99,100.0,74.0,0.0,70.0,0.0,73.08666666666666,,,67.0,69.0,85.0,55.0,51.93000000000001,0.0
4307,2025-03-14 06:45:00,64.98333333333333,2.119999999999997,0.0,16.0,110.15,63.57,0.0,73.99,100.0,74.0,0.0,70.0,0.0,73.08666666666666,,,67.0,69.0,85.0,55.0,52.02,0.0
4308,2025-03-14 07:00:00,64.98333333333333,2.119999999999997,0.0,16.0,109.72333333333334,63.57,0.0,73.99,100.0,74.0,0.0,70.0,0.0,73.08333333333333,,,67.0,69.0,85.0,55.0,51.75,0.0
4309,2025-03-14 07:15:00,64.98333333333333,0.0,0.0,16.166666666666668,115.31,63.57,0.0,73.99,100.0,74.0,0.0,70.0,0.0,73.10666666666667,,,67.0,69.0,85.0,55.0,43.93000000000001,0.0
4310,2025-03-14 07:30:00,64.27666666666666,2.119999999999997,0.0,16.5,110.12666666666668,63.57,0.0,73.99,100.0,74.0,0.0,70.0,0.0,73.17666666666666,,,67.0,69.0,85.0,55.0,56.38,0.0
4311,2025-03-14 07:45:00,66.39,2.119999999999997,0.0,16.833333333333332,115.06333333333332,63.57,0.0,73.99,100.0,74.0,0.0,70.0,0.0,73.07000000000001,,,67.0,69.0,85.0,55.0,45.49,0.0
4312,2025-03-14 08:00:00,64.27666666666666,4.229999999999997,0.0,15.833333333333334,110.26333333333334,63.57,0.0,73.99,100.0,74.0,0.0,70.0,0.0,73.17,,,67.0,69.0,85.0,55.0,56.99,0.0
4313,2025-03-14 08:15:00,65.69,0.0,0.0,16.0,115.08333333333331,63.57,0.0,73.99,100.0,74.0,0.0,70.0,0.0,73.17,,,67.0,69.0,85.0,55.0,42.97,0.0
4314,2025-03-14 08:30:00,64.98333333333333,2.119999999999997,0.0,16.666666666666668,109.92,63.57,0.0,73.99,100.0,74.0,0.0,70.0,0.0,73.23333333333333,,,67.0,69.0,85.0,55.0,55.3,0.0
4315,2025-03-14 08:45:00,65.69,2.119999999999997,0.0,15.333333333333334,113.21,63.57,0.0,73.99,100.0,74.0,0.0,70.0,0.0,73.33999999999999,,,67.0,69.0,85.0,55.0,44.38000000000001,0.0
4316,2025-03-14 09:00:00,63.57,2.119999999999997,0.0,17.0,111.825,63.57,0.0,73.99,100.0,74.0,0.0,70.0,0.0,73.37,,,67.0,69.0,85.0,55.0,52.470000000000006,0.0
4317,2025-03-14 09:15:00,64.98,2.119999999999997,0.0,14.833333333333334,111.91666666666669,63.57,0.0,73.99,100.0,74.0,0.0,70.0,0.0,73.48666666666666,,,67.0,69.0,85.0,55.0,47.64,0.0
4318,2025-03-14 09:30:00,64.98,-2.119999999999997,0.0,16.666666666666668,113.1,63.57,0.0,73.99,100.0,74.0,0.0,70.0,0.0,73.42333333333333,,,67.0,69.0,85.0,55.0,51.870000000000005,0.0
4319,2025-03-14 09:45:00,62.156666666666666,4.229999999999997,0.0,15.333333333333334,110.53000000000002,63.57,0.0,73.99,100.0,74.0,0.0,70.0,0.0,73.53333333333335,,,67.0,69.0,85.0,55.0,53.84,0.0
4320,2025-03-14 10:00:00,65.69,-2.119999999999997,0.0,15.833333333333334,114.80666666666666,63.57,0.0,73.99,100.0,74.0,0.0,70.0,0.0,73.51,,,67.0,69.0,85.0,55.0,43.92,0.0
4321,2025-03-14 10:15:00,63.57,2.119999999999997,0.0,16.166666666666668,109.44333333333331,63.57,0.0,73.99,100.0,74.0,0.0,70.0,0.0,73.55666666666667,,,67.0,69.0,85.0,55.0,57.46,0.0
4322,2025-03-14 10:30:00,65.69,0.0,0.0,15.333333333333334,115.19333333333331,63.57,0.0,73.99,100.0,74.0,0.0,70.0,0.0,73.55666666666667,,,67.0,69.0,85.0,55.0,44.14999999999999,0.0
4323,2025-03-14 10:45:00,64.27666666666666,2.119999999999997,0.0,16.5,110.81,63.57,0.0,73.99,100.0,74.0,0.0,70.0,0.0,73.59333333333335,,,67.0,69.0,85.0,55.0,57.61,0.0
4324,2025-03-14 11:00:00,68.50666666666666,2.119999999999997,0.0,15.0,114.29333333333334,63.57,0.0,73.99,100.0,74.0,0.0,70.0,0.0,73.60000000000001,,,67.0,69.0,85.0,55.0,47.88000000000001,0.0
4325,2025-03-14 11:15:00,64.98,4.229999999999997,0.0,16.666666666666668,111.85333333333334,63.57,0.0,73.99,100.0,74.0,0.0,70.0,0.0,73.56333333333333,,,67.0,69.0,85.0,55.0,54.690000000000005,0.0
4326,2025-03-14 11:30:00,64.27666666666666,4.229999999999997,0.0,14.833333333333334,112.54333333333334,63.57,0.0,73.99,100.0,74.0,0.0,70.0,0.0,73.62333333333333,,,67.0,69.0,85.0,55.0,48.53,0.0
4327,2025-03-14 11:45:00,66.39333333333333,0.0,0.0,16.833333333333332,112.71666666666664,63.57,0.0,73.99,100.0,74.0,0.0,70.0,0.0,73.53333333333335,,,67.0,69.0,85.0,55.0,51.77,0.0
4328,2025-03-14 12:00:00,64.98,2.119999999999997,0.0,15.0,114.69666666666669,63.57,0.0,73.99,100.0,74.0,0.0,70.0,0.0,73.67,,,67.0,69.0,85.0,55.0,48.84,0.0
4329,2025-03-14 12:15:00,64.98333333333333,4.229999999999997,0.0,16.666666666666668,110.05333333333331,63.57,0.0,73.99,100.0,74.0,0.0,70.0,0.0,73.64666666666666,,,67.0,69.0,85.0,55.0,56.07999999999999,0.0
4330,2025-03-14 12:30:00,63.57,0.0,0.0,15.333333333333334,110.22666666666667,63.57,0.0,73.99,100.0,74.0,0.0,70.0,0.0,73.64999999999999,,,67.0,69.0,85.0,55.0,49.95,0.0
4331,2025-03-14 12:45:00,63.57,-2.119999999999997,0.0,17.333333333333332,107.52333333333333,63.57,0.0,73.99,100.0,74.0,0.0,70.0,0.0,73.42333333333333,,,67.0,69.0,85.0,55.0,51.45,0.0
4332,2025-03-14 13:00:00,64.98333333333333,0.0,0.0,16.833333333333332,107.22666666666667,63.57,0.0,73.99,94.96333333333332,74.0,0.0,70.0,0.0,74.19333333333334,,,67.0,69.0,85.0,55.0,50.24,0.0
4333,2025-03-14 13:15:00,64.27666666666666,0.0,0.0,15.666666666666666,102.13,63.57,0.0,73.99,77.88333333333333,74.0,0.0,70.0,0.0,74.85000000000001,,,67.0,69.0,85.0,55.0,49.26,0.0
4334,2025-03-14 13:30:00,65.68666666666667,0.0,0.0,15.5,94.00666666666666,63.57,0.0,73.99,62.36333333333334,74.0,0.0,70.0,0.0,75.23,,,67.0,69.0,85.0,55.0,42.74,0.0
4335,2025-03-14 13:45:00,64.27333333333333,0.0,0.0,15.5,87.10333333333334,63.57,0.0,73.99,54.52,74.0,0.0,70.0,0.0,75.14666666666666,,,67.0,69.0,85.0,55.0,33.2,0.0
4336,2025-03-14 14:00:00,65.69,4.229999999999997,0.0,15.5,95.61666666666667,63.57,0.0,73.99,66.77,74.0,0.0,70.0,0.0,74.29333333333334,,,67.0,69.0,85.0,55.0,29.580000000000005,0.0
4337,2025-03-14 14:15:00,63.57,2.119999999999997,0.0,16.333333333333332,99.88333333333333,63.57,0.0,73.99,72.23666666666666,74.0,0.0,70.0,0.0,73.97333333333333,,,67.0,69.0,85.0,55.0,37.96999999999999,0.0
4338,2025-03-14 14:30:00,65.68666666666667,0.0,0.0,16.5,103.27333333333333,63.57,0.0,73.99,78.11333333333333,74.0,0.0,70.0,0.0,73.71666666666667,,,67.0,69.0,85.0,55.0,40.91,0.0
4339,2025-03-14 14:45:00,64.98333333333333,4.229999999999997,0.0,16.5,106.13666666666666,63.57,0.0,73.99,83.40333333333332,74.0,0.0,70.0,0.0,73.59333333333333,,,67.0,69.0,85.0,55.0,43.78,0.0
4340,2025-03-14 15:00:00,65.69,2.119999999999997,0.0,15.833333333333334,106.96,63.57,0.0,73.99,84.93333333333334,74.0,0.0,70.0,0.0,73.65666666666667,,,67.0,69.0,85.0,55.0,45.620000000000005,0.0
4341,2025-03-14 15:15:00,64.27666666666666,2.119999999999997,0.0,15.5,108.09,63.57,0.0,73.99,85.59333333333332,74.0,0.0,70.0,0.0,73.74,,,67.0,69.0,85.0,55.0,45.56999999999999,0.0
4342,2025-03-14 15:30:00,64.98333333333333,0.0,0.0,15.333333333333334,107.15666666666668,63.57,0.0,73.99,88.78666666666668,74.0,0.0,70.0,0.0,73.67,,,67.0,69.0,85.0,55.0,45.82,0.0
4343,2025-03-14 15:45:00,62.156666666666666,2.119999999999997,0.0,16.666666666666668,105.55333333333331,63.57,0.0,73.99,97.00666666666666,74.0,0.0,70.0,0.0,73.42,,,67.0,69.0,85.0,55.0,50.49,0.0
4344,2025-03-14 16:00:00,66.39333333333333,0.0,0.0,16.5,104.97333333333334,63.57,0.0,73.99,100.0,74.0,0.0,70.0,0.0,73.22666666666667,,,67.0,69.0,85.0,55.0,50.45,0.0
4345,2025-03-14 16:15:00,65.69,4.229999999999997,0.0,15.5,105.03000000000002,63.57,0.0,73.99,100.0,74.0,0.0,70.0,0.0,73.09333333333333,,,67.0,69.0,85.0,55.0,50.35,0.0
4346,2025-03-14 16:30:00,64.27666666666666,2.119999999999997,0.0,15.666666666666666,105.79,63.57,0.0,73.99,100.0,74.0,0.0,70.0,0.0,73.09,,,67.0,69.0,85.0,55.0,50.61,0.0
4347,2025-03-14 16:45:00,63.57,0.0,0.0,16.666666666666668,106.66333333333334,63.57,0.0,73.99,100.0,74.0,0.0,70.0,0.0,73.09,,,67.0,69.0,85.0,55.0,51.0,0.0
4348,2025-03-14 17:00:00,64.27666666666666,0.0,0.0,17.166666666666668,106.34,63.57,0.0,73.99,100.0,74.0,0.0,70.0,0.0,73.09,,,67.0,69.0,85.0,55.0,51.85,0.0
4349,2025-03-14 17:15:00,64.98333333333333,2.119999999999997,0.0,17.5,106.49333333333334,63.57,0.0,73.99,100.0,74.0,0.0,70.0,0.0,73.06666666666666,,,67.0,69.0,85.0,55.0,51.260000000000005,0.0
4350,2025-03-14 17:30:00,63.57,2.119999999999997,0.0,17.5,107.19,63.57,0.0,73.99,100.0,74.0,0.0,70.0,0.0,73.09,,,67.0,69.0,85.0,55.0,51.24999999999999,0.0
4351,2025-03-14 17:45:00,67.10000000000001,0.0,0.0,17.333333333333332,107.01333333333334,63.57,0.0,73.99,100.0,74.0,0.0,70.0,0.0,73.14,,,67.0,69.0,85.0,55.0,51.54,0.0
4352,2025-03-14 18:00:00,65.68666666666667,6.350000000000001,0.0,15.5,107.13,63.57,0.0,73.99,100.0,74.0,0.0,70.0,0.0,73.36666666666666,,,67.0,69.0,85.0,55.0,51.120000000000005,0.0
4353,2025-03-14 18:15:00,64.27333333333333,4.229999999999997,0.0,15.5,106.37,63.57,0.0,73.99,91.03666666666668,74.0,0.0,70.0,0.0,74.40666666666667,,,67.0,69.0,85.0,55.0,51.2,0.0
4354,2025-03-14 18:30:00,66.39333333333333,0.0,0.0,15.5,106.79666666666668,63.57,0.0,73.99,97.57666666666668,74.0,0.0,70.0,0.0,73.95,,,67.0,69.0,85.0,55.0,48.56,0.0
4355,2025-03-14 18:45:00,64.27666666666666,2.119999999999997,0.0,15.5,107.09333333333332,63.57,0.0,73.99,100.0,74.0,0.0,70.0,0.0,73.68,,,67.0,69.0,85.0,55.0,50.73,0.0
4356,2025-03-14 19:00:00,63.57,0.0,0.0,15.5,107.22666666666667,63.57,0.0,73.99,100.0,74.0,0.0,70.0,0.0,73.52333333333333,,,67.0,69.0,85.0,55.0,50.86,0.0
4357,2025-03-14 19:15:00,65.69,0.0,0.0,15.166666666666666,107.21,63.57,0.0,73.99,100.0,74.0,0.0,70.0,0.0,73.62666666666667,,,67.0,69.0,85.0,55.0,51.06999999999999,0.0
4358,2025-03-14 19:30:00,65.69,2.119999999999997,0.0,15.0,106.72666666666667,63.57,0.0,73.99,97.24333333333334,74.0,0.0,70.0,0.0,74.11,,,67.0,69.0,85.0,55.0,51.28,0.0
4359,2025-03-14 19:45:00,63.57,2.119999999999997,0.0,14.833333333333334,105.07,63.57,0.0,73.99,87.71666666666665,74.0,0.0,70.0,0.0,74.47333333333333,,,67.0,69.0,85.0,55.0,50.48,0.0
4360,2025-03-14 20:00:00,64.27666666666666,0.0,0.0,15.0,95.91666666666669,63.57,0.0,73.99,67.41333333333334,74.0,0.0,70.0,0.0,75.21666666666667,,,67.0,69.0,85.0,55.0,47.81999999999999,0.0
4361,2025-03-14 20:15:00,64.27666666666666,0.0,0.0,14.666666666666666,84.25333333333333,63.57,0.0,73.99,52.85666666666666,74.0,0.0,70.0,0.0,75.38666666666667,,,67.0,69.0,85.0,55.0,36.25,0.0
4362,2025-03-14 20:30:00,64.27666666666666,0.0,0.0,14.5,82.83666666666666,63.57,0.0,73.99,51.41666666666666,74.0,0.0,70.0,0.0,75.00666666666667,,,67.0,69.0,85.0,55.0,27.45,0.0
4363,2025-03-14 20:45:00,64.27666666666666,0.0,0.0,14.833333333333334,83.8,63.57,0.0,73.99,54.303333333333335,74.0,0.0,70.0,0.0,74.56333333333333,,,67.0,69.0,85.0,55.0,26.450000000000003,0.0
4364,2025-03-14 21:00:00,64.98333333333333,2.119999999999997,0.0,14.666666666666666,90.97666666666667,63.57,0.0,73.99,63.77666666666666,74.0,0.0,70.0,0.0,73.98333333333333,,,67.0,69.0,85.0,55.0,29.17,0.0
4365,2025-03-14 21:15:00,64.27666666666666,0.0,0.0,14.0,91.71666666666664,63.57,0.0,73.99,64.25666666666666,74.0,0.0,70.0,0.0,73.98333333333333,,,67.0,69.0,85.0,55.0,37.080000000000005,0.0
4366,2025-03-14 21:30:00,64.27666666666666,0.0,0.0,14.0,91.67,63.57,0.0,73.99,64.94,74.0,0.0,70.0,0.0,73.94333333333333,,,67.0,69.0,85.0,55.0,36.67,0.0
4367,2025-03-14 21:45:00,64.27666666666666,2.119999999999997,0.0,14.0,94.13,63.57,0.0,73.99,68.72333333333333,74.0,0.0,70.0,0.0,73.81666666666666,,,67.0,69.0,85.0,55.0,37.13,0.0
4368,2025-03-14 22:00:00,64.27666666666666,0.0,0.0,14.0,95.05666666666669,63.57,0.0,73.99,69.81,74.0,0.0,70.0,0.0,73.82333333333334,,,67.0,69.0,85.0,55.0,39.78,0.0
4369,2025-03-14 22:15:00,63.57,0.0,0.0,15.166666666666666,94.04666666666668,63.57,0.0,73.99,67.26,74.0,0.0,70.0,0.0,73.98666666666666,,,67.0,69.0,85.0,55.0,41.06,0.0
4370,2025-03-14 22:30:00,65.69,0.0,0.0,15.5,88.29,63.57,0.0,73.99,59.41333333333333,74.0,0.0,70.0,0.0,74.33,,,67.0,69.0,85.0,55.0,38.10999999999999,0.0
4371,2025-03-14 22:45:00,63.57,2.119999999999997,0.0,15.5,84.32666666666667,63.57,0.0,73.99,54.72,74.0,0.0,70.0,0.0,74.41,,,67.0,69.0,85.0,55.0,32.540000000000006,0.0
4372,2025-03-14 23:00:00,63.57,-2.119999999999997,0.0,15.833333333333334,82.47333333333334,63.57,0.0,73.99,51.943333333333335,74.0,0.0,70.0,0.0,74.39666666666666,,,67.0,69.0,85.0,55.0,29.690000000000005,0.0
4373,2025-03-14 23:15:00,64.98333333333333,0.0,0.0,16.0,80.01,63.57,0.0,73.99,48.79,74.0,0.0,70.0,0.0,74.39666666666666,,,67.0,69.0,85.0,55.0,27.980000000000004,0.0
4374,2025-03-14 23:30:00,64.27666666666666,2.119999999999997,0.0,16.0,80.00666666666667,63.57,0.0,73.99,49.153333333333336,74.0,0.0,70.0,0.0,74.25666666666667,,,67.0,69.0,85.0,55.0,25.79,0.0
4375,2025-03-14 23:45:00,63.57,2.119999999999997,0.0,16.0,80.44333333333334,63.57,0.0,73.99,49.946666666666665,74.0,0.0,70.0,0.0,74.14999999999999,,,67.0,69.0,85.0,55.0,26.500000000000007,0.0
4376,2025-03-15 00:00:00,64.27666666666666,0.0,0.0,16.0,80.96,63.57,0.0,73.99,50.946666666666665,74.0,0.0,70.0,0.0,74.05333333333333,,,67.0,69.0,85.0,55.0,27.60000000000001,0.0
4377,2025-03-15 00:15:00,65.69,2.119999999999997,0.0,16.166666666666668,82.49,63.57,0.0,73.99,52.28,74.0,0.0,70.0,0.0,73.98,,,67.0,69.0,85.0,55.0,28.58,0.0
4378,2025-03-15 00:30:00,63.57,2.119999999999997,0.0,16.5,82.88333333333333,63.57,0.0,73.99,52.84,74.0,0.0,70.0,0.0,73.96,,,67.0,69.0,85.0,55.0,29.67,0.0
4379,2025-03-15 00:45:00,64.27666666666666,0.0,0.0,16.666666666666668,85.26666666666667,63.57,0.0,73.99,55.98,74.0,0.0,70.0,0.0,73.85000000000001,,,67.0,69.0,85.0,55.0,30.379999999999995,0.0
4380,2025-03-15 01:00:00,64.98333333333333,0.0,0.0,17.0,86.57000000000001,63.57,0.0,73.99,57.41,74.0,0.0,70.0,0.0,73.82333333333334,,,67.0,69.0,85.0,55.0,33.220000000000006,0.0
4381,2025-03-15 01:15:00,62.86333333333334,0.0,0.0,16.5,87.91333333333334,63.57,0.0,73.99,58.99,74.0,0.0,70.0,0.0,73.81333333333333,,,67.0,69.0,85.0,55.0,34.35,0.0
4382,2025-03-15 01:30:00,64.98333333333333,0.0,0.0,17.0,89.00666666666666,63.57,0.0,73.99,59.946666666666665,74.0,0.0,70.0,0.0,73.81666666666666,,,67.0,69.0,85.0,55.0,35.56999999999999,0.0
4383,2025-03-15 01:45:00,63.56999999999999,2.119999999999997,0.0,17.333333333333332,89.77999999999999,63.57,0.0,73.99,61.403333333333336,74.0,0.0,70.0,0.0,73.81666666666666,,,67.0,69.0,85.0,55.0,36.55,0.0
4384,2025-03-15 02:00:00,65.69,-2.119999999999997,0.0,17.5,90.32,63.57,0.0,73.99,61.99666666666667,74.0,0.0,70.0,0.0,73.85666666666667,,,67.0,69.0,85.0,55.0,37.39999999999999,0.0
4385,2025-03-15 02:15:00,64.27666666666666,2.119999999999997,0.0,16.833333333333332,90.84,63.57,0.0,73.99,63.21,74.0,0.0,70.0,0.0,73.83666666666666,,,67.0,69.0,85.0,55.0,37.77,0.0
4386,2025-03-15 02:30:00,64.27666666666666,2.119999999999997,0.0,16.333333333333332,90.91333333333334,63.57,0.0,73.99,62.303333333333335,74.0,0.0,70.0,0.0,73.92999999999999,,,67.0,69.0,85.0,55.0,38.85,0.0
4387,2025-03-15 02:45:00,64.27666666666666,0.0,0.0,16.0,90.64333333333332,63.57,0.0,73.99,62.26666666666667,74.0,0.0,70.0,0.0,73.95333333333333,,,67.0,69.0,85.0,55.0,37.95,0.0
4388,2025-03-15 03:00:00,64.27666666666666,2.119999999999997,0.0,16.0,90.77,63.57,0.0,73.99,62.54,74.0,0.0,70.0,0.0,73.96,,,67.0,69.0,85.0,55.0,38.23,0.0
4389,2025-03-15 03:15:00,63.57,0.0,0.0,16.0,90.78,63.57,0.0,73.99,62.47,74.0,0.0,70.0,0.0,73.97333333333334,,,67.0,69.0,85.0,55.0,38.44,0.0
4390,2025-03-15 03:30:00,63.57,0.0,0.0,16.5,91.11666666666667,63.57,0.0,73.99,62.73666666666666,74.0,0.0,70.0,0.0,73.96666666666665,,,67.0,69.0,85.0,55.0,38.5,0.0
4391,2025-03-15 03:45:00,62.156666666666666,2.119999999999997,0.0,17.5,91.02666666666666,63.57,0.0,73.99,62.57666666666666,74.0,0.0,70.0,0.0,73.98333333333333,,,67.0,69.0,85.0,55.0,38.96,0.0
4392,2025-03-15 04:00:00,64.98,0.0,0.0,17.5,91.39333333333332,63.57,0.0,73.99,62.870000000000005,74.0,0.0,70.0,0.0,73.97333333333334,,,67.0,69.0,85.0,55.0,38.8,0.0
4393,2025-03-15 04:15:00,64.27666666666666,-2.119999999999997,0.0,17.5,90.21333333333332,63.57,0.0,73.99,61.18,74.0,0.0,70.0,0.0,74.04666666666667,,,67.0,69.0,85.0,55.0,39.2,0.0
4394,2025-03-15 04:30:00,63.57,2.119999999999997,0.0,17.5,90.04333333333334,63.57,0.0,73.99,61.25,74.0,0.0,70.0,0.0,74.02,,,67.0,69.0,85.0,55.0,37.24,0.0
4395,2025-03-15 04:45:00,64.27666666666666,0.0,0.0,17.833333333333332,89.78666666666668,63.57,0.0,73.99,60.42666666666667,74.0,0.0,70.0,0.0,74.05666666666666,,,67.0,69.0,85.0,55.0,38.3,0.0
4396,2025-03-15 05:00:00,66.39333333333333,0.0,0.0,18.0,89.07666666666667,63.57,0.0,73.99,60.30666666666667,74.0,0.0,70.0,0.0,74.04333333333334,,,67.0,69.0,85.0,55.0,36.67000000000001,0.0
4397,2025-03-15 05:15:00,64.27666666666666,2.119999999999997,0.0,18.0,90.28000000000002,63.57,0.0,73.99,60.75666666666666,74.0,0.0,70.0,0.0,74.01666666666667,,,67.0,69.0,85.0,55.0,37.28,0.0
4398,2025-03-15 05:30:00,64.27666666666666,2.119999999999997,0.0,18.0,89.03333333333335,63.57,0.0,73.99,59.71333333333333,74.0,0.0,70.0,0.0,74.04333333333334,,,67.0,69.0,85.0,55.0,37.66,0.0
4399,2025-03-15 05:45:00,63.57,0.0,0.0,18.166666666666668,90.43,63.57,0.0,73.99,60.95666666666667,74.0,0.0,70.0,0.0,73.97666666666667,,,67.0,69.0,85.0,55.0,37.010000000000005,0.0
4400,2025-03-15 06:00:00,63.57,0.0,0.0,19.33333333333333,89.24000000000001,63.57,0.0,73.99,58.82333333333333,74.0,0.0,70.0,0.0,74.06333333333333,,,67.0,69.0,85.0,55.0,38.440000000000005,0.0
4401,2025-03-15 06:15:00,63.57,0.0,0.0,20.5,90.84666666666668,63.57,0.0,73.99,60.66,74.0,0.0,70.0,0.0,73.97333333333334,,,67.0,69.0,85.0,55.0,37.47,0.0
4402,2025-03-15 06:30:00,67.09666666666666,0.0,0.0,16.833333333333332,92.42666666666666,63.57,0.0,73.99,57.66666666666666,74.0,0.0,70.0,0.0,74.10333333333334,,,67.0,69.0,85.0,55.0,33.60000000000001,0.0
4403,2025-03-15 06:45:00,66.39,4.229999999999997,0.0,15.666666666666666,90.27,63.57,0.0,73.99,54.03666666666667,74.0,0.0,70.0,0.0,74.22333333333334,,,67.0,69.0,85.0,55.0,32.79999999999999,0.0
4404,2025-03-15 07:00:00,65.69,0.0,0.0,15.5,88.37666666666667,63.57,0.0,73.99,51.49333333333334,74.0,0.0,70.0,0.0,74.26,,,67.0,69.0,85.0,55.0,30.249999999999996,0.0
4405,2025-03-15 07:15:00,64.27666666666666,2.119999999999997,0.0,15.5,86.14999999999999,63.57,0.0,73.99,49.20333333333334,74.0,0.0,70.0,0.0,74.26,,,67.0,69.0,85.0,55.0,27.89999999999999,0.0
4406,2025-03-15 07:30:00,64.27666666666666,2.119999999999997,0.0,15.5,84.64999999999999,63.57,0.0,73.99,47.24333333333334,74.0,0.0,70.0,0.0,74.26666666666667,,,67.0,69.0,85.0,55.0,25.919999999999995,0.0
4407,2025-03-15 07:45:00,64.27666666666666,2.119999999999997,0.0,15.833333333333334,81.76,63.57,0.0,73.99,43.31333333333333,74.0,0.0,70.0,0.0,74.33333333333333,,,67.0,69.0,85.0,55.0,24.03,0.0
4408,2025-03-15 08:00:00,64.27666666666666,2.119999999999997,0.0,16.0,80.20333333333333,63.57,0.0,73.99,41.56666666666666,74.0,0.0,70.0,0.0,74.32,,,67.0,69.0,85.0,55.0,21.270000000000003,0.0
4409,2025-03-15 08:15:00,64.98333333333333,0.0,0.0,16.0,78.43333333333334,63.57,0.0,73.99,39.943333333333335,74.0,0.0,70.0,0.0,74.28,,,67.0,69.0,85.0,55.0,19.590000000000003,0.0
4410,2025-03-15 08:30:00,64.98333333333333,2.119999999999997,0.0,20.33333333333333,77.18,63.57,0.0,73.99,43.98,74.0,0.0,70.0,0.0,74.0,,,67.0,69.0,85.0,55.0,23.629999999999995,0.0
4411,2025-03-15 08:45:00,65.68666666666667,2.119999999999997,0.0,21.5,80.67333333333333,63.57,0.0,73.99,48.45666666666667,74.0,0.0,70.0,0.0,73.81666666666666,,,67.0,69.0,85.0,55.0,25.43,0.0
4412,2025-03-15 09:00:00,62.86333333333334,2.119999999999997,0.0,21.5,82.52666666666666,63.57,0.0,73.99,50.446666666666665,74.0,0.0,70.0,0.0,73.80333333333333,,,67.0,69.0,85.0,55.0,28.56000000000001,0.0
4413,2025-03-15 09:15:00,62.86333333333334,-2.119999999999997,0.0,21.5,84.39333333333333,63.57,0.0,73.99,52.04333333333333,74.0,0.0,70.0,0.0,73.8,,,67.0,69.0,85.0,55.0,30.6,0.0
4414,2025-03-15 09:30:00,63.57,0.0,0.0,22.0,86.78666666666668,63.57,0.0,73.99,55.02666666666666,74.0,0.0,70.0,0.0,73.73333333333333,,,67.0,69.0,85.0,55.0,32.28999999999999,0.0
4415,2025-03-15 09:45:00,64.98,0.0,0.0,21.83333333333333,89.70333333333333,63.57,0.0,73.99,58.21333333333333,74.0,0.0,70.0,0.0,73.68333333333334,,,67.0,69.0,85.0,55.0,35.54,0.0
4416,2025-03-15 10:00:00,65.69,2.119999999999997,0.0,18.666666666666668,89.95,63.57,0.0,73.99,59.52,74.0,0.0,70.0,0.0,73.72333333333333,,,67.0,69.0,85.0,55.0,37.13,0.0
4417,2025-03-15 10:15:00,65.68666666666667,2.119999999999997,0.0,17.5,91.39333333333332,63.57,0.0,73.99,61.71,74.0,0.0,70.0,0.0,73.72,,,67.0,69.0,85.0,55.0,37.28,0.0
4418,2025-03-15 10:30:00,63.57,0.0,0.0,17.0,91.24333333333334,63.57,0.0,73.99,61.27333333333333,74.0,0.0,70.0,0.0,73.81,,,67.0,69.0,85.0,55.0,38.6,0.0
4419,2025-03-15 10:45:00,64.98333333333333,0.0,0.0,17.0,92.40666666666668,63.57,0.0,73.99,62.53666666666667,74.0,0.0,70.0,0.0,73.82333333333334,,,67.0,69.0,85.0,55.0,38.440000000000005,0.0
4420,2025-03-15 11:00:00,62.86333333333334,2.119999999999997,0.0,17.166666666666668,92.14,63.57,0.0,73.99,61.52666666666667,74.0,0.0,70.0,0.0,73.92333333333333,,,67.0,69.0,85.0,55.0,39.67,0.0
4421,2025-03-15 11:15:00,62.156666666666666,0.0,0.0,18.0,91.73333333333332,63.57,0.0,73.99,61.27,74.0,0.0,70.0,0.0,73.94666666666666,,,67.0,69.0,85.0,55.0,38.47,0.0
4422,2025-03-15 11:30:00,64.27666666666666,-2.119999999999997,0.0,18.83333333333333,91.05666666666669,63.57,0.0,73.99,61.086666666666666,74.0,0.0,70.0,0.0,73.97666666666667,,,67.0,69.0,85.0,55.0,38.71,0.0
4423,2025-03-15 11:45:00,66.39333333333333,0.0,0.0,19.166666666666668,90.86666666666667,63.57,0.0,73.99,61.54666666666666,74.0,0.0,70.0,0.0,73.96,,,67.0,69.0,85.0,55.0,38.35,0.0
4424,2025-03-15 12:00:00,66.39333333333333,4.229999999999997,0.0,18.666666666666668,91.39333333333332,63.57,0.0,73.99,61.81666666666666,74.0,0.0,70.0,0.0,73.96666666666667,,,67.0,69.0,85.0,55.0,38.52,0.0
4425,2025-03-15 12:15:00,64.98333333333333,4.229999999999997,0.0,17.833333333333332,91.24666666666668,63.57,0.0,73.99,61.26333333333333,74.0,0.0,70.0,0.0,73.99333333333334,,,67.0,69.0,85.0,55.0,38.83,0.0
4426,2025-03-15 12:30:00,64.27666666666666,0.0,0.0,17.5,91.65333333333336,63.57,0.0,73.99,60.98333333333333,74.0,0.0,70.0,0.0,74.01333333333334,,,67.0,69.0,85.0,55.0,38.28999999999999,0.0
4427,2025-03-15 12:45:00,64.98333333333333,0.0,0.0,17.5,89.50333333333333,63.57,0.0,73.99,58.98333333333333,74.0,0.0,70.0,0.0,74.08,,,67.0,69.0,85.0,55.0,38.6,0.0
4428,2025-03-15 13:00:00,64.98333333333333,2.119999999999997,0.0,17.5,89.93666666666667,63.57,0.0,73.99,59.49333333333333,74.0,0.0,70.0,0.0,74.03666666666668,,,67.0,69.0,85.0,55.0,36.13,0.0
4429,2025-03-15 13:15:00,63.57,0.0,0.0,17.333333333333332,89.18333333333334,63.57,0.0,73.99,57.73,74.0,0.0,70.0,0.0,74.08999999999999,,,67.0,69.0,85.0,55.0,36.56,0.0
4430,2025-03-15 13:30:00,63.57,0.0,0.0,17.5,88.76666666666667,63.57,0.0,73.99,57.54,74.0,0.0,70.0,0.0,74.06333333333333,,,67.0,69.0,85.0,55.0,34.96,0.0
4431,2025-03-15 13:45:00,63.57,0.0,0.0,17.333333333333332,88.49666666666667,63.57,0.0,73.99,56.93666666666667,74.0,0.0,70.0,0.0,74.07,,,67.0,69.0,85.0,55.0,35.160000000000004,0.0
4432,2025-03-15 14:00:00,64.27666666666666,0.0,0.0,17.0,87.3,63.57,0.0,73.99,55.77333333333333,74.0,0.0,70.0,0.0,74.08333333333333,,,67.0,69.0,85.0,55.0,34.080000000000005,0.0
4433,2025-03-15 14:15:00,64.98333333333333,0.0,0.0,17.0,88.06333333333333,63.57,0.0,73.99,56.41,74.0,0.0,70.0,0.0,74.03333333333333,,,67.0,69.0,85.0,55.0,33.13999999999999,0.0
4434,2025-03-15 14:30:00,64.98333333333333,2.119999999999997,0.0,17.0,86.47333333333334,63.57,0.0,73.99,54.833333333333336,74.0,0.0,70.0,0.0,74.09333333333332,,,67.0,69.0,85.0,55.0,33.370000000000005,0.0
4435,2025-03-15 14:45:00,65.68666666666667,2.119999999999997,0.0,16.666666666666668,87.08666666666666,63.57,0.0,73.99,55.97666666666667,74.0,0.0,70.0,0.0,74.01333333333334,,,67.0,69.0,85.0,55.0,32.410000000000004,0.0
4436,2025-03-15 15:00:00,64.27666666666666,4.229999999999997,0.0,16.5,85.98666666666666,63.57,0.0,73.99,54.223333333333336,74.0,0.0,70.0,0.0,74.08,,,67.0,69.0,85.0,55.0,33.54,0.0
4437,2025-03-15 15:15:00,64.98,0.0,0.0,16.5,86.28333333333335,63.57,0.0,73.99,55.35333333333333,74.0,0.0,70.0,0.0,74.00666666666667,,,67.0,69.0,85.0,55.0,31.749999999999996,0.0
4438,2025-03-15 15:30:00,64.27666666666666,4.229999999999997,0.0,16.5,86.42333333333333,63.57,0.0,73.99,54.81,74.0,0.0,70.0,0.0,74.01333333333334,,,67.0,69.0,85.0,55.0,32.76,0.0
4439,2025-03-15 15:45:00,64.27666666666666,0.0,0.0,16.5,86.61,63.57,0.0,73.99,55.5,74.0,0.0,70.0,0.0,73.98333333333333,,,67.0,69.0,85.0,55.0,32.209999999999994,0.0
4440,2025-03-15 16:00:00,63.57,0.0,0.0,16.833333333333332,87.16666666666667,63.57,0.0,73.99,55.92666666666667,74.0,0.0,70.0,0.0,73.98,,,67.0,69.0,85.0,55.0,33.35,0.0
4441,2025-03-15 16:15:00,63.57,0.0,0.0,18.33333333333333,87.17999999999999,63.57,0.0,73.99,56.24666666666667,74.0,0.0,70.0,0.0,73.96,,,67.0,69.0,85.0,55.0,33.989999999999995,0.0
4442,2025-03-15 16:30:00,63.57,0.0,0.0,18.83333333333333,88.04,63.57,0.0,73.99,57.27666666666667,74.0,0.0,70.0,0.0,73.93333333333334,,,67.0,69.0,85.0,55.0,34.24999999999999,0.0
4443,2025-03-15 16:45:00,64.27666666666666,0.0,0.0,21.166666666666668,88.79666666666667,63.57,0.0,73.99,57.24333333333333,74.0,0.0,70.0,0.0,73.94666666666666,,,67.0,69.0,85.0,55.0,35.38,0.0
4444,2025-03-15 17:00:00,65.69,2.119999999999997,0.0,21.166666666666668,90.58,63.57,0.0,73.99,60.51333333333333,74.0,0.0,70.0,0.0,73.83,,,67.0,69.0,85.0,55.0,36.78,0.0
4445,2025-03-15 17:15:00,64.27666666666666,2.119999999999997,0.0,20.0,90.27333333333333,63.57,0.0,73.99,58.96666666666667,74.0,0.0,70.0,0.0,73.94,,,67.0,69.0,85.0,55.0,38.87,0.0
4446,2025-03-15 17:30:00,64.98,0.0,0.0,21.5,91.64666666666666,63.57,0.0,73.99,60.66666666666666,74.0,0.0,70.0,0.0,73.87333333333333,,,67.0,69.0,85.0,55.0,38.38,0.0
4447,2025-03-15 17:45:00,64.98333333333333,0.0,0.0,22.0,91.54666666666668,63.57,0.0,73.99,60.44,74.0,0.0,70.0,0.0,73.93333333333334,,,67.0,69.0,85.0,55.0,40.27,0.0
4448,2025-03-15 18:00:00,66.39333333333333,2.119999999999997,0.0,21.5,92.02333333333333,63.57,0.0,73.99,60.96,74.0,0.0,70.0,0.0,73.92,,,67.0,69.0,85.0,55.0,39.28,0.0
4449,2025-03-15 18:15:00,66.39333333333333,2.119999999999997,0.0,19.166666666666668,93.96,63.57,0.0,73.99,60.79333333333333,74.0,0.0,70.0,0.0,73.95666666666666,,,67.0,69.0,85.0,55.0,37.57000000000001,0.0
4450,2025-03-15 18:30:00,64.98333333333333,2.119999999999997,0.0,17.666666666666668,92.17333333333332,63.57,0.0,73.99,57.73333333333333,74.0,0.0,70.0,0.0,74.09333333333332,,,67.0,69.0,85.0,55.0,36.900000000000006,0.0
4451,2025-03-15 18:45:00,64.98333333333333,2.119999999999997,0.0,16.833333333333332,91.18,63.57,0.0,73.99,56.39000000000001,74.0,0.0,70.0,0.0,74.12666666666667,,,67.0,69.0,85.0,55.0,34.06,0.0
4452,2025-03-15 19:00:00,64.98333333333333,0.0,0.0,16.5,88.20666666666666,63.57,0.0,73.99,52.16666666666666,74.0,0.0,70.0,0.0,74.25333333333333,,,67.0,69.0,85.0,55.0,32.89,0.0
4453,2025-03-15 19:15:00,65.69,2.119999999999997,0.0,16.5,86.52333333333333,63.57,0.0,73.99,50.153333333333336,74.0,0.0,70.0,0.0,74.25,,,67.0,69.0,85.0,55.0,29.09,0.0
4454,2025-03-15 19:30:00,64.98333333333333,2.119999999999997,0.0,16.166666666666668,83.96333333333332,63.57,0.0,73.99,46.54666666666666,74.0,0.0,70.0,0.0,74.31333333333333,,,67.0,69.0,85.0,55.0,27.489999999999995,0.0
4455,2025-03-15 19:45:00,64.27666666666666,0.0,0.0,16.5,82.40666666666667,63.57,0.0,73.99,44.97,74.0,0.0,70.0,0.0,74.29333333333334,,,67.0,69.0,85.0,55.0,24.37,0.0
4456,2025-03-15 20:00:00,64.27666666666666,0.0,0.0,17.0,79.39666666666666,63.57,0.0,73.99,40.336666666666666,74.0,0.0,70.0,0.0,74.37666666666667,,,67.0,69.0,85.0,55.0,23.319999999999997,0.0
4457,2025-03-15 20:15:00,64.27666666666666,0.0,0.0,17.0,78.28333333333333,63.57,0.0,73.99,39.836666666666666,74.0,0.0,70.0,0.0,74.28,,,67.0,69.0,85.0,55.0,19.520000000000003,0.0
4458,2025-03-15 20:30:00,62.86333333333334,2.119999999999997,0.0,17.0,77.70666666666666,63.57,0.0,73.99,39.39333333333334,74.0,0.0,70.0,0.0,74.21666666666665,,,67.0,69.0,85.0,55.0,19.74,0.0
4459,2025-03-15 20:45:00,64.27666666666666,0.0,0.0,16.833333333333332,78.42666666666666,63.57,0.0,73.99,40.06,74.0,0.0,70.0,0.0,74.12,,,67.0,69.0,85.0,55.0,18.83,0.0
4460,2025-03-15 21:00:00,64.98333333333333,0.0,0.0,16.5,78.23,63.57,0.0,73.99,39.81666666666666,74.0,0.0,70.0,0.0,74.08,,,67.0,69.0,85.0,55.0,19.539999999999992,0.0
4461,2025-03-15 21:15:00,65.68666666666667,2.119999999999997,0.0,16.166666666666668,78.54333333333334,63.57,0.0,73.99,40.59333333333333,74.0,0.0,70.0,0.0,74.02333333333333,,,67.0,69.0,85.0,55.0,19.22,0.0
4462,2025-03-15 21:30:00,63.57,4.229999999999997,0.0,16.0,79.57333333333334,63.57,0.0,73.99,41.60333333333333,74.0,0.0,70.0,0.0,73.98,,,67.0,69.0,85.0,55.0,20.24,0.0
4463,2025-03-15 21:45:00,67.09666666666666,2.119999999999997,0.0,16.0,79.52,63.57,0.0,73.99,41.7,74.0,0.0,70.0,0.0,73.98,,,67.0,69.0,85.0,55.0,20.849999999999994,0.0
4464,2025-03-15 22:00:00,62.86333333333334,4.229999999999997,0.0,16.333333333333332,79.95333333333333,63.57,0.0,73.99,42.10333333333333,74.0,0.0,70.0,0.0,73.96,,,67.0,69.0,85.0,55.0,20.930000000000007,0.0
4465,2025-03-15 22:15:00,63.57,0.0,0.0,16.833333333333332,80.28666666666668,63.57,0.0,73.99,42.31333333333333,74.0,0.0,70.0,0.0,73.95333333333333,,,67.0,69.0,85.0,55.0,21.520000000000003,0.0
4466,2025-03-15 22:30:00,64.27666666666666,0.0,0.0,17.5,80.48666666666666,63.57,0.0,73.99,43.05666666666667,74.0,0.0,70.0,0.0,73.94666666666666,,,67.0,69.0,85.0,55.0,21.57,0.0
4467,2025-03-15 22:45:00,65.68666666666667,2.119999999999997,0.0,17.5,80.79,63.57,0.0,73.99,43.48333333333333,74.0,0.0,70.0,0.0,73.94,,,67.0,69.0,85.0,55.0,22.460000000000008,0.0
4468,2025-03-15 23:00:00,65.68666666666667,2.119999999999997,0.0,18.0,81.58999999999999,63.57,0.0,73.99,44.64666666666667,74.0,0.0,70.0,0.0,73.89999999999999,,,67.0,69.0,85.0,55.0,22.499999999999996,0.0
4469,2025-03-15 23:15:00,64.27666666666666,4.229999999999997,0.0,18.0,82.73666666666666,63.57,0.0,73.99,45.79333333333333,74.0,0.0,70.0,0.0,73.88,,,67.0,69.0,85.0,55.0,23.679999999999996,0.0
4470,2025-03-15 23:30:00,65.69,2.119999999999997,0.0,18.0,82.16666666666667,63.57,0.0,73.99,45.36666666666667,74.0,0.0,70.0,0.0,73.93333333333334,,,67.0,69.0,85.0,55.0,24.35,0.0
4471,2025-03-15 23:45:00,64.27666666666666,2.119999999999997,0.0,17.5,82.73666666666666,63.57,0.0,73.99,46.07,74.0,0.0,70.0,0.0,73.91333333333334,,,67.0,69.0,85.0,55.0,24.0,0.0
4472,2025-03-16 00:00:00,63.57,0.0,0.0,17.0,82.64,63.57,0.0,73.99,45.95,74.0,0.0,70.0,0.0,73.94,,,67.0,69.0,85.0,55.0,24.71,0.0
4473,2025-03-16 00:15:00,64.27666666666666,0.0,0.0,16.5,83.03,63.57,0.0,73.99,46.50666666666667,74.0,0.0,70.0,0.0,73.93333333333334,,,67.0,69.0,85.0,55.0,24.590000000000003,0.0
4474,2025-03-16 00:30:00,63.57,0.0,0.0,17.333333333333332,83.64333333333333,63.57,0.0,73.99,46.81333333333333,74.0,0.0,70.0,0.0,73.94,,,67.0,69.0,85.0,55.0,25.45,0.0
4475,2025-03-16 00:45:00,63.57,0.0,0.0,19.166666666666668,83.98,63.57,0.0,73.99,46.95333333333334,74.0,0.0,70.0,0.0,73.94666666666666,,,67.0,69.0,85.0,55.0,25.72,0.0
4476,2025-03-16 01:00:00,62.86333333333334,-2.119999999999997,0.0,20.83333333333333,85.16000000000001,63.57,0.0,73.99,47.64333333333334,74.0,0.0,70.0,0.0,73.94,,,67.0,69.0,85.0,55.0,26.770000000000003,0.0
4477,2025-03-16 01:15:00,64.63,-2.119999999999997,0.0,21.0,84.965,63.57,0.0,73.99,47.745000000000005,74.0,0.0,70.0,0.0,73.96,,,67.0,69.0,85.0,55.0,27.910000000000004,0.0
4478,2025-03-16 01:30:00,64.27666666666666,2.119999999999997,0.0,21.33333333333333,85.78000000000002,63.57,0.0,73.99,48.373333333333335,74.0,0.0,70.0,0.0,73.94,,,67.0,69.0,85.0,55.0,27.9,0.0
4479,2025-03-16 01:45:00,64.27666666666666,0.0,0.0,21.5,85.79,63.57,0.0,73.99,48.34333333333333,74.0,0.0,70.0,0.0,73.95333333333333,,,67.0,69.0,85.0,55.0,28.72000000000001,0.0
4480,2025-03-16 02:00:00,64.27666666666666,0.0,0.0,21.5,86.02333333333333,63.57,0.0,73.99,48.723333333333336,74.0,0.0,70.0,0.0,73.94666666666666,,,67.0,69.0,85.0,55.0,28.520000000000003,0.0
4481,2025-03-16 02:15:00,66.39333333333333,2.119999999999997,0.0,22.0,86.55333333333334,63.57,0.0,73.99,49.28666666666667,74.0,0.0,70.0,0.0,73.95333333333333,,,67.0,69.0,85.0,55.0,28.840000000000003,0.0
4482,2025-03-16 02:30:00,64.98333333333333,2.119999999999997,0.0,21.83333333333333,86.42,63.57,0.0,73.99,48.906666666666666,74.0,0.0,70.0,0.0,73.97333333333334,,,67.0,69.0,85.0,55.0,28.78000000000001,0.0
4483,2025-03-16 02:45:00,64.98333333333333,2.119999999999997,0.0,21.5,86.69666666666666,63.57,0.0,73.99,49.20666666666667,74.0,0.0,70.0,0.0,73.97333333333334,,,67.0,69.0,85.0,55.0,29.05,0.0
4484,2025-03-16 03:00:00,63.57,0.0,0.0,21.5,86.41666666666667,63.57,0.0,73.99,48.68666666666667,74.0,0.0,70.0,0.0,73.99333333333334,,,67.0,69.0,85.0,55.0,29.069999999999997,0.0
4485,2025-03-16 03:15:00,65.68666666666667,0.0,0.0,21.5,86.58999999999999,63.57,0.0,73.99,49.196666666666665,74.0,0.0,70.0,0.0,73.98333333333333,,,67.0,69.0,85.0,55.0,28.3,0.0
4486,2025-03-16 03:30:00,64.27666666666666,0.0,0.0,21.5,86.44333333333333,63.57,0.0,73.99,48.553333333333335,74.0,0.0,70.0,0.0,74.02666666666666,,,67.0,69.0,85.0,55.0,29.34,0.0
4487,2025-03-16 03:45:00,64.27666666666666,2.119999999999997,0.0,21.5,85.52666666666666,63.57,0.0,73.99,47.830000000000005,74.0,0.0,70.0,0.0,74.02666666666666,,,67.0,69.0,85.0,55.0,28.24,0.0
4488,2025-03-16 04:00:00,64.27666666666666,0.0,0.0,21.5,86.51333333333332,63.57,0.0,73.99,48.60666666666666,74.0,0.0,70.0,0.0,73.99,,,67.0,69.0,85.0,55.0,28.6,0.0
4489,2025-03-16 04:15:00,64.27666666666666,2.119999999999997,0.0,21.5,84.90333333333332,63.57,0.0,73.99,47.05,74.0,0.0,70.0,0.0,74.05666666666666,,,67.0,69.0,85.0,55.0,29.11,0.0
4490,2025-03-16 04:30:00,64.98333333333333,0.0,0.0,21.5,85.81,63.57,0.0,73.99,48.19,74.0,0.0,70.0,0.0,73.98333333333333,,,67.0,69.0,85.0,55.0,27.4,0.0
4491,2025-03-16 04:45:00,64.27666666666666,2.119999999999997,0.0,21.666666666666668,84.61,63.57,0.0,73.99,46.29333333333333,74.0,0.0,70.0,0.0,74.06666666666666,,,67.0,69.0,85.0,55.0,28.53000000000001,0.0
4492,2025-03-16 05:00:00,64.98,2.119999999999997,0.0,22.0,85.06666666666666,63.57,0.0,73.99,47.34,74.0,0.0,70.0,0.0,74.00333333333333,,,67.0,69.0,85.0,55.0,26.78,0.0
4493,2025-03-16 05:15:00,64.27666666666666,4.229999999999997,0.0,21.5,84.82333333333332,63.57,0.0,73.99,46.51333333333333,74.0,0.0,70.0,0.0,74.04333333333334,,,67.0,69.0,85.0,55.0,27.9,0.0
4494,2025-03-16 05:30:00,65.68666666666667,0.0,0.0,20.33333333333333,83.89666666666666,63.57,0.0,73.99,45.68333333333334,74.0,0.0,70.0,0.0,74.05666666666666,,,67.0,69.0,85.0,55.0,26.239999999999995,0.0
4495,2025-03-16 05:45:00,64.27666666666666,2.119999999999997,0.0,20.33333333333333,84.19999999999999,63.57,0.0,73.99,45.583333333333336,74.0,0.0,70.0,0.0,74.05333333333333,,,67.0,69.0,85.0,55.0,26.15000000000001,0.0
4496,2025-03-16 06:00:00,63.57,0.0,0.0,20.5,82.82,63.57,0.0,73.99,44.193333333333335,74.0,0.0,70.0,0.0,74.08333333333333,,,67.0,69.0,85.0,55.0,25.59,0.0
4497,2025-03-16 06:15:00,65.69,0.0,0.0,20.5,83.27666666666666,63.57,0.0,73.99,44.580000000000005,74.0,0.0,70.0,0.0,74.04333333333334,,,67.0,69.0,85.0,55.0,24.86,0.0
4498,2025-03-16 06:30:00,64.27666666666666,2.119999999999997,0.0,20.5,82.08,63.57,0.0,73.99,43.27333333333333,74.0,0.0,70.0,0.0,74.07333333333332,,,67.0,69.0,85.0,55.0,24.92,0.0
4499,2025-03-16 06:45:00,64.27666666666666,-2.119999999999997,0.0,21.666666666666668,83.23333333333333,63.57,0.0,73.99,44.64666666666667,74.0,0.0,70.0,0.0,73.99666666666667,,,67.0,69.0,85.0,55.0,23.919999999999995,0.0
4500,2025-03-16 07:00:00,64.98333333333333,2.119999999999997,0.0,20.33333333333333,82.98333333333333,63.57,0.0,73.99,43.73,74.0,0.0,70.0,0.0,74.04,,,67.0,69.0,85.0,55.0,25.49,0.0
4501,2025-03-16 07:15:00,65.68666666666667,2.119999999999997,0.0,20.0,82.55,63.57,0.0,73.99,43.93666666666667,74.0,0.0,70.0,0.0,74.00333333333333,,,67.0,69.0,85.0,55.0,23.98,0.0
4502,2025-03-16 07:30:00,65.68666666666667,4.229999999999997,0.0,20.83333333333333,83.08333333333333,63.57,0.0,73.99,43.52,74.0,0.0,70.0,0.0,74.02666666666666,,,67.0,69.0,85.0,55.0,24.28,0.0
4503,2025-03-16 07:45:00,65.68666666666667,4.229999999999997,0.0,21.166666666666668,82.04333333333334,63.57,0.0,73.99,42.72666666666667,74.0,0.0,70.0,0.0,74.04,,,67.0,69.0,85.0,55.0,23.700000000000003,0.0
4504,2025-03-16 08:00:00,64.27666666666666,0.0,0.0,21.166666666666668,83.20333333333333,63.57,0.0,73.99,44.03,74.0,0.0,70.0,0.0,73.98,,,67.0,69.0,85.0,55.0,23.739999999999995,0.0
4505,2025-03-16 08:15:00,64.98,0.0,0.0,20.5,82.33999999999999,63.57,0.0,73.99,42.41666666666666,74.0,0.0,70.0,0.0,74.03666666666668,,,67.0,69.0,85.0,55.0,24.4,0.0
4506,2025-03-16 08:30:00,63.57,2.119999999999997,0.0,20.166666666666668,82.67666666666666,63.57,0.0,73.99,43.38666666666666,74.0,0.0,70.0,0.0,73.99000000000001,,,67.0,69.0,85.0,55.0,23.07,0.0
4507,2025-03-16 08:45:00,65.68666666666667,-2.119999999999997,0.0,20.83333333333333,81.99333333333333,63.57,0.0,73.99,42.61333333333334,74.0,0.0,70.0,0.0,74.02333333333333,,,67.0,69.0,85.0,55.0,24.32999999999999,0.0
4508,2025-03-16 09:00:00,62.86333333333334,4.229999999999997,0.0,20.0,82.57333333333334,63.57,0.0,73.99,43.77666666666666,74.0,0.0,70.0,0.0,73.98,,,67.0,69.0,85.0,55.0,22.8,0.0
4509,2025-03-16 09:15:00,64.27666666666666,0.0,0.0,20.33333333333333,82.90666666666667,63.57,0.0,73.99,43.87,74.0,0.0,70.0,0.0,73.97333333333334,,,67.0,69.0,85.0,55.0,24.17,0.0
4510,2025-03-16 09:30:00,65.69,0.0,0.0,20.0,82.58999999999999,63.57,0.0,73.99,43.98666666666667,74.0,0.0,70.0,0.0,73.98,,,67.0,69.0,85.0,55.0,24.66,0.0
4511,2025-03-16 09:45:00,64.98333333333333,2.119999999999997,0.0,19.666666666666668,82.74333333333333,63.57,0.0,73.99,44.27333333333333,74.0,0.0,70.0,0.0,73.96,,,67.0,69.0,85.0,55.0,24.3,0.0
4512,2025-03-16 10:00:00,64.27666666666666,0.0,0.0,19.83333333333333,83.03666666666668,63.57,0.0,73.99,44.61000000000001,74.0,0.0,70.0,0.0,73.96666666666665,,,67.0,69.0,85.0,55.0,24.879999999999995,0.0
4513,2025-03-16 10:15:00,64.27666666666666,0.0,0.0,20.666666666666668,83.97333333333334,63.57,0.0,73.99,45.97666666666667,74.0,0.0,70.0,0.0,73.91333333333334,,,67.0,69.0,85.0,55.0,25.54,0.0
4514,2025-03-16 10:30:00,64.27666666666666,2.119999999999997,0.0,21.33333333333333,84.67999999999999,63.57,0.0,73.99,46.96,74.0,0.0,70.0,0.0,73.89999999999999,,,67.0,69.0,85.0,55.0,26.779999999999998,0.0
4515,2025-03-16 10:45:00,65.68666666666667,0.0,0.0,20.33333333333333,86.19666666666667,63.57,0.0,73.99,49.05666666666667,74.0,0.0,70.0,0.0,73.83666666666666,,,67.0,69.0,85.0,55.0,27.819999999999997,0.0
4516,2025-03-16 11:00:00,64.27666666666666,0.0,0.0,21.5,87.74000000000001,63.57,0.0,73.99,50.330000000000005,74.0,0.0,70.0,0.0,73.83,,,67.0,69.0,85.0,55.0,30.000000000000007,0.0
4517,2025-03-16 11:15:00,65.68666666666667,2.119999999999997,0.0,19.83333333333333,87.35000000000001,63.57,0.0,73.99,50.82333333333333,74.0,0.0,70.0,0.0,73.85666666666667,,,67.0,69.0,85.0,55.0,30.550000000000004,0.0
4518,2025-03-16 11:30:00,64.98333333333333,4.229999999999997,0.0,20.0,88.74666666666667,63.57,0.0,73.99,51.556666666666665,74.0,0.0,70.0,0.0,73.88666666666667,,,67.0,69.0,85.0,55.0,30.64999999999999,0.0
4519,2025-03-16 11:45:00,63.57,2.119999999999997,0.0,20.33333333333333,87.58,63.57,0.0,73.99,51.06666666666666,74.0,0.0,70.0,0.0,73.93333333333334,,,67.0,69.0,85.0,55.0,32.169999999999995,0.0
4520,2025-03-16 12:00:00,64.98333333333333,2.119999999999997,0.0,20.5,89.14333333333333,63.57,0.0,73.99,53.15,74.0,0.0,70.0,0.0,73.86333333333333,,,67.0,69.0,85.0,55.0,31.669999999999995,0.0
4521,2025-03-16 12:15:00,64.27666666666666,2.119999999999997,0.0,20.166666666666668,88.06333333333333,63.57,0.0,73.99,52.48333333333333,74.0,0.0,70.0,0.0,73.92666666666666,,,67.0,69.0,85.0,55.0,34.38,0.0
4522,2025-03-16 12:30:00,64.27666666666666,2.119999999999997,0.0,19.166666666666668,88.20333333333333,63.57,0.0,73.99,53.21333333333333,74.0,0.0,70.0,0.0,73.92,,,67.0,69.0,85.0,55.0,32.61,0.0
4523,2025-03-16 12:45:00,63.56999999999999,0.0,0.0,19.0,88.62,63.57,0.0,73.99,53.336666666666666,74.0,0.0,70.0,0.0,73.94666666666666,,,67.0,69.0,85.0,55.0,33.0,0.0
4524,2025-03-16 13:00:00,66.39333333333333,,0.0,20.33333333333333,88.02333333333333,63.57,0.0,73.99,53.15,74.0,0.0,70.0,0.0,73.96,,,67.0,69.0,85.0,55.0,,
4525,2025-03-16 13:15:00,67.09666666666666,2.119999999999997,0.0,19.5,87.96333333333332,63.57,0.0,73.99,53.28666666666667,74.0,0.0,70.0,0.0,73.97333333333334,,,67.0,69.0,85.0,55.0,32.3,0.0
4526,2025-03-16 13:30:00,63.57,2.119999999999997,0.0,19.0,86.97666666666667,63.57,0.0,73.99,52.36333333333334,74.0,0.0,70.0,0.0,74.01,,,67.0,69.0,85.0,55.0,32.599999999999994,0.0
4527,2025-03-16 13:45:00,62.86333333333334,0.0,0.0,19.83333333333333,87.39666666666666,63.57,0.0,73.99,52.35666666666666,74.0,0.0,70.0,0.0,74.01666666666667,,,67.0,69.0,85.0,55.0,31.10000000000001,0.0
4528,2025-03-16 14:00:00,65.69,-2.119999999999997,0.0,19.166666666666668,85.67333333333333,63.57,0.0,73.99,51.223333333333336,74.0,0.0,70.0,0.0,74.04333333333334,,,67.0,69.0,85.0,55.0,31.54,0.0
4529,2025-03-16 14:15:00,64.98333333333333,2.119999999999997,0.0,18.5,86.72000000000001,63.57,0.0,73.99,52.3,74.0,0.0,70.0,0.0,73.98333333333333,,,67.0,69.0,85.0,55.0,30.129999999999995,0.0
4530,2025-03-16 14:30:00,66.39333333333333,2.119999999999997,0.0,19.166666666666668,85.73,63.57,0.0,73.99,50.54666666666666,74.0,0.0,70.0,0.0,74.06333333333333,,,67.0,69.0,85.0,55.0,31.8,0.0
4531,2025-03-16 14:45:00,66.39333333333333,4.229999999999997,0.0,18.166666666666668,85.74666666666667,63.57,0.0,73.99,50.85333333333333,74.0,0.0,70.0,0.0,74.01666666666667,,,67.0,69.0,85.0,55.0,29.959999999999997,0.0
4532,2025-03-16 15:00:00,64.27666666666666,2.119999999999997,0.0,18.666666666666668,85.80666666666667,63.57,0.0,73.99,50.330000000000005,74.0,0.0,70.0,0.0,74.04666666666667,,,67.0,69.0,85.0,55.0,29.860000000000007,0.0
4533,2025-03-16 15:15:00,65.68666666666667,-2.119999999999997,0.0,18.166666666666668,85.13333333333334,63.57,0.0,73.99,50.26,74.0,0.0,70.0,0.0,74.02333333333333,,,67.0,69.0,85.0,55.0,28.8,0.0
4534,2025-03-16 15:30:00,66.39333333333333,2.119999999999997,0.0,18.666666666666668,86.07,63.57,0.0,73.99,51.16666666666666,74.0,0.0,70.0,0.0,73.98,,,67.0,69.0,85.0,55.0,29.599999999999994,0.0
4535,2025-03-16 15:45:00,65.68666666666667,2.119999999999997,0.0,18.5,84.84666666666668,63.57,0.0,73.99,50.43333333333334,74.0,0.0,70.0,0.0,74.01,,,67.0,69.0,85.0,55.0,30.14,0.0
4536,2025-03-16 16:00:00,65.69,4.229999999999997,0.0,18.0,85.05,63.57,0.0,73.99,51.22666666666667,74.0,0.0,70.0,0.0,73.97333333333334,,,67.0,69.0,85.0,55.0,29.739999999999995,0.0
4537,2025-03-16 16:15:00,62.86333333333334,2.119999999999997,0.0,18.33333333333333,85.33666666666666,63.57,0.0,73.99,51.35333333333333,74.0,0.0,70.0,0.0,73.98,,,67.0,69.0,85.0,55.0,30.610000000000007,0.0
4538,2025-03-16 16:30:00,65.68666666666667,-4.240000000000002,0.0,19.5,85.10666666666667,63.57,0.0,73.99,51.89666666666667,74.0,0.0,70.0,0.0,73.96,,,67.0,69.0,85.0,55.0,31.160000000000004,0.0
4539,2025-03-16 16:45:00,65.69,2.119999999999997,0.0,16.333333333333332,89.75999999999999,63.57,0.0,73.99,51.35,74.0,0.0,70.0,0.0,74.0,,,67.0,69.0,85.0,55.0,27.25,0.0
4540,2025-03-16 17:00:00,64.27666666666666,2.119999999999997,0.0,14.666666666666666,89.94333333333333,63.57,0.0,73.99,48.376666666666665,74.0,0.0,70.0,0.0,74.11333333333333,,,67.0,69.0,85.0,55.0,27.47000000000001,0.0
4541,2025-03-16 17:15:00,64.98333333333333,2.119999999999997,0.0,14.5,88.95,63.57,0.0,73.99,47.31,74.0,0.0,70.0,0.0,74.12,,,67.0,69.0,85.0,55.0,27.090000000000003,0.0
4542,2025-03-16 17:30:00,64.27666666666666,2.119999999999997,0.0,14.5,86.34333333333332,63.57,0.0,73.99,43.723333333333336,74.0,0.0,70.0,0.0,74.23,,,67.0,69.0,85.0,55.0,25.730000000000004,0.0
4543,2025-03-16 17:45:00,62.86333333333334,2.119999999999997,0.0,15.666666666666666,85.69333333333333,63.57,0.0,73.99,43.63666666666666,74.0,0.0,70.0,0.0,74.15666666666667,,,67.0,69.0,85.0,55.0,22.92,0.0
4544,2025-03-16 18:00:00,63.57,0.0,0.0,16.333333333333332,84.58999999999999,63.57,0.0,73.99,41.806666666666665,74.0,0.0,70.0,0.0,74.19333333333333,,,67.0,69.0,85.0,55.0,22.99,0.0
4545,2025-03-16 18:15:00,63.57,0.0,0.0,16.833333333333332,83.89,63.57,0.0,73.99,41.20666666666667,74.0,0.0,70.0,0.0,74.14333333333333,,,67.0,69.0,85.0,55.0,20.31000000000001,0.0
4546,2025-03-16 18:30:00,64.27666666666666,2.119999999999997,0.0,17.333333333333332,83.69,63.57,0.0,73.99,40.64,74.0,0.0,70.0,0.0,74.12,,,67.0,69.0,85.0,55.0,20.960000000000008,0.0
4547,2025-03-16 18:45:00,65.69,0.0,0.0,18.0,81.35000000000001,63.57,0.0,73.99,37.4,74.0,0.0,70.0,0.0,74.22333333333334,,,67.0,69.0,85.0,55.0,20.4,0.0
4548,2025-03-16 19:00:00,67.10000000000001,2.119999999999997,0.0,18.5,81.43333333333332,63.57,0.0,73.99,38.01666666666667,74.0,0.0,70.0,0.0,74.12,,,67.0,69.0,85.0,55.0,18.25,0.0
4549,2025-03-16 19:15:00,64.98333333333333,2.119999999999997,0.0,17.833333333333332,80.67999999999999,63.57,0.0,73.99,37.09666666666666,74.0,0.0,70.0,0.0,74.12,,,67.0,69.0,85.0,55.0,18.72999999999999,0.0
4550,2025-03-16 19:30:00,63.57,2.119999999999997,0.0,17.0,80.58666666666666,63.57,0.0,73.99,37.06666666666667,74.0,0.0,70.0,0.0,74.07666666666667,,,67.0,69.0,85.0,55.0,17.68,0.0
4551,2025-03-16 19:45:00,64.98333333333333,0.0,0.0,18.33333333333333,81.11666666666666,63.57,0.0,73.99,37.13333333333333,74.0,0.0,70.0,0.0,74.05333333333333,,,67.0,69.0,85.0,55.0,17.5,0.0
4552,2025-03-16 20:00:00,65.69,2.119999999999997,0.0,18.0,81.56,63.57,0.0,73.99,38.0,74.0,0.0,70.0,0.0,73.99666666666667,,,67.0,69.0,85.0,55.0,17.349999999999994,0.0
4553,2025-03-16 20:15:00,64.27666666666666,2.119999999999997,0.0,17.166666666666668,81.85333333333334,63.57,0.0,73.99,37.96333333333333,74.0,0.0,70.0,0.0,74.00666666666666,,,67.0,69.0,85.0,55.0,18.25,0.0
4554,2025-03-16 20:30:00,64.98333333333333,2.119999999999997,0.0,16.5,81.29666666666667,63.57,0.0,73.99,37.61666666666667,74.0,0.0,70.0,0.0,74.00666666666666,,,67.0,69.0,85.0,55.0,17.550000000000004,0.0
4555,2025-03-16 20:45:00,62.86333333333334,2.119999999999997,0.0,16.5,81.82333333333334,63.57,0.0,73.99,38.31666666666667,74.0,0.0,70.0,0.0,73.98,,,67.0,69.0,85.0,55.0,18.17,0.0
4556,2025-03-16 21:00:00,64.98333333333333,-2.119999999999997,0.0,18.5,81.89666666666666,63.57,0.0,73.99,38.50333333333333,74.0,0.0,70.0,0.0,73.98,,,67.0,69.0,85.0,55.0,18.870000000000005,0.0
4557,2025-03-16 21:15:00,64.98333333333333,2.119999999999997,0.0,17.0,81.32666666666667,63.57,0.0,73.99,38.76666666666667,74.0,0.0,70.0,0.0,73.96666666666665,,,67.0,69.0,85.0,55.0,19.08,0.0
4558,2025-03-16 21:30:00,64.27666666666666,0.0,0.0,16.666666666666668,81.62,63.57,0.0,73.99,39.18333333333333,74.0,0.0,70.0,0.0,73.96666666666665,,,67.0,69.0,85.0,55.0,19.0,0.0
4559,2025-03-16 21:45:00,64.98,0.0,0.0,18.166666666666668,81.75,63.57,0.0,73.99,39.41333333333333,74.0,0.0,70.0,0.0,73.96666666666665,,,67.0,69.0,85.0,55.0,19.64999999999999,0.0
4560,2025-03-16 22:00:00,62.86333333333334,0.0,0.0,17.5,82.18,63.57,0.0,73.99,39.97666666666667,74.0,0.0,70.0,0.0,73.95333333333333,,,67.0,69.0,85.0,55.0,19.91,0.0
4561,2025-03-16 22:15:00,65.69,-2.119999999999997,0.0,18.666666666666668,81.7,63.57,0.0,73.99,39.89333333333334,74.0,0.0,70.0,0.0,73.97333333333334,,,67.0,69.0,85.0,55.0,20.4,0.0
4562,2025-03-16 22:30:00,64.98333333333333,2.119999999999997,0.0,16.666666666666668,82.19,63.57,0.0,73.99,40.14,74.0,0.0,70.0,0.0,73.96,,,67.0,69.0,85.0,55.0,19.51,0.0
4563,2025-03-16 22:45:00,64.27666666666666,2.119999999999997,0.0,18.33333333333333,82.35333333333334,63.57,0.0,73.99,40.2,74.0,0.0,70.0,0.0,73.96666666666665,,,67.0,69.0,85.0,55.0,20.349999999999994,0.0
4564,2025-03-16 23:00:00,66.39333333333333,2.119999999999997,0.0,18.0,82.21333333333332,63.57,0.0,73.99,40.556666666666665,74.0,0.0,70.0,0.0,73.96666666666665,,,67.0,69.0,85.0,55.0,20.419999999999995,0.0
4565,2025-03-16 23:15:00,65.69,4.229999999999997,0.0,17.5,82.46666666666665,63.57,0.0,73.99,40.64,74.0,0.0,70.0,0.0,73.97333333333334,,,67.0,69.0,85.0,55.0,20.43,0.0
4566,2025-03-16 23:30:00,64.27666666666666,2.119999999999997,0.0,18.33333333333333,82.19333333333333,63.57,0.0,73.99,40.72666666666667,74.0,0.0,70.0,0.0,73.98,,,67.0,69.0,85.0,55.0,20.749999999999996,0.0
4567,2025-03-16 23:45:00,64.27333333333333,2.119999999999997,0.0,19.0,82.26666666666667,63.57,0.0,73.99,40.98333333333333,74.0,0.0,70.0,0.0,73.98,,,67.0,69.0,85.0,55.0,20.8,0.0
4568,2025-03-17 00:00:00,64.98333333333333,0.0,0.0,18.0,82.20333333333333,63.57,0.0,73.99,41.11000000000001,74.0,0.0,70.0,0.0,73.97333333333334,,,67.0,69.0,85.0,55.0,21.130000000000003,0.0
4569,2025-03-17 00:15:00,64.27666666666666,2.119999999999997,0.0,17.666666666666668,82.56333333333333,63.57,0.0,73.99,41.330000000000005,74.0,0.0,70.0,0.0,73.97333333333334,,,67.0,69.0,85.0,55.0,20.82,0.0
4570,2025-03-17 00:30:00,62.86333333333334,0.0,0.0,17.833333333333332,82.35666666666667,63.57,0.0,73.99,41.43666666666667,74.0,0.0,70.0,0.0,73.98,,,67.0,69.0,85.0,55.0,21.349999999999994,0.0
4571,2025-03-17 00:45:00,66.39333333333333,-2.119999999999997,0.0,18.5,82.89333333333333,63.57,0.0,73.99,41.63,74.0,0.0,70.0,0.0,73.96666666666665,,,67.0,69.0,85.0,55.0,20.89,0.0
4572,2025-03-17 01:00:00,64.98333333333333,4.229999999999997,0.0,17.666666666666668,82.79,63.57,0.0,73.99,41.39666666666667,74.0,0.0,70.0,0.0,73.98666666666666,,,67.0,69.0,85.0,55.0,21.340000000000003,0.0
4573,2025-03-17 01:15:00,65.68666666666667,2.119999999999997,0.0,17.833333333333332,82.20333333333333,63.57,0.0,73.99,41.6,74.0,0.0,70.0,0.0,73.98333333333333,,,67.0,69.0,85.0,55.0,21.870000000000005,0.0
4574,2025-03-17 01:30:00,64.98333333333333,2.119999999999997,0.0,18.0,82.53,63.57,0.0,73.99,41.91333333333333,74.0,0.0,70.0,0.0,73.98,,,67.0,69.0,85.0,55.0,21.540000000000006,0.0
4575,2025-03-17 01:45:00,66.39333333333333,2.119999999999997,0.0,17.5,82.54333333333334,63.57,0.0,73.99,42.00333333333333,74.0,0.0,70.0,0.0,73.98,,,67.0,69.0,85.0,55.0,22.309999999999995,0.0
4576,2025-03-17 02:00:00,64.27666666666666,2.119999999999997,0.0,17.0,82.64999999999999,63.57,0.0,73.99,42.29,74.0,0.0,70.0,0.0,73.98,,,67.0,69.0,85.0,55.0,22.000000000000007,0.0
4577,2025-03-17 02:15:00,62.86333333333334,2.119999999999997,0.0,17.833333333333332,82.84666666666666,63.57,0.0,73.99,41.88666666666666,74.0,0.0,70.0,0.0,73.99666666666667,,,67.0,69.0,85.0,55.0,21.940000000000005,0.0
4578,2025-03-17 02:30:00,66.39333333333333,-4.240000000000002,0.0,17.833333333333332,82.98,63.57,0.0,73.99,42.406666666666666,74.0,0.0,70.0,0.0,73.97333333333334,,,67.0,69.0,85.0,55.0,22.08,0.0
4579,2025-03-17 02:45:00,64.27666666666666,2.119999999999997,0.0,17.166666666666668,82.77,63.57,0.0,73.99,41.92333333333333,74.0,0.0,70.0,0.0,74.00666666666667,,,67.0,69.0,85.0,55.0,22.01,0.0
4580,2025-03-17 03:00:00,65.68666666666667,-2.119999999999997,0.0,18.5,82.64666666666666,63.57,0.0,73.99,42.17666666666667,74.0,0.0,70.0,0.0,73.98333333333333,,,67.0,69.0,85.0,55.0,21.78,0.0
4581,2025-03-17 03:15:00,65.69,2.119999999999997,0.0,17.5,82.56666666666666,63.57,0.0,73.99,42.57333333333333,74.0,0.0,70.0,0.0,73.98,,,67.0,69.0,85.0,55.0,22.599999999999994,0.0
4582,2025-03-17 03:30:00,62.86333333333334,2.119999999999997,0.0,17.5,82.53666666666666,63.57,0.0,73.99,42.72,74.0,0.0,70.0,0.0,73.97333333333334,,,67.0,69.0,85.0,55.0,22.279999999999998,0.0
4583,2025-03-17 03:45:00,64.27666666666666,-2.119999999999997,0.0,18.5,83.00999999999999,63.57,0.0,73.99,42.95333333333334,74.0,0.0,70.0,0.0,73.97333333333334,,,67.0,69.0,85.0,55.0,22.41,0.0
4584,2025-03-17 04:00:00,65.69,0.0,0.0,17.5,82.72333333333334,63.57,0.0,73.99,43.00333333333333,74.0,0.0,70.0,0.0,73.98,,,67.0,69.0,85.0,55.0,22.97999999999999,0.0
4585,2025-03-17 04:15:00,64.98333333333333,2.119999999999997,0.0,17.5,82.68666666666667,63.57,0.0,73.99,43.123333333333335,74.0,0.0,70.0,0.0,73.98,,,67.0,69.0,85.0,55.0,23.000000000000007,0.0
4586,2025-03-17 04:30:00,66.39333333333333,0.0,0.0,19.166666666666668,82.44333333333333,63.57,0.0,73.99,42.36666666666667,74.0,0.0,70.0,0.0,74.01666666666667,,,67.0,69.0,85.0,55.0,23.090000000000003,0.0
4587,2025-03-17 04:45:00,64.98333333333333,2.119999999999997,0.0,17.5,82.60666666666667,63.57,0.0,73.99,43.09333333333333,74.0,0.0,70.0,0.0,73.98,,,67.0,69.0,85.0,55.0,22.25,0.0
4588,2025-03-17 05:00:00,64.27666666666666,2.119999999999997,0.0,17.5,82.53000000000002,63.57,0.0,73.99,42.48666666666667,74.0,0.0,70.0,0.0,74.01333333333334,,,67.0,69.0,85.0,55.0,23.020000000000003,0.0
4589,2025-03-17 05:15:00,62.156666666666666,2.119999999999997,0.0,17.666666666666668,82.33999999999999,63.57,0.0,73.99,42.53666666666667,74.0,0.0,70.0,0.0,73.99333333333334,,,67.0,69.0,85.0,55.0,22.010000000000005,0.0
4590,2025-03-17 05:30:00,66.39333333333333,-2.119999999999997,0.0,18.33333333333333,82.68333333333334,63.57,0.0,73.99,42.72,74.0,0.0,70.0,0.0,73.99666666666667,,,67.0,69.0,85.0,55.0,22.749999999999996,0.0
4591,2025-03-17 05:45:00,64.98333333333333,2.119999999999997,0.0,17.166666666666668,81.82333333333334,63.57,0.0,73.99,42.080000000000005,74.0,0.0,70.0,0.0,74.01,,,67.0,69.0,85.0,55.0,22.28000000000001,0.0
4592,2025-03-17 06:00:00,64.27666666666666,2.119999999999997,0.0,18.0,81.90666666666667,63.57,0.0,73.99,41.96333333333333,74.0,0.0,70.0,0.0,74.01,,,67.0,69.0,85.0,55.0,22.14,0.0
4593,2025-03-17 06:15:00,65.68666666666667,0.0,0.0,18.166666666666668,81.21,63.57,0.0,73.99,41.64666666666667,74.0,0.0,70.0,0.0,74.01333333333334,,,67.0,69.0,85.0,55.0,22.239999999999995,0.0
4594,2025-03-17 06:30:00,67.09666666666666,2.119999999999997,0.0,19.33333333333333,82.45333333333333,63.57,0.0,73.99,42.653333333333336,74.0,0.0,70.0,0.0,73.98,,,67.0,69.0,85.0,55.0,21.9,0.0
4595,2025-03-17 06:45:00,65.69,4.229999999999997,0.0,17.666666666666668,82.20333333333333,63.57,0.0,73.99,42.84333333333333,74.0,0.0,70.0,0.0,73.98,,,67.0,69.0,85.0,55.0,22.86,0.0
4596,2025-03-17 07:00:00,65.68666666666667,2.119999999999997,0.0,17.166666666666668,82.22333333333334,63.57,0.0,73.99,42.92,74.0,0.0,70.0,0.0,73.98,,,67.0,69.0,85.0,55.0,22.62,0.0
4597,2025-03-17 07:15:00,63.57,0.0,0.0,17.5,82.36333333333333,63.57,0.0,73.99,43.14666666666667,74.0,0.0,70.0,0.0,73.98,,,67.0,69.0,85.0,55.0,22.57,0.0
4598,2025-03-17 07:30:00,63.57,-2.119999999999997,0.0,17.833333333333332,82.35333333333334,63.57,0.0,73.99,43.31333333333333,74.0,0.0,70.0,0.0,73.98,,,67.0,69.0,85.0,55.0,23.02,0.0
4599,2025-03-17 07:45:00,64.98333333333333,0.0,0.0,19.0,82.91,63.57,0.0,73.99,43.403333333333336,74.0,0.0,70.0,0.0,73.97333333333334,,,67.0,69.0,85.0,55.0,22.55,0.0
4600,2025-03-17 08:00:00,67.09666666666666,0.0,0.0,19.666666666666668,82.20333333333333,63.57,0.0,73.99,42.75666666666666,74.0,0.0,70.0,0.0,74.02,,,67.0,69.0,85.0,55.0,23.68,0.0
4601,2025-03-17 08:15:00,65.69,4.229999999999997,0.0,18.83333333333333,82.33333333333333,63.57,0.0,73.99,42.903333333333336,74.0,0.0,70.0,0.0,73.99000000000001,,,67.0,69.0,85.0,55.0,22.260000000000005,0.0
4602,2025-03-17 08:30:00,64.27666666666666,2.119999999999997,0.0,19.666666666666668,82.46666666666665,63.57,0.0,73.99,42.723333333333336,74.0,0.0,70.0,0.0,74.00666666666667,,,67.0,69.0,85.0,55.0,23.130000000000003,0.0
4603,2025-03-17 08:45:00,65.69,2.119999999999997,0.0,19.166666666666668,82.21333333333332,63.57,0.0,73.99,42.84,74.0,0.0,70.0,0.0,73.99000000000001,,,67.0,69.0,85.0,55.0,22.67,0.0
4604,2025-03-17 09:00:00,64.98333333333333,2.119999999999997,0.0,18.83333333333333,82.24333333333334,63.57,0.0,73.99,43.45666666666667,74.0,0.0,70.0,0.0,73.97333333333334,,,67.0,69.0,85.0,55.0,22.789999999999992,0.0
4605,2025-03-17 09:15:00,64.27666666666666,0.0,0.0,18.666666666666668,82.18333333333334,63.57,0.0,73.99,43.45333333333334,74.0,0.0,70.0,0.0,73.98,,,67.0,69.0,85.0,55.0,22.840000000000003,0.0
4606,2025-03-17 09:30:00,67.09666666666666,2.119999999999997,0.0,18.666666666666668,82.16000000000001,63.57,0.0,73.99,43.68666666666667,74.0,0.0,70.0,0.0,73.98,,,67.0,69.0,85.0,55.0,23.31000000000001,0.0
4607,2025-03-17 09:45:00,63.57,4.229999999999997,0.0,18.0,82.14,63.57,0.0,73.99,43.73,74.0,0.0,70.0,0.0,73.98,,,67.0,69.0,85.0,55.0,23.43,0.0
4608,2025-03-17 10:00:00,64.27666666666666,0.0,0.0,17.5,82.10666666666667,63.57,0.0,73.99,43.91666666666666,74.0,0.0,70.0,0.0,73.98,,,67.0,69.0,85.0,55.0,23.49,0.0
4609,2025-03-17 10:15:00,62.86333333333334,2.119999999999997,0.0,18.166666666666668,82.27,63.57,0.0,73.99,43.873333333333335,74.0,0.0,70.0,0.0,73.98333333333333,,,67.0,69.0,85.0,55.0,23.59,0.0
4610,2025-03-17 10:30:00,65.68666666666667,0.0,0.0,20.166666666666668,82.05333333333334,63.57,0.0,73.99,43.35333333333333,74.0,0.0,70.0,0.0,74.0,,,67.0,69.0,85.0,55.0,23.76,0.0
4611,2025-03-17 10:45:00,62.86333333333334,2.119999999999997,0.0,19.5,82.42333333333333,63.57,0.0,73.99,44.03333333333333,74.0,0.0,70.0,0.0,73.98,,,67.0,69.0,85.0,55.0,23.6,0.0
4612,2025-03-17 11:00:00,65.69,2.119999999999997,0.0,19.5,81.88666666666667,63.57,0.0,73.99,43.31666666666666,74.0,0.0,70.0,0.0,74.01333333333334,,,67.0,69.0,85.0,55.0,23.81,0.0
4613,2025-03-17 11:15:00,64.98333333333333,2.119999999999997,0.0,18.33333333333333,81.89666666666666,63.57,0.0,73.99,43.9,74.0,0.0,70.0,0.0,73.99000000000001,,,67.0,69.0,85.0,55.0,22.77,0.0
4614,2025-03-17 11:30:00,64.98,2.119999999999997,0.0,18.166666666666668,81.99666666666667,63.57,0.0,73.99,43.973333333333336,74.0,0.0,70.0,0.0,73.98333333333333,,,67.0,69.0,85.0,55.0,23.71,0.0
4615,2025-03-17 11:45:00,63.56999999999999,,0.0,20.33333333333333,82.18,63.57,0.0,73.99,43.77333333333333,74.0,0.0,70.0,0.0,73.98333333333333,,,67.0,69.0,85.0,55.0,,
4616,2025-03-17 12:00:00,64.27666666666666,-2.119999999999997,0.0,19.5,82.22000000000001,63.57,0.0,73.99,44.11666666666667,74.0,0.0,70.0,0.0,73.98,,,67.0,69.0,85.0,55.0,23.97000000000001,0.0
4617,2025-03-17 12:15:00,63.57,-2.119999999999997,0.0,18.33333333333333,81.17666666666666,63.57,0.0,73.99,42.46666666666667,74.0,0.0,70.0,0.0,74.06,,,67.0,69.0,85.0,55.0,23.89,0.0
4618,2025-03-17 12:30:00,63.57,0.0,0.0,18.0,81.44,63.57,0.0,73.99,43.10333333333333,74.0,0.0,70.0,0.0,74.00333333333333,,,67.0,69.0,85.0,55.0,22.65000000000001,0.0
4619,2025-03-17 12:45:00,64.98333333333333,0.0,0.0,19.5,81.25333333333333,63.57,0.0,73.99,41.68333333333333,74.0,0.0,70.0,0.0,74.05666666666666,,,67.0,69.0,85.0,55.0,22.770000000000003,0.0
4620,2025-03-17 13:00:00,65.69,2.119999999999997,0.0,18.666666666666668,82.33666666666666,63.57,0.0,73.99,44.06666666666666,74.0,0.0,70.0,0.0,73.96,,,67.0,69.0,85.0,55.0,22.279999999999998,0.0
4621,2025-03-17 13:15:00,63.57,2.119999999999997,0.0,18.166666666666668,84.03333333333333,63.57,0.0,73.99,45.11666666666667,74.0,0.0,70.0,0.0,73.91666666666667,,,67.0,69.0,85.0,55.0,23.879999999999995,0.0
4622,2025-03-17 13:30:00,64.98333333333333,0.0,0.0,18.0,83.29333333333334,63.57,0.0,73.99,44.49666666666667,74.0,0.0,70.0,0.0,73.96666666666665,,,67.0,69.0,85.0,55.0,23.64,0.0
4623,2025-03-17 13:45:00,64.98333333333333,2.119999999999997,0.0,17.5,83.58999999999999,63.57,0.0,73.99,44.60333333333333,74.0,0.0,70.0,0.0,73.97333333333334,,,67.0,69.0,85.0,55.0,23.05,0.0
4624,2025-03-17 14:00:00,65.69,2.119999999999997,0.0,18.33333333333333,82.47333333333334,63.57,0.0,73.99,42.51333333333333,74.0,0.0,70.0,0.0,74.06333333333333,,,67.0,69.0,85.0,55.0,23.279999999999998,0.0
4625,2025-03-17 14:15:00,64.27666666666666,2.119999999999997,0.0,18.0,82.15333333333334,63.57,0.0,73.99,42.28333333333333,74.0,0.0,70.0,0.0,74.04333333333334,,,67.0,69.0,85.0,55.0,21.59,0.0
4626,2025-03-17 14:30:00,64.98333333333333,0.0,0.0,17.833333333333332,81.53,63.57,0.0,73.99,40.91333333333333,74.0,0.0,70.0,0.0,74.08,,,67.0,69.0,85.0,55.0,21.25,0.0
4627,2025-03-17 14:45:00,64.27666666666666,2.119999999999997,0.0,17.5,81.07000000000001,63.57,0.0,73.99,39.903333333333336,74.0,0.0,70.0,0.0,74.10000000000001,,,67.0,69.0,85.0,55.0,19.749999999999996,0.0
4628,2025-03-17 15:00:00,64.27666666666666,0.0,0.0,17.166666666666668,80.52,63.57,0.0,73.99,38.95,74.0,0.0,70.0,0.0,74.1,,,67.0,69.0,85.0,55.0,19.419999999999995,0.0
4629,2025-03-17 15:15:00,64.27666666666666,-2.119999999999997,0.0,18.666666666666668,80.58666666666666,63.57,0.0,73.99,38.53666666666667,74.0,0.0,70.0,0.0,74.09333333333332,,,67.0,69.0,85.0,55.0,18.289999999999992,0.0
4630,2025-03-17 15:30:00,67.09666666666666,0.0,0.0,18.5,80.33,63.57,0.0,73.99,37.68666666666667,74.0,0.0,70.0,0.0,74.08,,,67.0,69.0,85.0,55.0,18.2,0.0
4631,2025-03-17 15:45:00,66.39333333333333,4.229999999999997,0.0,17.333333333333332,79.75333333333333,63.57,0.0,73.99,37.02666666666666,74.0,0.0,70.0,0.0,74.08666666666666,,,67.0,69.0,85.0,55.0,17.47,0.0
4632,2025-03-17 16:00:00,64.27666666666666,2.119999999999997,0.0,17.5,80.39333333333333,63.57,0.0,73.99,37.71666666666667,74.0,0.0,70.0,0.0,74.03666666666668,,,67.0,69.0,85.0,55.0,16.820000000000007,0.0
4633,2025-03-17 16:15:00,64.98333333333333,0.0,0.0,18.0,79.61666666666667,63.57,0.0,73.99,36.626666666666665,74.0,0.0,70.0,0.0,74.06,,,67.0,69.0,85.0,55.0,17.729999999999997,0.0
4634,2025-03-17 16:30:00,65.69,2.119999999999997,0.0,18.0,80.46333333333332,63.57,0.0,73.99,37.31666666666666,74.0,0.0,70.0,0.0,74.01666666666667,,,67.0,69.0,85.0,55.0,16.42,0.0
4635,2025-03-17 16:45:00,65.69,2.119999999999997,0.0,18.0,79.88,63.57,0.0,73.99,36.266666666666666,74.0,0.0,70.0,0.0,74.06,,,67.0,69.0,85.0,55.0,16.909999999999997,0.0
4636,2025-03-17 17:00:00,64.27666666666666,2.119999999999997,0.0,18.83333333333333,79.49,63.57,0.0,73.99,34.88333333333333,74.0,0.0,70.0,0.0,74.08666666666666,,,67.0,69.0,85.0,55.0,15.840000000000003,0.0
4637,2025-03-17 17:15:00,64.27666666666666,2.119999999999997,0.0,18.33333333333333,78.59,63.57,0.0,73.99,33.6,74.0,0.0,70.0,0.0,74.12,,,67.0,69.0,85.0,55.0,15.649999999999991,0.0
4638,2025-03-17 17:30:00,65.69,2.119999999999997,0.0,18.166666666666668,78.52333333333333,63.57,0.0,73.99,33.47666666666667,74.0,0.0,70.0,0.0,74.08333333333333,,,67.0,69.0,85.0,55.0,14.610000000000008,0.0
4639,2025-03-17 17:45:00,64.98,2.119999999999997,0.0,18.0,78.95,63.57,0.0,73.99,34.11,74.0,0.0,70.0,0.0,74.02333333333333,,,67.0,69.0,85.0,55.0,14.11,0.0
4640,2025-03-17 18:00:00,63.57,4.229999999999997,0.0,18.0,78.24666666666667,63.57,0.0,73.99,31.973333333333333,74.0,0.0,70.0,0.0,74.10000000000001,,,67.0,69.0,85.0,55.0,15.129999999999995,0.0
4641,2025-03-17 18:15:00,66.39,0.0,0.0,18.83333333333333,78.13666666666667,63.57,0.0,73.99,31.69333333333333,74.0,0.0,70.0,0.0,74.08333333333333,,,67.0,69.0,85.0,55.0,12.939999999999998,0.0
4642,2025-03-17 18:30:00,62.156666666666666,4.229999999999997,0.0,19.166666666666668,78.39333333333333,63.57,0.0,73.99,31.703333333333333,74.0,0.0,70.0,0.0,74.05666666666666,,,67.0,69.0,85.0,55.0,13.03,0.0
4643,2025-03-17 18:45:00,64.27666666666666,-2.119999999999997,0.0,19.0,78.66000000000001,63.57,0.0,73.99,32.45,74.0,0.0,70.0,0.0,74.01,,,67.0,69.0,85.0,55.0,13.38000000000001,0.0
4644,2025-03-17 19:00:00,65.68666666666667,0.0,0.0,18.666666666666668,78.63,63.57,0.0,73.99,31.453333333333333,74.0,0.0,70.0,0.0,74.03666666666668,,,67.0,69.0,85.0,55.0,13.670000000000002,0.0
4645,2025-03-17 19:15:00,64.27666666666666,0.0,0.0,19.0,78.09333333333335,63.57,0.0,73.99,30.286666666666665,74.0,0.0,70.0,0.0,74.07,,,67.0,69.0,85.0,55.0,12.200000000000005,0.0
4646,2025-03-17 19:30:00,64.98,2.119999999999997,0.0,17.833333333333332,78.56,63.57,0.0,73.99,31.03,74.0,0.0,70.0,0.0,74.02333333333333,,,67.0,69.0,85.0,55.0,12.079999999999998,0.0
4647,2025-03-17 19:45:00,64.27666666666666,4.229999999999997,0.0,17.5,78.17999999999999,63.57,0.0,73.99,29.73,74.0,0.0,70.0,0.0,74.07,,,67.0,69.0,85.0,55.0,11.86,0.0
4648,2025-03-17 20:00:00,64.98333333333333,0.0,0.0,17.5,78.72333333333334,63.57,0.0,73.99,30.473333333333333,74.0,0.0,70.0,0.0,74.01,,,67.0,69.0,85.0,55.0,11.340000000000003,0.0
4649,2025-03-17 20:15:00,64.27666666666666,2.119999999999997,0.0,17.5,78.06333333333333,63.57,0.0,73.99,29.15,74.0,0.0,70.0,0.0,74.06333333333333,,,67.0,69.0,85.0,55.0,12.120000000000005,0.0
4650,2025-03-17 20:30:00,65.68666666666667,2.119999999999997,0.0,19.33333333333333,73.65666666666668,63.57,0.0,73.99,30.016666666666666,74.0,0.0,70.0,0.0,73.99333333333334,,,67.0,69.0,85.0,55.0,10.200000000000005,0.0
4651,2025-03-17 20:45:00,65.68666666666667,2.119999999999997,0.0,18.5,75.46333333333334,63.57,0.0,73.99,40.11333333333334,74.0,0.0,70.0,0.0,73.57000000000001,,,67.0,69.0,85.0,55.0,13.620000000000005,0.0
4652,2025-03-17 21:00:00,63.57,0.0,0.0,17.5,78.63666666666667,63.57,0.0,73.99,44.27666666666666,74.0,0.0,70.0,0.0,73.53666666666668,,,67.0,69.0,85.0,55.0,19.14,0.0
4653,2025-03-17 21:15:00,64.27666666666666,2.119999999999997,0.0,17.0,79.51666666666667,63.57,0.0,73.99,45.54666666666666,74.0,0.0,70.0,0.0,73.61666666666666,,,67.0,69.0,85.0,55.0,21.510000000000005,0.0
4654,2025-03-17 21:30:00,64.98,2.119999999999997,0.0,17.166666666666668,80.66666666666667,63.57,0.0,73.99,47.10999999999999,74.0,0.0,70.0,0.0,73.67666666666666,,,67.0,69.0,85.0,55.0,22.5,0.0
4655,2025-03-17 21:45:00,64.27666666666666,0.0,0.0,16.0,80.85666666666667,63.57,0.0,73.99,47.51,74.0,0.0,70.0,0.0,73.76666666666667,,,67.0,69.0,85.0,55.0,23.48,0.0
4656,2025-03-17 22:00:00,65.69,2.119999999999997,0.0,15.0,81.03666666666668,63.57,0.0,73.99,47.946666666666665,74.0,0.0,70.0,0.0,73.81333333333333,,,67.0,69.0,85.0,55.0,23.510000000000005,0.0
4657,2025-03-17 22:15:00,63.57,2.119999999999997,0.0,14.833333333333334,81.60333333333334,63.57,0.0,73.99,48.84333333333333,74.0,0.0,70.0,0.0,73.83,,,67.0,69.0,85.0,55.0,23.81,0.0
4658,2025-03-17 22:30:00,65.68666666666667,0.0,0.0,16.666666666666668,80.71333333333332,63.57,0.0,73.99,47.14666666666667,74.0,0.0,70.0,0.0,73.95333333333333,,,67.0,69.0,85.0,55.0,24.489999999999995,0.0
4659,2025-03-17 22:45:00,64.98,4.229999999999997,0.0,16.166666666666668,81.06333333333333,63.57,0.0,73.99,48.99666666666667,74.0,0.0,70.0,0.0,73.88666666666667,,,67.0,69.0,85.0,55.0,24.129999999999995,0.0
4660,2025-03-17 23:00:00,64.27666666666666,4.229999999999997,0.0,15.833333333333334,81.94333333333334,63.57,0.0,73.99,49.74333333333334,74.0,0.0,70.0,0.0,73.89,,,67.0,69.0,85.0,55.0,25.37,0.0
4661,2025-03-17 23:15:00,64.98333333333333,0.0,0.0,14.666666666666666,81.26666666666667,63.57,0.0,73.99,49.78666666666667,74.0,0.0,70.0,0.0,73.92,,,67.0,69.0,85.0,55.0,25.660000000000004,0.0
4662,2025-03-17 23:30:00,65.68666666666667,2.119999999999997,0.0,14.166666666666666,84.34,63.57,0.0,73.99,52.10666666666666,74.0,0.0,70.0,0.0,73.83666666666666,,,67.0,69.0,85.0,55.0,25.499999999999996,0.0
4663,2025-03-17 23:45:00,62.86333333333334,0.0,0.0,14.166666666666666,89.65333333333332,63.57,0.0,73.99,50.04333333333333,74.0,0.0,70.0,0.0,73.99,,,67.0,69.0,85.0,55.0,22.78,0.0
4664,2025-03-18 00:00:00,64.27666666666666,-2.119999999999997,0.0,14.833333333333334,88.02,63.57,0.0,73.99,47.333333333333336,74.0,0.0,70.0,0.0,74.08666666666666,,,67.0,69.0,85.0,55.0,24.47,0.0
4665,2025-03-18 00:15:00,65.68666666666667,2.119999999999997,0.0,15.666666666666666,87.03333333333335,63.57,0.0,73.99,46.41666666666666,74.0,0.0,70.0,0.0,74.10000000000001,,,67.0,69.0,85.0,55.0,22.819999999999997,0.0
4666,2025-03-18 00:30:00,64.98333333333333,2.119999999999997,0.0,15.333333333333334,85.42,63.57,0.0,73.99,44.61333333333334,74.0,0.0,70.0,0.0,74.13333333333334,,,67.0,69.0,85.0,55.0,21.91,0.0
4667,2025-03-18 00:45:00,64.27666666666666,2.119999999999997,0.0,15.166666666666666,84.86333333333333,63.57,0.0,73.99,44.1,74.0,0.0,70.0,0.0,74.12,,,67.0,69.0,85.0,55.0,20.86,0.0
4668,2025-03-18 01:00:00,64.27666666666666,2.119999999999997,0.0,16.0,82.40333333333334,63.57,0.0,73.99,40.25333333333334,74.0,0.0,70.0,0.0,74.24333333333334,,,67.0,69.0,85.0,55.0,20.55000000000001,0.0
4669,2025-03-18 01:15:00,63.57,0.0,0.0,16.0,80.27666666666666,63.57,0.0,73.99,37.91333333333333,74.0,0.0,70.0,0.0,74.26,,,67.0,69.0,85.0,55.0,17.630000000000003,0.0
4670,2025-03-18 01:30:00,64.27666666666666,2.119999999999997,0.0,17.0,79.49666666666667,63.57,0.0,73.99,37.39,74.0,0.0,70.0,0.0,74.2,,,67.0,69.0,85.0,55.0,16.499999999999993,0.0
4671,2025-03-18 01:45:00,62.86333333333334,0.0,0.0,17.0,80.21,63.57,0.0,73.99,37.81333333333333,74.0,0.0,70.0,0.0,74.12,,,67.0,69.0,85.0,55.0,16.110000000000007,0.0
4672,2025-03-18 02:00:00,64.98333333333333,0.0,0.0,17.5,79.76666666666667,63.57,0.0,73.99,37.36333333333334,74.0,0.0,70.0,0.0,74.1,,,67.0,69.0,85.0,55.0,16.39,0.0
4673,2025-03-18 02:15:00,62.86333333333334,2.119999999999997,0.0,17.833333333333332,80.29,63.57,0.0,73.99,38.17,74.0,0.0,70.0,0.0,74.02666666666666,,,67.0,69.0,85.0,55.0,16.15,0.0
4674,2025-03-18 02:30:00,64.27666666666666,0.0,0.0,18.166666666666668,81.16333333333334,63.57,0.0,73.99,39.24666666666667,74.0,0.0,70.0,0.0,73.98,,,67.0,69.0,85.0,55.0,17.29999999999999,0.0
4675,2025-03-18 02:45:00,64.27666666666666,0.0,0.0,19.666666666666668,79.74666666666667,63.57,0.0,73.99,36.623333333333335,74.0,0.0,70.0,0.0,74.08,,,67.0,69.0,85.0,55.0,17.880000000000003,0.0
4676,2025-03-18 03:00:00,64.98,2.119999999999997,0.0,17.5,80.24000000000001,63.57,0.0,73.99,37.946666666666665,74.0,0.0,70.0,0.0,73.99666666666667,,,67.0,69.0,85.0,55.0,16.32,0.0
4677,2025-03-18 03:15:00,64.27666666666666,4.229999999999997,0.0,17.0,80.09333333333333,63.57,0.0,73.99,37.68666666666667,74.0,0.0,70.0,0.0,74.01,,,67.0,69.0,85.0,55.0,17.540000000000006,0.0
4678,2025-03-18 03:30:00,64.27666666666666,0.0,0.0,17.0,80.07333333333334,63.57,0.0,73.99,38.20333333333333,74.0,0.0,70.0,0.0,73.98333333333333,,,67.0,69.0,85.0,55.0,16.940000000000005,0.0
4679,2025-03-18 03:45:00,64.98,0.0,0.0,17.833333333333332,80.33999999999999,63.57,0.0,73.99,38.53666666666667,74.0,0.0,70.0,0.0,73.98,,,67.0,69.0,85.0,55.0,17.589999999999996,0.0
4680,2025-03-18 04:00:00,64.27666666666666,4.229999999999997,0.0,18.166666666666668,80.18,63.57,0.0,73.99,38.74,74.0,0.0,70.0,0.0,73.97333333333334,,,67.0,69.0,85.0,55.0,17.710000000000008,0.0
4681,2025-03-18 04:15:00,64.27666666666666,0.0,0.0,18.5,80.44333333333333,63.57,0.0,73.99,39.13666666666666,74.0,0.0,70.0,0.0,73.96,,,67.0,69.0,85.0,55.0,17.96,0.0
4682,2025-03-18 04:30:00,64.27333333333333,0.0,0.0,20.5,80.87,63.57,0.0,73.99,39.46666666666667,74.0,0.0,70.0,0.0,73.96,,,67.0,69.0,85.0,55.0,18.49,0.0
4683,2025-03-18 04:45:00,64.27666666666666,4.229999999999997,0.0,19.0,81.01666666666667,63.57,0.0,73.99,39.91333333333333,74.0,0.0,70.0,0.0,73.95333333333333,,,67.0,69.0,85.0,55.0,19.289999999999992,0.0
4684,2025-03-18 05:00:00,64.98333333333333,0.0,0.0,18.5,81.33333333333333,63.57,0.0,73.99,40.17333333333334,74.0,0.0,70.0,0.0,73.95333333333333,,,67.0,69.0,85.0,55.0,18.999999999999996,0.0
4685,2025-03-18 05:15:00,63.57,0.0,0.0,18.5,81.45666666666666,63.57,0.0,73.99,40.04,74.0,0.0,70.0,0.0,73.96666666666665,,,67.0,69.0,85.0,55.0,19.07,0.0
4686,2025-03-18 05:30:00,63.57,2.119999999999997,0.0,18.5,81.52333333333333,63.57,0.0,73.99,40.17333333333334,74.0,0.0,70.0,0.0,73.96666666666665,,,67.0,69.0,85.0,55.0,19.22,0.0
4687,2025-03-18 05:45:00,64.27333333333333,0.0,0.0,19.33333333333333,81.63333333333334,63.57,0.0,73.99,40.25,74.0,0.0,70.0,0.0,73.98,,,67.0,69.0,85.0,55.0,19.239999999999995,0.0
4688,2025-03-18 06:00:00,65.68666666666667,4.229999999999997,0.0,19.83333333333333,81.70666666666666,63.57,0.0,73.99,40.44,74.0,0.0,70.0,0.0,73.98,,,67.0,69.0,85.0,55.0,19.47,0.0
4689,2025-03-18 06:15:00,63.57,2.119999999999997,0.0,19.0,81.75333333333333,63.57,0.0,73.99,40.65,74.0,0.0,70.0,0.0,73.97333333333334,,,67.0,69.0,85.0,55.0,19.59,0.0
4690,2025-03-18 06:30:00,65.68666666666667,0.0,0.0,19.0,81.82000000000001,63.57,0.0,73.99,40.443333333333335,74.0,0.0,70.0,0.0,73.99000000000001,,,67.0,69.0,85.0,55.0,19.66,0.0
4691,2025-03-18 06:45:00,62.86333333333334,0.0,0.0,19.0,81.13333333333333,63.57,0.0,73.99,39.656666666666666,74.0,0.0,70.0,0.0,74.01,,,67.0,69.0,85.0,55.0,19.65000000000001,0.0
4692,2025-03-18 07:00:00,63.57,2.119999999999997,0.0,19.166666666666668,81.48666666666666,63.57,0.0,73.99,40.4,74.0,0.0,70.0,0.0,73.98333333333333,,,67.0,69.0,85.0,55.0,19.04,0.0
4693,2025-03-18 07:15:00,64.98333333333333,0.0,0.0,19.5,81.56,63.57,0.0,73.99,40.39333333333334,74.0,0.0,70.0,0.0,73.98333333333333,,,67.0,69.0,85.0,55.0,19.72,0.0
4694,2025-03-18 07:30:00,65.68666666666667,2.119999999999997,0.0,20.666666666666668,81.49,63.57,0.0,73.99,40.29666666666667,74.0,0.0,70.0,0.0,73.99000000000001,,,67.0,69.0,85.0,55.0,19.660000000000004,0.0
4695,2025-03-18 07:45:00,64.98333333333333,0.0,0.0,19.5,81.74000000000001,63.57,0.0,73.99,40.78,74.0,0.0,70.0,0.0,73.98,,,67.0,69.0,85.0,55.0,20.01,0.0
4696,2025-03-18 08:00:00,64.27666666666666,2.119999999999997,0.0,19.33333333333333,81.33666666666666,63.57,0.0,73.99,39.81666666666666,74.0,0.0,70.0,0.0,74.02666666666666,,,67.0,69.0,85.0,55.0,19.800000000000004,0.0
4697,2025-03-18 08:15:00,66.39333333333333,0.0,0.0,19.0,81.55333333333333,63.57,0.0,73.99,40.5,74.0,0.0,70.0,0.0,73.98333333333333,,,67.0,69.0,85.0,55.0,18.790000000000006,0.0
4698,2025-03-18 08:30:00,64.98333333333333,4.229999999999997,0.0,18.83333333333333,81.20666666666666,63.57,0.0,73.99,39.99333333333333,74.0,0.0,70.0,0.0,74.01666666666667,,,67.0,69.0,85.0,55.0,19.79,0.0
4699,2025-03-18 08:45:00,63.57,0.0,0.0,19.0,81.39999999999999,63.57,0.0,73.99,40.556666666666665,74.0,0.0,70.0,0.0,73.98333333333333,,,67.0,69.0,85.0,55.0,18.99,0.0
4700,2025-03-18 09:00:00,66.39333333333333,0.0,0.0,20.666666666666668,82.06333333333333,63.57,0.0,73.99,40.67666666666667,74.0,0.0,70.0,0.0,73.98333333333333,,,67.0,69.0,85.0,55.0,19.62,0.0
4701,2025-03-18 09:15:00,64.98333333333333,4.229999999999997,0.0,19.5,81.48333333333333,63.57,0.0,73.99,40.14,74.0,0.0,70.0,0.0,74.0,,,67.0,69.0,85.0,55.0,19.950000000000003,0.0
4702,2025-03-18 09:30:00,65.68666666666667,2.119999999999997,0.0,19.0,81.54,63.57,0.0,73.99,39.91,74.0,0.0,70.0,0.0,74.01,,,67.0,69.0,85.0,55.0,19.349999999999994,0.0
4703,2025-03-18 09:45:00,66.39333333333333,0.0,0.0,20.0,80.73,63.57,0.0,73.99,39.27666666666666,74.0,0.0,70.0,0.0,74.02,,,67.0,69.0,85.0,55.0,19.01,0.0
4704,2025-03-18 10:00:00,65.69,2.119999999999997,0.0,19.0,81.44666666666666,63.57,0.0,73.99,40.25666666666667,74.0,0.0,70.0,0.0,73.98,,,67.0,69.0,85.0,55.0,18.65,0.0
4705,2025-03-18 10:15:00,64.98333333333333,2.119999999999997,0.0,19.666666666666668,81.02,63.57,0.0,73.99,39.67333333333334,74.0,0.0,70.0,0.0,74.01333333333334,,,67.0,69.0,85.0,55.0,19.43,0.0
4706,2025-03-18 10:30:00,62.86333333333334,2.119999999999997,0.0,21.0,81.38,63.57,0.0,73.99,40.336666666666666,74.0,0.0,70.0,0.0,73.97333333333334,,,67.0,69.0,85.0,55.0,18.779999999999998,0.0
4707,2025-03-18 10:45:00,65.68666666666667,2.119999999999997,0.0,19.33333333333333,81.51333333333334,63.57,0.0,73.99,40.51,74.0,0.0,70.0,0.0,73.98,,,67.0,69.0,85.0,55.0,19.630000000000003,0.0
4708,2025-03-18 11:00:00,66.39333333333333,4.229999999999997,0.0,19.33333333333333,81.32000000000001,63.57,0.0,73.99,40.21,74.0,0.0,70.0,0.0,73.99666666666667,,,67.0,69.0,85.0,55.0,19.690000000000005,0.0
4709,2025-03-18 11:15:00,64.98333333333333,2.119999999999997,0.0,19.0,81.53,63.57,0.0,73.99,40.65,74.0,0.0,70.0,0.0,73.98,,,67.0,69.0,85.0,55.0,19.56,0.0
4710,2025-03-18 11:30:00,64.27666666666666,2.119999999999997,0.0,19.166666666666668,81.44666666666667,63.57,0.0,73.99,40.57666666666667,74.0,0.0,70.0,0.0,73.99000000000001,,,67.0,69.0,85.0,55.0,19.75999999999999,0.0
4711,2025-03-18 11:45:00,63.56999999999999,2.119999999999997,0.0,19.83333333333333,81.84333333333333,63.57,0.0,73.99,40.75,74.0,0.0,70.0,0.0,73.98,,,67.0,69.0,85.0,55.0,19.22,0.0
4712,2025-03-18 12:00:00,62.86333333333334,-2.119999999999997,0.0,20.5,81.17666666666666,63.57,0.0,73.99,39.41,74.0,0.0,70.0,0.0,74.04333333333334,,,67.0,69.0,85.0,55.0,19.98,0.0
4713,2025-03-18 12:15:00,66.39333333333333,-2.119999999999997,0.0,20.666666666666668,81.24666666666666,63.57,0.0,73.99,39.91666666666666,74.0,0.0,70.0,0.0,74.00666666666667,,,67.0,69.0,85.0,55.0,18.71,0.0
4714,2025-03-18 12:30:00,64.98333333333333,2.119999999999997,0.0,19.166666666666668,80.94666666666666,63.57,0.0,73.99,38.56666666666667,74.0,0.0,70.0,0.0,74.06,,,67.0,69.0,85.0,55.0,19.11999999999999,0.0
4715,2025-03-18 12:45:00,64.98333333333333,2.119999999999997,0.0,18.83333333333333,80.42666666666666,63.57,0.0,73.99,37.47666666666667,74.0,0.0,70.0,0.0,74.08333333333333,,,67.0,69.0,85.0,55.0,17.36,0.0
4716,2025-03-18 13:00:00,64.98333333333333,0.0,0.0,18.33333333333333,80.3,63.57,0.0,73.99,36.56666666666667,74.0,0.0,70.0,0.0,74.08666666666666,,,67.0,69.0,85.0,55.0,16.27000000000001,0.0
4717,2025-03-18 13:15:00,64.27333333333333,2.119999999999997,0.0,17.666666666666668,82.18333333333334,63.57,0.0,73.99,38.836666666666666,74.0,0.0,70.0,0.0,73.98,,,67.0,69.0,85.0,55.0,14.909999999999997,0.0
4718,2025-03-18 13:30:00,63.57,0.0,0.0,18.0,82.95333333333333,63.57,0.0,73.99,39.02666666666667,74.0,0.0,70.0,0.0,73.97333333333334,,,67.0,69.0,85.0,55.0,16.599999999999994,0.0
4719,2025-03-18 13:45:00,63.57,0.0,0.0,20.0,80.10333333333334,63.57,0.0,73.99,37.51,74.0,0.0,70.0,0.0,74.04333333333334,,,67.0,69.0,85.0,55.0,16.50999999999999,0.0
4720,2025-03-18 14:00:00,64.98,0.0,0.0,19.83333333333333,82.14666666666666,63.57,0.0,73.99,42.75333333333333,74.0,0.0,70.0,0.0,73.80333333333333,,,67.0,69.0,85.0,55.0,19.340000000000003,0.0
4721,2025-03-18 14:15:00,64.98333333333333,0.0,0.0,21.666666666666668,80.6,63.57,0.0,73.99,43.69,74.0,0.0,70.0,0.0,73.82333333333334,,,67.0,69.0,85.0,55.0,25.830000000000005,0.0
4722,2025-03-18 14:30:00,64.98333333333333,0.0,0.0,20.166666666666668,80.88666666666667,63.57,0.0,73.99,46.28,74.0,0.0,70.0,0.0,73.76333333333334,,,67.0,69.0,85.0,55.0,22.139999999999997,0.0
4723,2025-03-18 14:45:00,63.57,0.0,0.0,19.5,82.59666666666666,63.57,0.0,73.99,47.43,74.0,0.0,70.0,0.0,73.79,,,67.0,69.0,85.0,55.0,23.160000000000004,0.0
4724,2025-03-18 15:00:00,65.69,0.0,0.0,19.0,83.46666666666665,63.57,0.0,73.99,47.88333333333333,74.0,0.0,70.0,0.0,73.83666666666666,,,67.0,69.0,85.0,55.0,23.2,0.0
4725,2025-03-18 15:15:00,64.98333333333333,2.119999999999997,0.0,18.5,83.47333333333334,63.57,0.0,73.99,47.446666666666665,74.0,0.0,70.0,0.0,73.90333333333334,,,67.0,69.0,85.0,55.0,23.65,0.0
4726,2025-03-18 15:30:00,65.68666666666667,2.119999999999997,0.0,21.166666666666668,83.07333333333334,63.57,0.0,73.99,45.06666666666666,74.0,0.0,70.0,0.0,74.03666666666666,,,67.0,69.0,85.0,55.0,23.290000000000006,0.0
4727,2025-03-18 15:45:00,65.68666666666667,0.0,0.0,19.5,82.25,63.57,0.0,73.99,45.796666666666674,74.0,0.0,70.0,0.0,73.99,,,67.0,69.0,85.0,55.0,21.620000000000005,0.0
4728,2025-03-18 16:00:00,64.27666666666666,4.229999999999997,0.0,18.666666666666668,83.22333333333333,63.57,0.0,73.99,46.54666666666666,74.0,0.0,70.0,0.0,73.96666666666667,,,67.0,69.0,85.0,55.0,22.120000000000005,0.0
4729,2025-03-18 16:15:00,63.57,2.119999999999997,0.0,18.0,83.18666666666667,63.57,0.0,73.99,46.51333333333334,74.0,0.0,70.0,0.0,73.97333333333334,,,67.0,69.0,85.0,55.0,22.489999999999995,0.0
4730,2025-03-18 16:30:00,65.68666666666667,0.0,0.0,17.166666666666668,83.37333333333333,63.57,0.0,73.99,46.74,74.0,0.0,70.0,0.0,73.98,,,67.0,69.0,85.0,55.0,22.09,0.0
4731,2025-03-18 16:45:00,64.27666666666666,0.0,0.0,18.33333333333333,82.42,63.57,0.0,73.99,44.303333333333335,74.0,0.0,70.0,0.0,74.07,,,67.0,69.0,85.0,55.0,21.98,0.0
4732,2025-03-18 17:00:00,64.98,0.0,0.0,17.5,81.88,63.57,0.0,73.99,43.623333333333335,74.0,0.0,70.0,0.0,74.08,,,67.0,69.0,85.0,55.0,19.8,0.0
4733,2025-03-18 17:15:00,64.27666666666666,0.0,0.0,16.666666666666668,81.61333333333333,63.57,0.0,73.99,42.46333333333333,74.0,0.0,70.0,0.0,74.10666666666667,,,67.0,69.0,85.0,55.0,18.74,0.0
4734,2025-03-18 17:30:00,64.27666666666666,2.119999999999997,0.0,16.5,81.10333333333334,63.57,0.0,73.99,41.46333333333334,74.0,0.0,70.0,0.0,74.1,,,67.0,69.0,85.0,55.0,18.37,0.0
4735,2025-03-18 17:45:00,64.98333333333333,2.119999999999997,0.0,16.0,80.91000000000001,63.57,0.0,73.99,40.696666666666665,74.0,0.0,70.0,0.0,74.10666666666667,,,67.0,69.0,85.0,55.0,17.36,0.0
4736,2025-03-18 18:00:00,64.98333333333333,2.119999999999997,0.0,16.166666666666668,80.27,63.57,0.0,73.99,39.79333333333333,74.0,0.0,70.0,0.0,74.11333333333333,,,67.0,69.0,85.0,55.0,16.61,0.0
4737,2025-03-18 18:15:00,64.27666666666666,0.0,0.0,16.333333333333332,79.66333333333334,63.57,0.0,73.99,39.47666666666667,74.0,0.0,70.0,0.0,74.08333333333333,,,67.0,69.0,85.0,55.0,16.32,0.0
4738,2025-03-18 18:30:00,64.27666666666666,-2.119999999999997,0.0,17.666666666666668,79.07666666666667,63.57,0.0,73.99,39.306666666666665,74.0,0.0,70.0,0.0,74.06333333333333,,,67.0,69.0,85.0,55.0,16.47,0.0
4739,2025-03-18 18:45:00,65.68666666666667,2.119999999999997,0.0,16.5,80.13,63.57,0.0,73.99,40.62,74.0,0.0,70.0,0.0,73.99333333333334,,,67.0,69.0,85.0,55.0,16.160000000000004,0.0
4740,2025-03-18 19:00:00,64.98,0.0,0.0,16.0,78.90666666666667,63.57,0.0,73.99,38.59666666666666,74.0,0.0,70.0,0.0,74.07666666666667,,,67.0,69.0,85.0,55.0,17.159999999999997,0.0
4741,2025-03-18 19:15:00,64.27666666666666,4.229999999999997,0.0,16.0,78.92333333333333,63.57,0.0,73.99,38.876666666666665,74.0,0.0,70.0,0.0,74.04333333333334,,,67.0,69.0,85.0,55.0,15.36,0.0
4742,2025-03-18 19:30:00,63.57,0.0,0.0,15.666666666666666,78.66666666666667,63.57,0.0,73.99,37.82666666666666,74.0,0.0,70.0,0.0,74.06666666666666,,,67.0,69.0,85.0,55.0,15.360000000000008,0.0
4743,2025-03-18 19:45:00,64.98333333333333,0.0,0.0,15.5,78.08333333333333,63.57,0.0,73.99,37.85666666666666,74.0,0.0,70.0,0.0,74.03666666666668,,,67.0,69.0,85.0,55.0,15.110000000000008,0.0
4744,2025-03-18 20:00:00,62.86333333333334,2.119999999999997,0.0,15.5,78.55333333333333,63.57,0.0,73.99,37.96666666666667,74.0,0.0,70.0,0.0,74.02999999999999,,,67.0,69.0,85.0,55.0,15.159999999999997,0.0
4745,2025-03-18 20:15:00,64.98333333333333,0.0,0.0,15.833333333333334,77.63333333333333,63.57,0.0,73.99,36.21,74.0,0.0,70.0,0.0,74.08666666666666,,,67.0,69.0,85.0,55.0,14.799999999999995,0.0
4746,2025-03-18 20:30:00,64.98333333333333,2.119999999999997,0.0,17.166666666666668,78.16000000000001,63.57,0.0,73.99,37.336666666666666,74.0,0.0,70.0,0.0,74.00333333333333,,,67.0,69.0,85.0,55.0,13.93,0.0
4747,2025-03-18 20:45:00,64.98333333333333,0.0,0.0,17.5,77.60666666666667,63.57,0.0,73.99,35.49333333333333,74.0,0.0,70.0,0.0,74.07666666666667,,,67.0,69.0,85.0,55.0,14.630000000000004,0.0
4748,2025-03-18 21:00:00,64.27666666666666,2.119999999999997,0.0,18.0,77.44333333333333,63.57,0.0,73.99,36.85333333333333,74.0,0.0,70.0,0.0,73.99,,,67.0,69.0,85.0,55.0,14.340000000000003,0.0
4749,2025-03-18 21:15:00,67.09666666666666,0.0,0.0,19.0,74.66666666666667,63.57,0.0,73.99,37.73333333333333,74.0,0.0,70.0,0.0,73.94666666666666,,,67.0,69.0,85.0,55.0,14.700000000000005,0.0
4750,2025-03-18 21:30:00,64.98,4.229999999999997,0.0,17.166666666666668,76.13666666666667,63.57,0.0,73.99,47.03666666666667,74.0,0.0,70.0,0.0,73.57666666666667,,,67.0,69.0,85.0,55.0,18.26,0.0
4751,2025-03-18 21:45:00,63.57,2.119999999999997,0.0,16.166666666666668,79.36,63.57,0.0,73.99,51.39000000000001,74.0,0.0,70.0,0.0,73.52333333333333,,,67.0,69.0,85.0,55.0,24.54,0.0
4752,2025-03-18 22:00:00,63.57,-2.119999999999997,0.0,18.0,79.98666666666666,63.57,0.0,73.99,51.77,74.0,0.0,70.0,0.0,73.65,,,67.0,69.0,85.0,55.0,27.22,0.0
4753,2025-03-18 22:15:00,65.68666666666667,0.0,0.0,16.0,81.05,63.57,0.0,73.99,54.336666666666666,74.0,0.0,70.0,0.0,73.65666666666668,,,67.0,69.0,85.0,55.0,27.75,0.0
4754,2025-03-18 22:30:00,65.68666666666667,4.229999999999997,0.0,14.5,84.39333333333333,63.57,0.0,73.99,54.296666666666674,74.0,0.0,70.0,0.0,73.77,,,67.0,69.0,85.0,55.0,29.870000000000005,0.0
4755,2025-03-18 22:45:00,67.09666666666666,2.119999999999997,0.0,13.166666666666666,81.75666666666666,63.57,0.0,73.99,51.13666666666666,74.0,0.0,70.0,0.0,73.97333333333334,,,67.0,69.0,85.0,55.0,25.709999999999997,0.0
4756,2025-03-18 23:00:00,64.98333333333333,4.229999999999997,0.0,13.0,79.62333333333333,63.57,0.0,73.99,52.59333333333333,74.0,0.0,70.0,0.0,73.90666666666668,,,67.0,69.0,85.0,55.0,27.02,0.0
4757,2025-03-18 23:15:00,62.86333333333334,0.0,0.0,14.0,81.06,63.57,0.0,73.99,54.423333333333325,74.0,0.0,70.0,0.0,73.85666666666667,,,67.0,69.0,85.0,55.0,27.800000000000004,0.0
4758,2025-03-18 23:30:00,66.39333333333333,0.0,0.0,14.666666666666666,86.28333333333335,63.57,0.0,73.99,53.26333333333333,74.0,0.0,70.0,0.0,73.96,,,67.0,69.0,85.0,55.0,22.24,0.0
4759,2025-03-18 23:45:00,64.27666666666666,2.119999999999997,0.0,13.166666666666666,84.92999999999999,63.57,0.0,73.99,50.25666666666666,74.0,0.0,70.0,0.0,74.09333333333332,,,67.0,69.0,85.0,55.0,26.21999999999999,0.0
4760,2025-03-19 00:00:00,63.57,0.0,0.0,14.0,84.43,63.57,0.0,73.99,49.68,74.0,0.0,70.0,0.0,74.07666666666667,,,67.0,69.0,85.0,55.0,24.55,0.0
4761,2025-03-19 00:15:00,64.27666666666666,2.119999999999997,0.0,15.5,83.5,63.57,0.0,73.99,48.77,74.0,0.0,70.0,0.0,74.09333333333332,,,67.0,69.0,85.0,55.0,24.770000000000003,0.0
4762,2025-03-19 00:30:00,64.98,0.0,0.0,16.166666666666668,83.15666666666665,63.57,0.0,73.99,48.76,74.0,0.0,70.0,0.0,74.06,,,67.0,69.0,85.0,55.0,23.74,0.0
4763,2025-03-19 00:45:00,64.27666666666666,0.0,0.0,16.5,83.52333333333333,63.57,0.0,73.99,48.71,74.0,0.0,70.0,0.0,74.04666666666667,,,67.0,69.0,85.0,55.0,23.809999999999995,0.0
4764,2025-03-19 01:00:00,64.98333333333333,0.0,0.0,17.0,82.26,63.57,0.0,73.99,47.38666666666666,74.0,0.0,70.0,0.0,74.08333333333333,,,67.0,69.0,85.0,55.0,23.580000000000005,0.0
4765,2025-03-19 01:15:00,64.98333333333333,0.0,0.0,16.666666666666668,83.41666666666667,63.57,0.0,73.99,49.373333333333335,74.0,0.0,70.0,0.0,73.98333333333333,,,67.0,69.0,85.0,55.0,23.010000000000005,0.0
4766,2025-03-19 01:30:00,67.09666666666666,2.119999999999997,0.0,16.0,81.94333333333333,63.57,0.0,73.99,47.38333333333333,74.0,0.0,70.0,0.0,74.06333333333333,,,67.0,69.0,85.0,55.0,24.29,0.0
4767,2025-03-19 01:45:00,63.57,4.229999999999997,0.0,16.333333333333332,83.23333333333333,63.57,0.0,73.99,48.47,74.0,0.0,70.0,0.0,73.99666666666667,,,67.0,69.0,85.0,55.0,22.49,0.0
4768,2025-03-19 02:00:00,63.57,0.0,0.0,17.166666666666668,82.71666666666667,63.57,0.0,73.99,47.77666666666666,74.0,0.0,70.0,0.0,74.03666666666668,,,67.0,69.0,85.0,55.0,24.49000000000001,0.0
4769,2025-03-19 02:15:00,64.98333333333333,0.0,0.0,16.833333333333332,83.13,63.57,0.0,73.99,48.71,74.0,0.0,70.0,0.0,73.98,,,67.0,69.0,85.0,55.0,23.129999999999995,0.0
4770,2025-03-19 02:30:00,64.98333333333333,0.0,0.0,16.0,83.12666666666667,63.57,0.0,73.99,48.28,74.0,0.0,70.0,0.0,73.98666666666666,,,67.0,69.0,85.0,55.0,24.06,0.0
4771,2025-03-19 02:45:00,64.27666666666666,2.119999999999997,0.0,15.833333333333334,83.05333333333333,63.57,0.0,73.99,48.373333333333335,74.0,0.0,70.0,0.0,73.99000000000001,,,67.0,69.0,85.0,55.0,23.78,0.0
4772,2025-03-19 03:00:00,64.27666666666666,2.119999999999997,0.0,16.333333333333332,83.94333333333333,63.57,0.0,73.99,49.14666666666667,74.0,0.0,70.0,0.0,73.96,,,67.0,69.0,85.0,55.0,24.06,0.0
4773,2025-03-19 03:15:00,64.27666666666666,0.0,0.0,17.5,83.98333333333333,63.57,0.0,73.99,49.35999999999999,74.0,0.0,70.0,0.0,73.96,,,67.0,69.0,85.0,55.0,24.85,0.0
4774,2025-03-19 03:30:00,64.98333333333333,0.0,0.0,17.5,84.33333333333333,63.57,0.0,73.99,50.22666666666667,74.0,0.0,70.0,0.0,73.94,,,67.0,69.0,85.0,55.0,25.120000000000005,0.0
4775,2025-03-19 03:45:00,65.68666666666667,2.119999999999997,0.0,17.166666666666668,84.18333333333334,63.57,0.0,73.99,49.95666666666667,74.0,0.0,70.0,0.0,73.96666666666667,,,67.0,69.0,85.0,55.0,25.65,0.0
4776,2025-03-19 04:00:00,66.39333333333333,2.119999999999997,0.0,16.666666666666668,84.14666666666666,63.57,0.0,73.99,50.32666666666666,74.0,0.0,70.0,0.0,73.96666666666665,,,67.0,69.0,85.0,55.0,25.23,0.0
4777,2025-03-19 04:15:00,63.57,2.119999999999997,0.0,16.5,85.54,63.57,0.0,73.99,50.95333333333334,74.0,0.0,70.0,0.0,73.94,,,67.0,69.0,85.0,55.0,24.51,0.0
4778,2025-03-19 04:30:00,65.68666666666667,0.0,0.0,16.5,85.31333333333333,63.57,0.0,73.99,50.7,74.0,0.0,70.0,0.0,73.96666666666665,,,67.0,69.0,85.0,55.0,25.72000000000001,0.0
4779,2025-03-19 04:45:00,64.27666666666666,4.229999999999997,0.0,16.5,85.77,63.57,0.0,73.99,51.31333333333333,74.0,0.0,70.0,0.0,73.94666666666666,,,67.0,69.0,85.0,55.0,25.520000000000003,0.0
4780,2025-03-19 05:00:00,63.57,0.0,0.0,16.666666666666668,85.88,63.57,0.0,73.99,51.14333333333334,74.0,0.0,70.0,0.0,73.97333333333334,,,67.0,69.0,85.0,55.0,26.249999999999996,0.0
4781,2025-03-19 05:15:00,67.09666666666666,0.0,0.0,18.0,86.06666666666666,63.57,0.0,73.99,51.51,74.0,0.0,70.0,0.0,73.96666666666665,,,67.0,69.0,85.0,55.0,26.28,0.0
4782,2025-03-19 05:30:00,64.27666666666666,4.229999999999997,0.0,18.0,86.07333333333334,63.57,0.0,73.99,51.66333333333333,74.0,0.0,70.0,0.0,73.96666666666667,,,67.0,69.0,85.0,55.0,26.599999999999994,0.0
4783,2025-03-19 05:45:00,64.98333333333333,2.119999999999997,0.0,17.666666666666668,86.06666666666666,63.57,0.0,73.99,51.70666666666667,74.0,0.0,70.0,0.0,73.97333333333334,,,67.0,69.0,85.0,55.0,26.54,0.0
4784,2025-03-19 06:00:00,67.09666666666666,2.119999999999997,0.0,16.833333333333332,86.15666666666668,63.57,0.0,73.99,51.93666666666667,74.0,0.0,70.0,0.0,73.97333333333334,,,67.0,69.0,85.0,55.0,26.54,0.0
4785,2025-03-19 06:15:00,65.69,2.119999999999997,0.0,16.5,85.00666666666666,63.57,0.0,73.99,50.44,74.0,0.0,70.0,0.0,74.03666666666668,,,67.0,69.0,85.0,55.0,26.81,0.0
4786,2025-03-19 06:30:00,64.27666666666666,2.119999999999997,0.0,16.5,85.70333333333333,63.57,0.0,73.99,51.60333333333333,74.0,0.0,70.0,0.0,73.97333333333334,,,67.0,69.0,85.0,55.0,25.89999999999999,0.0
4787,2025-03-19 06:45:00,64.98333333333333,0.0,0.0,16.833333333333332,84.85000000000001,63.57,0.0,73.99,49.93,74.0,0.0,70.0,0.0,74.05,,,67.0,69.0,85.0,55.0,26.760000000000005,0.0
4788,2025-03-19 07:00:00,63.57,2.119999999999997,0.0,17.666666666666668,85.32666666666667,63.57,0.0,73.99,50.98666666666667,74.0,0.0,70.0,0.0,73.99000000000001,,,67.0,69.0,85.0,55.0,25.429999999999996,0.0
4789,2025-03-19 07:15:00,64.98333333333333,2.119999999999997,0.0,18.0,85.29333333333334,63.57,0.0,73.99,50.63,74.0,0.0,70.0,0.0,74.00666666666666,,,67.0,69.0,85.0,55.0,26.46999999999999,0.0
4790,2025-03-19 07:30:00,64.98,0.0,0.0,18.0,84.49333333333334,63.57,0.0,73.99,50.376666666666665,74.0,0.0,70.0,0.0,74.01333333333334,,,67.0,69.0,85.0,55.0,25.8,0.0
4791,2025-03-19 07:45:00,63.57,-2.119999999999997,0.0,18.0,85.39333333333333,63.57,0.0,73.99,51.11333333333334,74.0,0.0,70.0,0.0,73.98,,,67.0,69.0,85.0,55.0,25.910000000000004,0.0
4792,2025-03-19 08:00:00,65.69,0.0,0.0,18.5,84.54,63.57,0.0,73.99,49.60999999999999,74.0,0.0,70.0,0.0,74.05,,,67.0,69.0,85.0,55.0,26.67,0.0
4793,2025-03-19 08:15:00,64.98333333333333,2.119999999999997,0.0,18.666666666666668,85.39333333333333,63.57,0.0,73.99,51.11666666666667,74.0,0.0,70.0,0.0,73.98,,,67.0,69.0,85.0,55.0,25.92000000000001,0.0
4794,2025-03-19 08:30:00,65.68666666666667,2.119999999999997,0.0,19.0,84.76666666666667,63.57,0.0,73.99,49.92666666666667,74.0,0.0,70.0,0.0,74.04,,,67.0,69.0,85.0,55.0,27.050000000000004,0.0
4795,2025-03-19 08:45:00,63.57,0.0,0.0,20.33333333333333,85.19,63.57,0.0,73.99,50.14000000000001,74.0,0.0,70.0,0.0,74.00666666666666,,,67.0,69.0,85.0,55.0,25.62,0.0
4796,2025-03-19 09:00:00,64.27666666666666,0.0,0.0,21.33333333333333,86.21,63.57,0.0,73.99,50.61333333333334,74.0,0.0,70.0,0.0,73.99000000000001,,,67.0,69.0,85.0,55.0,27.080000000000005,0.0
4797,2025-03-19 09:15:00,63.57,0.0,0.0,21.166666666666668,84.93,63.57,0.0,73.99,49.17333333333334,74.0,0.0,70.0,0.0,74.04333333333334,,,67.0,69.0,85.0,55.0,27.919999999999995,0.0
4798,2025-03-19 09:30:00,64.27666666666666,0.0,0.0,20.166666666666668,85.63999999999999,63.57,0.0,73.99,50.65,74.0,0.0,70.0,0.0,73.97333333333334,,,67.0,69.0,85.0,55.0,26.65,0.0
4799,2025-03-19 09:45:00,63.57,0.0,0.0,20.75,83.985,63.57,0.0,73.99,47.900000000000006,74.0,0.0,70.0,0.0,74.085,,,67.0,69.0,85.0,55.0,27.43999999999999,0.0
4800,2025-03-19 10:00:00,64.98333333333333,2.119999999999997,0.0,19.166666666666668,83.18333333333334,63.57,0.0,73.99,47.98,74.0,0.0,70.0,0.0,74.05333333333333,,,67.0,69.0,85.0,55.0,25.18,0.0
4801,2025-03-19 10:15:00,64.98333333333333,2.119999999999997,0.0,20.166666666666668,82.97666666666667,63.57,0.0,73.99,46.95,74.0,0.0,70.0,0.0,74.07666666666667,,,67.0,69.0,85.0,55.0,24.540000000000006,0.0
4802,2025-03-19 10:30:00,65.69,2.119999999999997,0.0,20.33333333333333,83.20333333333333,63.57,0.0,73.99,47.89333333333334,74.0,0.0,70.0,0.0,74.01,,,67.0,69.0,85.0,55.0,24.360000000000007,0.0
4803,2025-03-19 10:45:00,63.57,2.119999999999997,0.0,20.33333333333333,83.94333333333334,63.57,0.0,73.99,48.65333333333333,74.0,0.0,70.0,0.0,73.98,,,67.0,69.0,85.0,55.0,25.889999999999997,0.0
4804,2025-03-19 11:00:00,66.39333333333333,0.0,0.0,21.33333333333333,83.48666666666666,63.57,0.0,73.99,48.68,74.0,0.0,70.0,0.0,73.98,,,67.0,69.0,85.0,55.0,25.9,0.0
4805,2025-03-19 11:15:00,64.98,2.119999999999997,0.0,20.83333333333333,83.83999999999999,63.57,0.0,73.99,49.086666666666666,74.0,0.0,70.0,0.0,73.97333333333334,,,67.0,69.0,85.0,55.0,25.69,0.0
4806,2025-03-19 11:30:00,67.10000000000001,0.0,0.0,18.5,88.08666666666666,63.57,0.0,73.99,48.45,74.0,0.0,70.0,0.0,74.01333333333334,,,67.0,69.0,85.0,55.0,25.74,0.0
4807,2025-03-19 11:45:00,63.57,6.350000000000001,0.0,18.166666666666668,82.14,63.57,0.0,73.99,46.23,74.0,0.0,70.0,0.0,74.07666666666667,,,67.0,69.0,85.0,55.0,31.42,0.0
4808,2025-03-19 12:00:00,64.27666666666666,0.0,0.0,19.5,82.58,63.57,0.0,73.99,47.92,74.0,0.0,70.0,0.0,73.99333333333334,,,67.0,69.0,85.0,55.0,23.97,0.0
4809,2025-03-19 12:15:00,65.69,0.0,0.0,17.5,86.54,63.57,0.0,73.99,45.89000000000001,74.0,0.0,70.0,0.0,74.07666666666667,,,67.0,69.0,85.0,55.0,16.379999999999995,0.0
4810,2025-03-19 12:30:00,63.57,2.119999999999997,0.0,18.666666666666668,80.92,63.57,0.0,73.99,45.13333333333333,74.0,0.0,70.0,0.0,74.08333333333333,,,67.0,69.0,85.0,55.0,25.78000000000001,0.0
4811,2025-03-19 12:45:00,65.68666666666667,-2.119999999999997,0.0,19.83333333333333,82.13333333333333,63.57,0.0,73.99,47.01333333333334,74.0,0.0,70.0,0.0,73.98,,,67.0,69.0,85.0,55.0,23.080000000000005,0.0
4812,2025-03-19 13:00:00,64.98333333333333,2.119999999999997,0.0,18.666666666666668,82.37333333333333,63.57,0.0,73.99,47.156666666666666,74.0,0.0,70.0,0.0,73.98,,,67.0,69.0,85.0,55.0,23.569999999999997,0.0
4813,2025-03-19 13:15:00,67.8,,0.0,18.5,82.08666666666667,63.57,0.0,73.99,46.41333333333333,74.0,0.0,70.0,0.0,74.01333333333334,,,67.0,69.0,85.0,55.0,,
4814,2025-03-19 13:30:00,64.98333333333333,4.229999999999997,0.0,17.0,82.34333333333333,63.57,0.0,73.99,47.16,74.0,0.0,70.0,0.0,73.98,,,67.0,69.0,85.0,55.0,22.250000000000007,0.0
4815,2025-03-19 13:45:00,64.27666666666666,0.0,0.0,17.0,82.24000000000001,63.57,0.0,73.99,47.25666666666667,74.0,0.0,70.0,0.0,73.98333333333333,,,67.0,69.0,85.0,55.0,23.180000000000007,0.0
